largest_clade_D_1	largest_clade_D_2	largest_clade_D_3	largest_clade_R_1	largest_clade_R_2	largest_clade_R_3	n_singletons_D	n_singletons_R	D_coals_pre	R_coals_pre	D_coals_peri	R_coals_peri	R_max_coals_in_single_clade
10	5	5	66	23	13	108	62	20	64	0	47	32
20	6	5	57	14	4	98	86	30	34	1	52	33
15	11	3	30	15	13	99	65	29	24	0	68	20
14	4	3	60	14	5	107	62	20	48	2	53	28
9	7	6	52	18	7	90	68	29	73	3	28	15
8	4	2	47	16	6	104	79	19	35	0	55	26
7	5	4	30	26	14	103	60	19	46	1	60	14
12	10	3	62	15	12	95	85	26	72	1	24	19
8	6	6	58	15	7	102	72	25	43	1	53	22
27	10	5	57	13	8	87	73	40	60	1	40	18
24	12	11	63	18	11	70	57	51	35	2	65	29
13	12	8	62	42	7	83	55	40	78	1	43	19
12	8	3	49	23	3	101	79	21	49	3	37	16
13	3	2	86	13	5	110	64	17	75	1	36	21
29	5	4	49	14	9	88	79	33	46	5	39	27
15	8	5	66	11	10	104	80	27	48	1	47	29
26	3	2	81	11	5	95	80	32	63	0	36	28
9	8	4	47	21	13	105	57	24	75	0	35	19
14	7	7	30	29	16	96	64	30	46	1	50	13
16	8	7	84	9	4	90	72	35	63	1	38	28
6	6	2	45	16	6	102	74	19	38	0	46	21
18	9	3	78	9	4	101	73	28	53	1	45	31
14	12	2	71	18	3	106	87	25	61	1	32	20
14	6	5	70	7	6	100	91	26	43	2	40	30
8	7	4	59	50	8	105	55	19	74	3	44	27
17	5	4	71	7	5	103	88	26	51	1	38	30
6	6	2	63	36	4	108	58	16	78	1	40	15
17	15	7	49	26	12	94	76	38	66	0	35	17
17	12	3	59	45	4	100	68	30	67	1	43	20
31	12	3	38	17	12	81	61	43	32	3	67	26
27	15	5	74	29	6	76	54	46	81	4	38	25
21	7	2	53	26	4	98	94	28	56	1	30	18
13	7	5	74	12	8	93	55	29	72	4	44	23
16	4	4	49	23	6	100	91	26	51	2	29	18
6	3	2	39	28	7	121	61	9	33	0	61	26
6	4	3	33	26	15	119	66	12	32	0	65	17
26	4	4	78	9	6	89	73	37	74	0	29	21
9	3	3	41	12	9	111	58	17	26	0	70	24
31	6	3	88	12	7	84	69	41	71	2	38	31
23	3	3	48	11	9	103	94	28	45	0	37	26
12	11	3	29	22	15	104	85	24	30	1	48	18
16	5	3	56	12	4	108	82	20	42	3	44	30
14	6	3	56	40	5	98	58	20	64	2	45	22
18	11	5	52	28	9	102	69	28	51	3	54	31
8	7	4	44	41	16	103	53	21	64	0	50	19
10	6	4	35	29	4	102	73	24	35	0	55	17
27	13	5	41	35	20	74	62	51	84	1	33	18
24	8	8	68	19	17	78	56	40	96	1	18	13
15	6	2	39	9	9	107	83	20	19	0	59	27
4	4	3	33	15	14	115	76	12	45	0	46	17
12	7	4	36	32	13	107	57	22	41	1	61	24
12	11	4	38	17	10	83	59	33	37	3	64	20
10	5	5	54	29	7	108	60	17	42	2	62	24
13	6	3	40	13	7	104	85	20	45	3	34	19
4	3	3	35	20	14	113	47	13	32	1	74	16
10	4	3	43	11	10	108	87	16	34	3	42	24
28	6	5	52	22	4	93	89	35	32	1	51	22
26	8	5	36	30	13	85	59	40	39	0	60	19
11	8	6	38	22	14	101	73	25	61	2	39	11
11	7	2	47	23	4	112	89	17	52	1	31	19
15	9	3	31	30	5	102	65	24	38	1	54	16
14	12	4	40	21	10	100	62	28	37	1	64	19
13	12	10	84	10	7	90	41	36	91	1	35	26
12	8	5	67	18	9	96	69	29	86	2	20	14
11	4	3	42	14	10	108	69	19	35	1	65	28
5	4	4	56	25	6	119	68	12	23	0	73	34
14	10	7	89	12	7	101	70	30	92	0	21	18
11	4	4	41	22	20	96	50	28	56	1	61	23
12	3	3	44	25	19	111	70	18	64	0	37	19
6	4	3	42	14	12	117	70	11	25	0	67	23
10	8	4	81	17	11	102	52	23	108	1	19	12
18	14	3	40	15	15	99	76	30	39	3	50	19
33	5	3	60	35	3	87	74	39	55	2	47	25
8	7	3	65	12	10	107	66	20	52	0	50	33
24	10	3	64	27	10	89	59	38	75	0	42	25
24	5	5	51	21	10	82	61	41	39	1	66	28
10	9	3	33	16	13	108	63	20	27	0	61	18
10	5	3	35	29	15	107	70	20	49	1	46	10
18	6	4	76	10	8	94	67	30	73	1	38	28
7	7	7	48	12	7	94	92	28	58	0	23	17
31	9	5	47	21	7	79	72	48	67	1	34	17
18	5	3	79	16	7	102	69	23	83	3	27	20
12	8	4	56	14	6	104	78	25	59	0	29	16
9	8	5	83	9	7	102	72	23	62	1	41	30
23	5	3	46	25	6	97	73	31	56	1	38	18
11	6	4	53	35	7	104	71	25	56	0	49	25
10	4	2	41	20	8	118	79	14	31	0	52	23
11	11	10	37	32	19	86	51	37	56	3	56	23
28	12	6	53	46	8	76	64	48	54	3	54	27
19	10	3	51	29	3	102	84	27	51	1	34	19
8	6	5	54	31	19	104	53	23	56	0	64	30
13	10	7	40	15	13	91	70	34	41	2	53	18
12	4	3	46	23	18	111	72	18	69	0	31	22
13	9	2	65	16	10	96	77	24	76	3	25	18
5	5	4	46	13	9	106	73	14	40	1	52	26
9	8	7	46	28	8	95	72	30	62	3	33	16
20	10	2	58	24	6	104	58	28	43	1	57	23
7	6	5	48	16	8	101	78	19	29	4	56	35
11	5	3	58	9	5	110	76	20	61	0	32	20
21	6	5	71	15	12	91	56	34	51	1	62	36
9	7	2	27	24	11	110	69	18	24	0	64	17
10	9	3	39	27	19	96	75	25	65	2	33	15
31	5	2	80	12	12	96	64	35	75	1	38	25
7	5	4	34	12	8	99	85	22	45	1	34	20
23	12	6	61	30	19	87	63	42	63	0	47	27
13	5	3	31	23	5	103	60	24	23	1	71	19
8	4	2	46	18	7	122	69	9	42	1	47	20
17	11	4	50	36	7	90	72	35	76	1	32	15
22	7	3	59	24	9	87	76	34	69	3	34	23
10	5	3	36	17	6	118	72	14	17	1	68	23
12	7	3	56	11	10	104	56	20	52	1	56	24
22	8	7	55	18	10	89	73	36	57	3	41	24
17	4	3	59	28	6	104	54	24	42	1	67	32
8	6	4	40	38	7	106	72	22	52	0	47	20
24	7	5	71	53	5	85	44	37	63	4	67	39
9	5	3	46	28	6	105	80	15	72	2	24	13
12	7	5	55	18	11	95	67	29	62	3	42	22
9	8	7	41	17	9	102	61	23	43	1	50	22
13	7	3	59	7	6	100	91	24	53	1	28	23
9	8	4	47	21	13	105	57	24	75	0	35	19
10	8	4	39	17	5	105	68	19	30	4	60	22
16	8	4	48	18	6	100	77	24	49	3	40	25
13	3	3	99	8	5	107	66	17	81	0	34	27
21	4	3	34	16	11	98	81	26	28	2	52	17
24	11	8	69	41	10	79	47	46	96	4	30	15
6	4	2	68	20	3	120	74	10	37	0	59	31
9	8	5	31	28	11	107	79	20	34	2	56	18
23	6	3	55	16	5	84	65	37	37	1	56	30
26	6	3	32	25	17	97	60	32	24	2	77	22
8	6	3	43	22	5	109	72	16	45	0	45	23
8	4	3	70	20	18	102	71	15	85	2	23	14
11	6	5	78	10	5	98	72	23	66	4	40	23
9	9	4	30	12	11	108	65	20	29	1	63	21
36	3	3	88	25	14	88	41	37	108	4	29	21
18	6	4	64	15	9	104	90	25	78	2	14	14
17	15	2	48	34	4	96	79	32	39	2	54	22
18	10	4	37	31	18	98	81	32	68	0	28	15
29	3	3	32	28	19	93	58	32	31	2	69	24
22	9	2	43	25	7	99	83	31	42	0	46	18
27	9	4	32	22	19	89	54	38	59	1	54	14
21	13	7	83	14	9	79	61	46	96	1	21	17
22	5	4	43	17	14	93	73	31	53	3	39	18
11	9	3	79	38	6	109	56	22	94	0	35	22
20	5	4	63	8	7	100	71	29	33	0	61	33
4	4	3	76	20	7	111	52	14	59	0	57	38
19	9	3	35	23	13	81	63	38	53	2	48	12
14	10	2	62	18	7	98	61	26	38	1	59	30
21	10	8	47	38	10	73	66	50	67	0	40	14
14	5	4	30	19	11	102	60	23	30	0	66	17
8	6	5	26	22	14	112	81	18	20	0	61	16
23	4	2	69	8	6	103	69	27	57	1	45	25
18	4	3	40	14	11	103	81	22	31	3	51	17
26	5	4	55	8	7	92	72	35	51	0	41	23
25	5	4	72	13	4	94	84	32	76	1	22	19
16	8	8	49	26	6	95	80	31	38	2	48	27
21	11	4	78	10	7	92	65	37	59	0	48	29
10	3	2	52	15	9	111	78	17	65	0	34	20
16	8	7	49	21	9	80	75	40	77	4	24	14
14	9	8	45	19	8	94	96	31	44	2	34	17
16	9	5	79	12	6	88	53	37	81	0	33	20
6	5	3	33	23	10	106	85	14	49	2	34	17
11	6	5	62	17	9	91	48	29	33	2	75	33
20	5	5	71	24	10	98	73	27	76	2	28	19
4	3	3	46	22	11	120	74	10	57	0	44	14
13	3	3	57	10	5	109	72	19	47	0	46	23
7	6	5	33	24	12	97	52	25	38	1	65	17
42	8	6	76	52	11	66	34	59	116	1	35	23
23	5	4	54	28	3	100	89	30	62	0	28	18
4	3	2	64	15	4	119	87	8	61	0	29	25
6	4	2	48	20	13	118	78	11	26	1	61	29
15	3	3	69	18	6	109	68	19	37	1	58	33
5	3	3	64	24	7	101	66	18	55	1	50	32
10	7	4	50	26	9	102	48	24	46	1	66	27
22	14	2	51	14	10	98	86	35	45	0	44	26
6	6	2	55	21	8	118	67	11	34	0	64	35
11	5	2	34	12	10	110	92	17	18	1	59	24
13	9	3	34	29	10	101	66	24	46	2	50	18
2	2	2	53	24	6	116	69	9	53	0	44	19
21	4	4	45	21	5	93	88	27	39	2	41	20
12	2	2	35	25	8	118	83	11	33	3	48	19
10	8	4	41	19	11	108	58	21	51	1	48	20
10	5	4	36	19	15	96	59	24	45	1	55	15
22	3	2	58	33	6	109	64	24	59	0	47	20
19	4	3	59	8	6	101	86	27	43	0	45	29
11	6	5	62	17	9	91	48	29	33	2	75	33
24	7	2	41	16	8	99	82	26	48	5	40	28
10	7	3	68	11	8	104	53	20	80	2	36	23
17	11	5	55	23	7	97	99	31	64	2	22	17
9	8	6	56	13	11	101	63	25	60	2	44	19
14	10	5	49	24	15	91	55	31	45	2	68	27
22	6	5	45	27	17	93	85	32	50	0	40	12
6	4	3	63	32	5	108	57	15	49	2	61	32
17	11	7	93	10	6	79	58	46	78	2	41	30
25	7	5	41	36	10	86	68	41	41	1	56	21
8	3	3	56	18	4	107	71	15	33	0	56	28
4	3	2	53	13	11	123	53	8	36	0	66	29
24	10	3	46	13	12	90	60	38	50	1	53	20
8	7	5	43	17	13	97	82	24	57	2	31	14
11	3	3	32	21	11	115	78	13	41	1	43	16
15	10	3	68	6	6	99	83	28	55	0	32	22
5	5	4	38	23	15	104	75	21	69	1	32	14
33	7	4	85	17	7	75	59	45	85	5	33	20
12	6	4	45	25	5	107	77	19	37	2	53	20
20	4	3	46	11	9	102	82	26	23	1	56	26
14	11	2	62	50	5	105	59	25	97	1	25	21
16	6	4	47	13	11	95	93	29	47	0	32	24
8	6	5	44	36	31	95	53	25	76	3	48	23
21	5	5	96	29	3	93	54	30	111	3	18	16
6	5	3	38	17	10	107	78	17	29	1	53	21
16	6	4	79	11	7	102	74	24	83	1	22	16
22	5	2	31	17	8	97	75	29	30	2	48	20
10	10	3	56	18	18	88	54	30	58	1	56	26
14	11	5	84	24	11	92	56	29	99	2	27	21
15	9	8	72	18	13	90	60	30	76	1	36	25
22	14	3	69	25	6	97	78	35	77	0	26	18
17	9	8	61	19	11	90	60	35	52	2	59	22
6	4	3	30	30	19	113	87	12	62	2	30	13
15	10	4	81	10	6	88	63	34	84	1	30	21
20	10	8	29	27	14	77	74	48	42	1	50	18
13	13	5	60	10	9	97	91	32	66	1	24	20
16	12	5	35	31	9	89	80	35	39	2	46	21
15	3	2	63	18	12	110	72	20	69	0	33	23
15	3	3	66	15	5	109	61	19	55	0	52	30
10	4	2	52	22	8	104	67	13	48	0	48	22
10	6	6	57	11	9	101	78	22	70	3	27	15
18	9	5	77	19	5	102	60	29	76	1	36	19
11	7	3	59	31	7	103	51	21	45	0	67	37
14	10	3	38	10	10	98	74	26	47	3	47	19
17	10	3	41	29	6	93	72	31	49	2	38	17
8	5	5	48	25	3	108	91	17	47	0	35	17
11	5	5	28	21	13	85	51	33	53	0	56	15
9	7	4	75	10	4	98	74	25	67	1	35	22
9	4	4	47	8	8	96	68	25	30	1	54	25
16	15	4	64	18	9	89	53	33	52	5	64	32
38	8	3	46	31	12	87	84	45	52	1	39	24
34	6	3	67	18	7	87	76	42	48	1	52	30
26	8	7	86	52	22	78	26	45	130	3	28	17
15	9	5	68	19	4	105	71	26	56	0	43	25
12	3	2	61	27	8	113	71	16	85	1	22	14
21	7	4	50	14	8	102	97	26	43	3	37	25
16	4	4	31	19	13	92	43	29	57	1	54	18
5	5	2	57	10	6	114	84	12	53	0	36	21
23	14	6	46	40	20	80	48	48	81	0	41	19
7	3	2	67	11	6	120	82	11	60	0	35	31
22	5	5	52	19	12	90	76	32	65	1	36	16
19	9	6	66	38	7	100	58	30	80	0	39	23
7	3	2	52	13	10	110	80	14	43	0	47	26
31	9	5	47	21	7	79	72	48	67	1	34	17
28	9	3	70	25	4	94	70	37	46	1	56	32
14	10	4	47	17	14	97	90	29	39	0	48	20
25	7	4	91	7	6	92	63	34	83	2	30	27
12	4	2	69	15	6	112	82	15	59	0	38	21
12	9	5	43	27	6	91	63	32	24	1	71	27
13	5	3	36	13	10	109	63	18	20	3	75	31
20	10	2	48	27	4	98	90	29	41	3	43	21
13	5	4	29	22	18	107	64	22	40	0	57	18
16	6	3	37	12	9	105	77	24	29	0	58	23
4	3	2	53	38	9	121	58	5	67	0	42	15
36	9	7	67	29	20	70	48	54	59	3	63	17
16	8	8	39	34	11	56	38	49	41	0	81	24
8	4	3	37	12	9	112	96	15	37	1	39	21
15	3	3	66	15	5	109	61	19	55	0	52	30
10	4	2	52	22	8	104	67	13	48	0	48	22
10	6	6	57	11	9	101	78	22	70	3	27	15
24	8	6	32	17	10	92	82	35	21	1	58	18
13	9	4	54	54	4	102	75	26	78	0	32	24
12	10	4	52	17	6	100	98	26	59	1	23	18
24	10	2	32	24	12	100	64	30	36	2	60	17
9	5	3	40	16	11	109	53	15	32	2	62	19
27	8	3	55	24	12	83	82	37	83	1	17	13
23	4	3	53	17	4	100	78	29	32	1	55	32
26	7	7	48	17	11	80	72	47	57	1	38	21
25	11	3	65	12	11	87	70	33	48	5	52	34
17	6	3	50	10	9	101	67	25	54	3	44	27
22	7	3	69	22	6	81	51	42	82	0	37	20
8	5	2	58	29	13	117	63	14	61	0	50	26
11	10	8	31	20	18	91	66	34	58	1	40	13
13	10	9	46	23	6	102	67	28	48	1	49	16
4	3	2	49	25	11	121	98	8	62	1	26	15
19	8	2	58	45	5	103	64	26	62	2	52	25
6	5	3	29	29	9	116	91	12	37	1	45	21
9	7	5	33	30	6	104	77	23	43	1	48	15
8	5	3	51	10	7	116	82	13	24	1	57	29
16	6	4	72	10	8	95	82	24	58	7	36	35
8	6	6	55	30	11	108	64	18	60	3	47	22
31	4	2	50	13	11	99	84	31	38	3	50	24
25	13	12	51	24	21	71	42	51	56	2	68	23
16	6	2	123	11	9	100	38	23	109	2	35	35
24	8	3	37	21	14	81	73	41	50	2	47	16
24	7	5	57	12	8	90	72	34	60	1	40	23
15	9	2	40	21	18	98	61	25	54	1	53	18
35	9	4	62	32	13	82	44	45	73	1	56	19
9	5	2	64	22	9	116	59	13	67	1	43	19
24	15	7	97	26	25	68	28	59	119	0	37	22
26	12	6	50	26	13	76	51	43	45	6	61	25
13	9	4	54	20	13	102	90	26	56	1	32	15
19	4	4	44	15	5	101	70	22	40	3	48	20
16	5	4	29	24	5	91	88	31	39	1	42	16
15	9	4	44	24	11	101	65	26	55	3	46	16
19	4	2	78	14	6	101	83	27	60	0	39	34
15	12	2	67	18	11	93	69	31	72	1	35	21
7	5	4	56	10	9	96	65	27	63	0	37	22
11	3	3	57	24	5	103	63	21	66	1	40	24
18	3	3	53	15	8	110	56	20	67	1	39	23
11	9	4	38	21	18	98	82	28	45	1	43	17
11	5	5	52	15	5	104	68	23	36	0	54	27
8	5	4	50	10	5	107	73	20	39	0	48	26
17	5	3	65	8	5	105	94	22	48	3	33	29
11	8	3	48	29	20	92	66	28	60	1	47	25
20	8	4	77	7	6	86	86	38	64	0	29	21
6	3	2	69	18	4	117	81	12	60	0	36	20
31	6	3	39	35	17	86	67	40	83	2	24	12
7	3	3	61	16	4	119	79	11	35	0	54	31
12	7	2	72	8	4	107	83	20	60	0	34	29
5	5	4	41	16	10	106	72	18	27	0	59	23
13	3	3	57	10	5	109	72	19	47	0	46	23
10	3	3	28	28	10	107	77	16	38	2	51	17
19	5	5	85	6	5	90	56	33	73	2	38	26
10	6	6	95	32	6	79	48	35	112	2	24	21
8	3	3	59	18	3	114	83	11	43	1	47	27
12	7	2	35	17	16	111	72	18	32	0	60	20
21	5	4	87	9	8	97	74	32	87	0	21	20
5	5	4	42	23	6	104	73	19	36	2	56	19
10	5	3	33	28	9	100	65	23	36	1	61	18
27	4	2	58	21	10	91	67	32	64	4	46	18
4	4	3	35	31	5	117	73	9	41	2	53	17
9	7	2	30	28	6	114	83	14	34	1	47	17
12	8	5	41	34	6	100	90	27	60	1	26	17
17	15	3	38	30	6	93	67	34	34	1	60	21
23	4	3	74	10	7	96	86	25	58	3	36	33
16	6	3	55	7	7	106	70	24	32	1	56	27
15	9	3	83	15	3	101	71	26	77	0	28	21
9	5	4	48	8	7	110	66	18	27	0	65	27
6	3	2	32	23	8	121	59	10	15	0	83	24
8	4	4	40	15	6	108	80	19	37	0	49	19
8	6	5	36	26	13	98	83	24	56	2	36	15
17	4	3	61	18	5	104	59	22	32	1	64	35
15	8	2	62	31	4	101	69	24	56	2	52	34
31	7	3	69	53	14	89	56	40	97	0	33	18
16	6	2	42	26	6	102	76	25	57	0	40	14
20	4	3	56	21	7	105	72	25	57	0	39	22
9	8	7	33	24	19	101	67	26	34	1	63	17
21	7	3	73	19	9	93	68	27	50	3	58	38
22	3	2	57	15	12	109	87	22	63	1	25	16
21	8	5	64	39	9	86	61	36	89	2	31	20
18	8	5	32	27	12	91	73	32	44	2	52	17
11	6	3	45	27	4	111	87	20	60	0	28	14
9	4	3	68	32	4	108	70	16	76	0	32	19
6	5	4	27	17	11	108	87	16	48	0	32	18
7	4	4	42	15	9	114	74	16	35	0	55	17
10	7	3	43	18	10	91	80	29	35	1	53	25
28	13	2	43	40	16	85	78	41	76	1	22	15
19	13	2	93	42	2	94	49	31	110	2	24	20
14	12	6	52	9	8	93	82	34	43	1	45	31
19	7	3	79	6	6	95	66	26	74	6	35	28
12	5	2	57	23	12	107	79	21	90	0	12	10
17	11	8	25	24	16	82	60	35	49	5	55	15
13	4	3	63	12	11	108	62	19	28	1	68	36
27	5	4	62	24	17	79	68	41	62	2	44	23
11	2	2	98	13	7	113	66	14	89	2	26	24
15	5	2	32	27	12	106	86	20	33	1	47	19
5	4	3	41	14	6	108	54	15	33	0	71	24
18	9	1	36	27	17	109	72	25	66	0	35	11
29	7	2	46	38	15	88	58	37	57	2	56	22
26	3	3	62	17	5	96	82	31	64	1	29	19
25	5	5	40	14	12	94	71	31	23	5	67	28
20	5	2	48	15	9	109	87	21	31	2	51	29
10	2	2	65	15	6	114	77	12	58	1	39	29
29	5	3	32	14	14	93	74	35	59	2	36	19
10	5	3	33	28	9	100	65	23	36	1	61	18
27	4	2	58	21	10	91	67	32	64	4	46	18
4	4	3	35	31	5	117	73	9	41	2	53	17
23	4	3	74	10	7	96	86	25	58	3	36	33
17	13	6	66	14	6	88	89	37	56	1	34	29
11	5	3	37	15	9	113	81	17	21	1	62	24
15	6	5	31	29	21	108	81	24	43	0	46	15
10	6	4	35	29	4	102	73	24	35	0	55	17
17	5	2	38	12	9	96	87	23	49	2	32	19
15	4	3	65	11	9	107	84	19	56	2	33	20
8	5	5	73	46	7	110	57	15	111	1	16	13
14	7	3	49	17	9	94	75	26	53	1	39	19
13	5	3	56	12	8	103	70	20	32	2	62	37
7	6	5	37	8	8	83	73	26	35	1	40	24
34	6	5	99	25	8	86	42	44	99	1	42	34
18	6	5	49	14	13	99	72	26	51	3	50	21
8	7	7	43	11	11	98	83	25	36	3	50	23
16	3	2	71	7	6	105	82	23	58	0	35	24
19	4	2	78	14	6	101	83	27	60	0	39	34
3	3	2	41	26	8	118	74	7	26	2	62	24
9	7	3	54	31	7	98	53	24	66	0	53	17
10	3	3	42	13	5	102	85	23	36	1	43	22
8	5	4	50	15	7	109	71	18	53	1	45	23
9	6	2	41	17	11	117	74	13	26	1	58	17
14	10	4	56	22	5	100	90	27	60	1	29	14
6	3	3	50	20	18	116	63	7	53	1	51	14
22	9	3	43	16	7	95	103	34	41	0	30	20
18	4	4	62	15	5	103	65	27	63	0	35	21
13	10	7	40	15	13	91	70	34	41	2	53	18
13	12	4	48	42	3	97	73	27	48	3	48	18
13	11	3	37	28	7	97	71	23	40	4	52	17
20	9	2	71	12	9	105	75	26	74	1	27	16
15	12	9	46	20	18	81	84	42	66	1	25	13
8	3	2	39	14	7	111	87	12	30	2	53	28
14	10	4	47	17	14	97	90	29	39	0	48	20
25	7	4	91	7	6	92	63	34	83	2	30	27
11	7	5	62	9	6	99	75	27	57	0	39	29
8	4	3	43	24	5	115	70	14	29	1	64	21
14	6	3	74	8	7	106	64	23	55	1	53	36
14	5	2	38	25	6	101	71	24	27	0	65	25
6	4	4	56	11	10	105	63	20	46	0	54	25
18	7	4	61	13	7	90	76	33	71	3	27	16
9	3	3	35	29	9	110	57	15	34	0	63	18
7	5	4	30	26	14	103	60	19	46	1	60	14
21	5	5	96	29	3	93	54	30	111	3	18	16
10	9	3	39	27	19	96	75	25	65	2	33	15
32	9	2	52	31	4	93	67	36	53	3	47	22
19	14	3	49	47	6	98	82	34	66	0	37	25
17	5	4	109	7	6	100	54	29	101	0	27	23
3	2	2	32	25	8	121	73	5	33	1	55	22
25	12	11	71	22	4	74	73	50	71	2	34	28
9	6	4	37	24	11	107	56	20	50	1	57	18
13	5	2	75	13	3	114	88	17	51	0	39	28
11	9	4	47	10	7	97	86	26	39	0	43	23
10	3	2	56	27	6	111	53	16	39	1	71	31
7	5	3	49	11	11	113	80	15	57	1	31	16
18	3	2	42	16	7	99	81	26	25	1	54	22
10	6	3	58	13	5	99	77	24	54	0	44	24
8	8	2	86	15	13	110	61	17	70	1	49	41
22	6	3	36	32	9	89	76	28	56	5	41	19
13	9	4	52	24	12	96	80	30	80	0	17	11
6	4	3	49	20	4	116	66	12	34	2	54	27
7	5	4	36	29	5	105	78	19	24	1	61	23
9	3	2	46	20	11	116	90	12	49	0	32	16
18	4	4	38	22	7	104	70	24	36	1	61	27
12	9	6	50	33	12	92	71	31	89	3	15	11
29	6	3	54	17	7	90	76	38	35	0	57	29
16	5	2	65	12	6	103	58	23	36	1	66	34
22	8	2	41	15	11	104	67	27	21	1	70	28
25	4	3	66	15	9	88	60	34	62	2	49	32
21	8	5	50	9	8	96	72	34	54	0	42	21
30	4	3	56	15	6	91	80	35	46	0	43	22
17	6	4	75	9	5	106	74	25	58	0	44	27
9	6	3	48	12	9	116	63	13	33	3	65	30
7	5	2	51	17	8	112	69	13	31	1	61	30
32	9	2	42	31	4	89	91	42	54	0	32	23
12	3	2	40	33	9	109	74	16	44	1	51	17
7	5	5	40	16	13	107	84	20	50	1	38	18
20	5	4	97	20	3	93	50	31	81	1	44	36
20	8	2	37	26	10	102	81	27	59	1	37	12
9	6	4	41	13	13	103	80	23	53	0	37	16
8	8	4	64	7	6	89	68	27	47	5	49	27
20	10	2	48	27	4	98	90	29	41	3	43	21
13	5	4	29	22	18	107	64	22	40	0	57	18
37	9	2	91	19	9	84	60	45	89	1	34	28
9	3	2	62	14	6	120	94	11	60	0	26	20
33	10	7	80	20	9	72	63	56	69	1	43	28
25	8	4	55	10	8	89	70	38	58	2	41	22
20	8	6	45	10	6	89	81	38	34	1	47	23
27	6	6	75	24	10	84	45	44	55	0	74	38
8	5	3	38	31	10	110	55	19	43	0	64	21
11	5	3	70	14	4	111	81	18	45	0	46	34
19	6	3	87	13	3	103	69	27	76	1	33	25
12	7	5	36	18	10	107	70	21	28	1	63	26
24	8	3	59	19	8	91	85	33	68	2	24	15
10	10	2	35	21	8	106	75	22	24	0	60	19
6	3	2	31	24	9	123	77	8	22	1	57	20
31	6	3	46	19	13	90	52	37	29	2	73	29
5	5	4	58	58	17	116	42	14	113	0	28	16
20	8	5	48	18	9	93	97	34	61	0	23	14
15	11	2	43	26	8	96	98	29	59	1	22	15
7	7	3	67	20	6	111	70	16	46	2	56	29
13	2	2	36	33	7	111	95	16	43	2	38	16
8	7	3	77	9	4	107	78	19	66	1	33	25
18	9	2	53	11	4	97	75	26	39	2	46	29
16	5	4	44	12	6	98	70	29	35	0	56	27
13	9	2	39	14	11	110	88	22	53	0	28	16
24	2	2	88	12	8	98	66	27	77	2	33	22
19	14	2	65	27	3	97	89	33	66	1	28	27
19	9	9	53	27	9	79	54	46	50	1	65	28
29	7	2	59	34	3	92	77	36	38	1	58	36
26	9	2	58	24	5	91	75	34	61	1	38	23
13	5	4	63	48	19	102	39	23	60	2	73	41
12	12	4	70	39	8	93	45	31	47	2	80	42
14	11	3	95	27	11	106	44	26	123	0	15	10
15	5	4	90	18	8	105	66	23	98	1	17	16
10	8	6	68	13	4	110	61	21	43	0	55	33
17	10	4	43	18	11	97	81	31	38	0	53	25
19	6	5	78	10	5	92	64	30	62	3	43	20
11	11	6	58	31	14	108	70	25	86	0	22	13
20	10	3	56	11	5	86	65	35	43	2	54	28
8	5	2	70	17	4	117	70	13	44	1	57	34
11	8	3	30	24	6	106	63	23	31	0	57	19
18	10	2	54	10	6	104	80	26	42	1	47	26
16	7	5	59	37	9	73	54	35	49	4	63	34
6	3	2	56	15	4	113	76	13	47	0	44	24
22	4	4	36	16	10	97	81	27	25	0	57	19
28	7	5	31	22	20	83	62	44	57	2	47	15
22	9	2	43	25	7	99	83	31	42	0	46	18
13	7	4	28	24	6	108	89	23	36	0	44	18
6	6	5	32	26	7	106	72	19	32	1	53	17
42	6	2	75	31	7	80	63	43	84	5	31	26
6	5	4	38	25	5	114	69	13	38	2	49	17
9	8	4	90	8	8	107	60	21	55	0	58	37
10	6	5	42	29	12	96	76	29	48	1	44	21
12	3	3	32	21	10	114	92	16	39	0	43	19
35	7	3	49	20	10	81	77	46	41	1	55	31
12	7	2	31	26	8	111	90	19	46	1	36	15
7	5	4	39	23	11	113	80	16	49	1	40	18
30	4	2	38	32	15	98	80	31	50	3	47	21
18	8	6	38	35	12	88	68	34	67	1	32	10
13	5	4	44	30	16	101	56	24	44	0	61	20
33	10	6	47	21	14	74	45	40	48	2	58	23
12	10	5	60	27	8	88	60	32	61	3	50	21
5	5	3	55	25	3	115	97	9	60	2	24	19
11	10	2	37	34	12	107	76	21	43	1	54	20
4	3	3	53	17	6	107	69	13	41	2	54	28
18	12	10	46	37	14	87	49	39	67	1	56	17
26	3	2	44	18	6	101	68	27	39	3	57	28
11	5	3	44	12	8	94	85	23	49	2	36	16
21	7	3	32	20	13	95	72	33	59	0	37	15
13	9	2	39	14	11	110	88	22	53	0	28	16
24	2	2	88	12	8	98	66	27	77	2	33	22
19	14	2	65	27	3	97	89	33	66	1	28	27
10	7	3	58	13	9	102	77	24	81	0	18	13
19	6	2	46	38	7	101	76	24	66	1	33	20
9	4	2	42	24	9	117	86	12	29	2	53	25
21	4	3	54	24	11	104	74	22	68	2	37	17
13	6	3	75	8	6	104	69	22	56	2	45	32
21	14	3	57	25	15	87	76	36	58	3	43	22
22	12	2	49	37	9	94	62	33	67	0	43	19
14	8	4	33	17	16	95	60	29	54	3	52	14
33	4	2	86	31	6	91	63	37	95	1	27	24
10	6	4	66	15	10	110	78	19	78	0	23	18
15	8	8	41	25	17	87	81	36	70	0	27	10
8	5	4	32	20	7	113	86	16	46	0	37	17
19	11	5	48	18	8	84	57	39	47	4	53	28
11	7	5	49	27	21	99	54	28	59	1	55	19
21	4	3	53	16	6	100	84	25	54	2	33	17
12	8	3	47	15	6	102	87	25	37	0	45	21
10	5	2	67	13	8	103	75	21	71	1	27	17
9	7	3	45	25	6	111	88	14	42	0	31	14
6	6	4	54	11	7	106	56	17	42	0	57	22
11	3	2	55	10	9	112	67	14	66	1	36	19
25	8	3	41	34	5	96	92	33	53	2	31	21
20	6	3	49	20	7	99	79	29	52	1	40	20
9	6	4	46	18	15	105	72	22	48	0	45	19
16	8	2	63	12	3	104	104	25	49	0	31	29
8	3	3	54	9	8	115	54	15	42	0	60	26
18	10	3	41	19	6	99	85	29	38	2	47	21
11	5	4	24	23	12	110	54	18	26	0	73	17
9	8	5	31	28	11	107	79	20	34	2	56	18
7	3	3	72	9	6	109	68	17	72	0	32	24
15	12	3	44	16	10	102	83	27	41	1	48	16
21	8	7	37	28	5	100	93	30	44	2	35	16
9	7	3	68	6	6	98	70	24	50	1	45	31
19	7	5	61	19	15	97	74	29	84	1	19	12
5	3	2	43	30	8	114	72	12	73	0	29	14
10	8	3	38	21	16	105	98	21	41	1	37	17
11	6	5	55	8	8	88	72	29	37	3	53	34
5	4	3	27	19	10	105	91	19	20	0	53	20
7	3	2	50	29	4	116	71	12	54	0	44	16
23	8	2	43	14	9	93	84	34	54	1	34	19
13	11	2	64	22	5	108	59	23	69	0	32	16
8	7	6	71	21	11	102	60	25	56	0	53	36
8	8	3	32	19	8	117	84	16	24	0	54	21
8	6	4	51	18	16	105	66	23	41	0	66	30
24	2	2	35	15	11	98	71	29	38	1	51	21
21	6	4	67	19	8	103	68	29	73	0	36	24
17	4	3	41	32	8	103	63	24	38	1	55	23
12	4	4	33	23	18	100	46	23	78	1	40	12
28	5	3	70	10	7	89	74	37	68	1	35	27
21	14	10	103	20	8	66	35	60	102	2	39	24
32	6	2	42	23	9	92	70	38	29	0	61	26
13	3	3	36	25	10	111	75	19	45	0	46	16
11	5	3	30	22	12	102	90	18	32	2	44	15
14	8	5	71	11	7	96	61	29	38	1	62	38
15	5	3	98	14	12	104	53	22	85	1	41	34
6	6	5	52	12	10	101	84	23	70	0	21	15
29	6	5	82	12	11	88	59	38	86	4	30	25
21	3	2	72	9	7	92	77	29	71	1	27	20
9	6	4	90	9	5	109	62	21	70	0	44	35
14	10	2	55	19	7	110	61	22	40	0	63	27
21	3	2	32	29	14	106	73	24	32	0	59	17
8	5	2	43	11	7	107	79	15	40	2	44	21
16	8	2	37	35	3	106	82	24	48	1	41	18
19	8	4	49	26	13	93	54	32	52	0	60	22
20	7	3	95	8	6	88	62	32	90	0	25	19
13	11	6	49	21	7	95	84	32	59	1	36	13
13	4	3	85	18	14	110	62	18	66	2	51	36
21	4	4	61	29	5	100	66	26	56	2	46	18
17	9	2	55	20	10	102	79	24	73	2	25	16
9	5	3	53	20	9	108	55	20	58	0	52	17
12	3	3	51	12	8	116	85	16	33	0	47	24
18	10	5	53	24	10	84	67	32	45	7	58	16
12	6	4	37	25	8	100	55	21	32	6	69	25
12	7	3	36	29	13	107	75	20	48	2	47	17
18	8	6	49	34	3	87	79	34	60	0	32	16
16	16	8	54	22	17	83	68	43	69	2	39	24
17	10	6	67	9	6	95	76	32	57	0	38	23
7	5	2	50	14	10	120	85	12	34	0	52	26
22	12	4	37	20	9	96	62	33	35	3	67	30
25	6	2	73	13	13	103	59	30	56	0	54	32
24	10	8	51	32	19	85	64	42	86	2	27	12
10	5	3	45	11	9	98	65	24	46	2	51	19
15	3	3	83	9	5	107	78	19	62	2	37	29
8	5	2	68	28	19	109	45	16	58	1	67	37
13	10	7	40	15	13	91	70	34	41	2	53	18
12	4	3	46	23	18	111	72	18	69	0	31	22
7	7	6	48	31	17	88	30	30	63	2	73	26
18	10	6	41	15	7	100	86	32	52	0	35	17
9	5	4	44	17	8	108	69	20	60	1	37	16
19	4	2	43	10	8	109	84	21	32	1	50	30
19	6	5	92	8	6	97	66	28	77	2	34	29
18	5	4	74	15	5	104	77	26	71	1	32	21
21	15	8	42	25	8	92	58	40	33	1	65	23
21	11	5	86	13	6	88	80	40	81	0	20	17
4	4	3	36	26	14	117	80	8	69	2	28	13
18	5	4	47	23	5	105	85	24	19	2	64	32
19	4	2	70	16	8	111	62	22	44	0	60	29
11	2	2	61	11	9	113	72	16	48	0	50	28
12	5	4	55	11	9	108	80	19	62	1	31	24
20	6	2	50	29	5	104	64	26	21	1	74	35
14	12	12	48	17	13	89	76	33	37	6	56	30
17	5	4	85	15	5	100	75	27	73	2	34	23
12	7	2	74	29	3	107	78	19	70	2	34	24
10	8	7	38	29	9	99	83	28	61	1	29	13
17	7	5	36	14	6	98	63	30	34	0	58	20
12	4	3	36	31	17	104	55	21	42	0	66	19
10	7	6	40	17	15	95	72	28	49	2	46	12
13	11	2	45	21	10	104	81	24	57	0	33	16
13	3	3	52	14	7	94	85	22	29	5	59	32
6	5	3	26	21	11	116	58	14	36	0	64	21
21	15	8	42	25	8	92	58	40	33	1	65	23
21	11	5	86	13	6	88	80	40	81	0	20	17
15	5	5	59	30	8	92	53	29	57	0	56	28
8	5	2	50	10	10	113	98	14	55	1	23	18
22	6	5	48	12	11	90	71	37	28	0	64	29
6	6	4	42	14	5	105	58	17	20	3	71	28
22	4	2	76	19	9	106	77	25	75	1	31	23
25	9	3	80	26	4	93	63	36	79	0	37	20
11	6	4	35	13	7	113	82	19	21	0	52	21
10	6	2	68	11	6	112	73	18	43	0	52	33
30	12	4	39	36	13	71	49	49	71	1	43	15
18	13	8	76	29	7	83	58	43	63	1	57	35
17	14	5	44	35	8	86	63	39	79	1	30	14
20	6	2	57	23	5	100	77	23	46	5	49	25
8	5	3	50	22	13	106	65	18	40	0	57	23
9	6	4	38	26	9	109	76	19	46	1	52	16
25	11	7	71	29	6	83	59	41	90	2	24	13
5	4	4	56	25	6	119	68	12	23	0	73	34
29	3	3	59	31	7	90	58	34	42	3	67	34
39	6	4	64	16	12	76	61	46	76	5	40	24
7	7	7	38	13	9	104	76	23	34	1	52	22
17	4	4	39	19	4	103	74	21	36	3	49	22
11	9	5	67	56	5	95	42	27	88	2	43	27
20	6	2	93	32	3	104	58	22	75	1	49	39
12	4	3	51	35	5	109	83	20	73	0	25	14
23	11	5	48	34	6	97	77	33	46	2	49	19
10	8	3	55	14	5	106	83	23	47	0	38	22
21	4	3	50	15	11	100	58	25	53	1	51	17
6	5	2	71	18	9	107	76	16	79	1	25	13
14	12	7	55	10	10	81	77	40	53	2	43	28
8	6	5	86	6	5	109	61	19	69	0	39	26
10	4	4	67	8	4	107	85	21	50	1	34	24
28	7	2	105	20	4	95	50	33	96	2	35	25
9	4	4	42	13	5	115	84	16	27	0	51	25
25	6	6	76	16	4	97	70	32	77	3	29	25
19	6	1	42	39	8	111	77	23	70	0	31	14
29	13	4	75	13	8	90	71	42	75	0	30	21
14	8	6	52	38	5	100	67	26	73	1	35	16
7	6	6	24	19	18	104	82	21	56	0	32	13
22	9	3	95	24	4	87	58	35	73	1	46	39
12	6	5	60	13	12	101	78	25	71	2	28	14
14	3	2	54	13	10	117	85	15	61	1	27	21
12	4	3	64	12	10	99	59	26	55	1	50	26
12	9	4	38	23	8	97	70	28	48	1	48	14
14	4	3	46	13	10	111	58	20	45	0	58	18
25	3	2	57	14	9	106	79	27	43	0	49	30
6	5	5	92	5	5	101	45	21	69	1	51	29
16	8	7	75	13	10	92	72	32	89	3	19	15
10	5	3	65	14	5	108	68	15	55	4	44	24
13	6	5	60	12	9	104	61	22	39	0	62	32
35	4	4	49	18	8	78	75	43	62	2	36	21
11	5	4	57	14	8	91	62	25	39	4	61	27
13	5	2	54	19	9	108	71	19	69	2	30	17
14	11	7	41	13	11	81	69	38	77	3	26	18
11	9	6	34	15	13	94	64	29	35	2	60	14
27	10	5	87	31	5	83	61	43	84	1	39	27
10	3	2	81	26	6	113	62	15	83	1	35	24
25	7	6	75	15	8	90	68	38	65	1	44	20
28	3	2	40	15	9	101	69	28	30	2	58	25
14	7	6	34	15	11	91	78	31	37	2	49	17
10	4	3	42	12	10	97	86	17	53	5	31	18
4	4	4	60	22	6	119	65	11	67	0	38	23
24	5	3	55	16	5	92	78	32	35	1	56	33
10	5	5	51	8	7	91	74	31	23	0	64	31
6	3	2	56	15	4	113	76	13	47	0	44	24
22	4	4	36	16	10	97	81	27	25	0	57	19
12	11	4	29	21	12	98	70	27	31	3	57	17
8	6	5	52	13	9	113	68	17	36	1	62	26
8	5	2	38	29	11	107	48	16	41	1	64	16
6	5	3	36	12	11	116	79	13	27	0	52	19
8	6	5	38	23	6	107	86	20	38	2	42	22
6	4	3	35	23	6	113	73	14	28	0	53	19
23	10	5	60	49	6	89	57	37	52	2	65	36
11	7	4	113	8	4	98	53	22	103	2	25	24
15	5	2	60	9	9	112	77	19	42	1	52	34
7	6	5	49	17	5	107	64	20	56	1	44	18
8	4	4	77	7	5	105	80	21	62	0	35	28
5	3	3	39	13	11	107	58	15	46	1	58	23
17	4	2	83	13	5	105	70	23	61	0	49	28
11	9	2	71	13	8	104	62	24	86	0	26	17
23	3	2	68	12	7	104	61	23	51	1	50	28
22	7	3	60	14	14	94	86	34	54	1	39	20
15	7	6	42	20	8	93	85	29	46	4	41	16
8	5	4	43	37	11	100	53	23	74	2	41	14
31	8	3	65	17	10	86	78	41	55	1	42	29
17	3	2	43	40	4	106	84	18	71	2	23	16
10	6	2	65	14	3	110	84	17	56	0	34	23
19	8	2	87	58	3	97	35	28	99	2	47	23
15	12	12	65	24	15	70	48	54	96	2	36	18
9	8	7	57	13	8	95	62	27	38	4	63	27
14	7	2	72	11	7	109	93	21	56	0	37	32
7	7	4	50	16	11	99	59	19	79	1	32	19
14	6	5	35	31	9	94	62	26	64	2	38	14
21	5	4	50	16	8	94	77	31	70	2	26	18
12	7	3	45	21	10	101	65	24	26	2	65	26
6	5	4	46	13	12	111	62	15	17	2	72	32
11	3	3	58	13	10	107	58	17	35	2	70	32
18	3	2	48	20	4	101	80	24	40	0	45	19
13	7	3	49	10	7	103	66	22	24	2	67	32
18	11	4	44	25	7	101	64	29	44	1	51	16
14	7	7	35	31	20	98	69	24	82	5	23	18
15	9	6	65	22	6	102	77	28	87	1	13	12
12	7	2	72	8	4	107	83	20	60	0	34	29
7	4	3	39	16	11	106	51	20	43	0	66	20
3	2	2	30	27	12	123	61	5	42	0	61	17
12	9	3	48	42	9	106	78	21	87	1	15	10
16	5	4	44	12	6	98	70	29	35	0	56	27
25	10	5	34	27	12	85	74	43	40	0	56	16
10	8	2	57	11	5	110	104	18	42	0	31	26
20	11	6	55	12	7	90	92	35	51	2	31	20
4	4	3	67	11	6	107	56	18	47	0	60	27
18	9	8	47	42	6	79	85	40	81	4	15	13
28	7	3	78	10	9	88	68	39	68	0	39	28
30	13	7	70	42	9	75	47	53	68	0	58	33
12	10	9	46	17	9	103	81	29	36	0	52	18
21	6	4	78	8	8	101	79	27	64	3	33	20
23	13	3	43	35	4	93	62	36	42	1	59	23
9	8	7	53	21	9	105	54	23	52	2	52	26
27	11	8	51	27	11	85	56	42	49	3	58	17
22	10	5	84	10	7	99	74	33	87	1	19	17
4	3	3	52	17	13	114	60	12	41	1	67	31
13	3	1	91	10	6	120	58	13	87	0	31	25
10	4	3	51	15	13	108	79	20	52	0	44	21
10	9	2	63	15	9	109	83	18	63	3	32	28
14	3	3	47	33	10	108	87	18	36	2	53	28
15	4	4	70	11	7	97	73	25	43	1	53	34
11	4	2	42	19	7	115	88	12	43	3	39	18
15	12	3	72	27	3	98	75	28	68	1	33	21
13	7	5	40	10	9	98	67	28	37	1	56	21
16	12	2	39	38	4	104	66	28	38	0	59	20
6	6	4	29	23	23	109	68	18	58	0	41	15
18	4	3	45	21	7	97	56	26	24	2	74	29
42	8	6	76	52	11	66	34	59	116	1	35	23
19	9	4	33	18	11	97	78	30	43	1	40	16
10	5	2	50	16	14	113	80	15	42	1	48	26
15	7	5	49	10	5	99	91	27	33	2	44	21
11	7	5	59	12	4	95	68	28	36	1	60	34
8	8	4	67	20	4	103	65	21	39	1	61	37
9	7	3	42	35	5	108	72	20	45	0	49	17
8	5	3	32	26	9	108	85	19	45	1	38	14
16	14	4	43	27	5	92	63	36	31	0	66	25
18	3	3	55	11	10	100	62	22	63	2	35	21
21	14	10	103	20	8	66	35	60	102	2	39	24
12	10	8	29	29	10	96	74	28	38	2	56	15
11	4	3	54	20	6	116	79	15	67	1	30	22
10	4	3	39	12	10	104	79	21	25	1	52	23
20	9	5	46	15	9	93	78	35	41	1	51	22
15	3	3	69	18	6	109	68	19	37	1	58	33
5	3	3	64	24	7	101	66	18	55	1	50	32
19	7	7	35	27	12	96	73	32	62	1	34	12
13	3	2	86	13	5	110	64	17	75	1	36	21
29	5	4	49	14	9	88	79	33	46	5	39	27
18	7	5	45	19	17	87	90	34	70	3	18	13
16	7	2	60	21	2	107	89	23	35	0	51	32
5	4	3	52	19	7	114	78	14	45	0	50	25
7	5	2	71	12	5	114	75	14	65	0	36	28
29	6	4	71	16	12	88	65	39	68	2	41	29
12	5	4	27	25	13	101	70	26	49	0	46	15
14	3	2	72	21	18	113	47	17	62	0	59	27
15	5	4	58	35	3	104	74	23	64	2	39	16
14	6	4	78	13	8	100	67	26	81	2	29	24
28	2	2	35	32	7	100	84	29	32	1	53	21
27	4	2	47	16	8	95	63	28	61	5	45	28
13	3	3	48	22	11	109	72	18	39	2	57	22
8	5	3	50	22	13	106	65	18	40	0	57	23
10	7	2	57	21	4	117	88	15	35	0	45	27
28	9	2	64	11	11	93	84	36	62	2	32	19
22	10	5	84	10	7	99	74	33	87	1	19	17
4	3	3	52	17	13	114	60	12	41	1	67	31
13	3	1	91	10	6	120	58	13	87	0	31	25
3	3	2	66	31	5	120	73	7	83	0	22	19
13	6	5	34	22	15	103	69	26	55	0	42	14
20	7	5	46	20	8	94	84	32	44	1	43	19
22	7	4	72	13	4	90	77	36	57	1	38	29
5	4	3	39	33	6	110	67	12	52	0	47	21
18	5	3	38	10	8	100	93	27	31	1	43	22
21	10	4	107	8	8	94	42	36	111	0	25	21
16	15	4	64	18	9	89	53	33	52	5	64	32
19	16	8	77	19	6	86	71	41	70	3	39	28
15	8	3	49	23	9	104	89	24	67	1	23	11
12	4	2	45	29	8	114	75	15	29	1	63	28
4	3	3	71	17	8	112	68	14	73	0	32	23
9	6	2	28	20	17	109	76	17	26	0	59	17
13	9	7	31	23	21	81	49	41	30	3	81	21
7	6	5	46	12	8	103	65	21	24	3	69	27
12	6	4	48	23	6	106	65	19	34	1	65	31
8	6	4	35	24	9	101	82	24	36	0	43	20
11	9	5	65	9	5	89	80	29	44	3	47	31
32	9	2	46	16	9	89	77	40	37	2	48	24
36	8	8	81	23	17	77	61	52	92	1	30	19
7	5	2	37	14	12	114	67	14	38	0	58	17
17	6	6	62	34	13	98	45	30	101	1	33	18
26	11	10	76	17	10	63	40	56	72	3	56	31
8	7	6	38	14	8	103	85	22	42	1	38	17
30	8	4	48	16	9	81	70	42	32	1	63	30
11	7	7	43	34	4	93	78	25	52	1	41	26
17	4	3	43	38	5	106	87	21	62	3	31	17
14	4	3	45	9	6	103	76	22	35	2	52	29
18	9	8	28	24	11	89	81	35	26	1	59	18
19	15	8	49	19	9	75	56	47	42	3	68	30
26	9	3	59	20	14	87	56	39	33	1	75	33
12	7	3	24	20	10	108	87	22	39	0	38	16
13	8	6	31	30	10	105	79	25	54	0	39	14
13	9	4	34	22	12	98	71	29	46	0	45	14
27	6	5	46	18	16	85	72	40	71	3	27	18
23	12	3	52	36	6	94	77	36	57	0	40	19
12	5	4	69	17	5	98	79	20	64	2	30	23
23	9	2	66	19	6	96	61	33	61	0	47	24
10	10	4	37	21	8	97	49	20	31	2	58	16
21	3	3	49	39	5	100	73	24	72	2	30	14
11	4	3	41	28	12	110	83	15	66	2	24	11
13	4	2	47	22	6	109	100	20	57	0	24	15
15	8	5	45	20	11	97	57	32	41	0	62	24
18	9	3	57	10	8	95	91	31	68	1	21	19
31	12	4	69	26	9	69	58	51	74	3	40	21
17	12	11	45	19	16	74	51	50	66	1	52	26
12	6	3	33	28	9	101	81	21	37	1	51	18
13	3	3	62	8	6	102	88	20	56	2	33	22
14	8	2	80	18	3	108	87	21	72	1	25	23
27	15	4	69	47	10	79	47	48	49	1	74	35
31	5	5	57	15	8	89	72	38	47	3	48	30
24	5	4	84	12	8	89	59	36	81	1	33	22
12	5	2	57	8	5	109	85	19	47	1	39	27
8	7	3	41	19	9	104	78	17	51	2	40	18
6	5	5	40	29	21	111	60	17	84	1	33	10
30	6	5	40	17	8	77	67	49	36	0	58	21
29	9	3	41	22	9	78	64	41	20	3	72	29
10	3	3	65	22	7	110	76	17	81	0	20	14
23	16	4	86	28	10	86	54	43	98	0	30	21
21	4	4	62	17	8	103	71	25	23	1	68	35
16	3	2	49	22	11	115	69	14	51	3	48	18
20	9	9	39	16	15	88	51	40	45	1	64	22
11	8	5	49	12	8	97	63	28	37	1	61	25
19	7	2	78	25	4	104	68	26	78	1	31	22
18	10	8	60	32	5	87	76	41	70	0	32	17
16	8	4	38	23	3	100	80	29	14	0	65	28
15	13	3	46	37	7	88	82	37	56	0	38	17
6	3	3	52	10	9	109	81	16	55	0	36	19
14	8	8	34	23	8	90	62	35	28	3	71	18
10	3	3	65	22	7	110	76	17	81	0	20	14
11	6	5	55	8	8	88	72	29	37	3	53	34
15	10	3	40	24	8	95	58	28	31	1	59	17
16	6	4	76	48	3	106	40	23	80	1	53	24
10	5	4	45	17	7	109	82	15	44	4	43	20
8	5	3	44	15	7	116	57	14	42	1	58	23
16	16	9	51	41	11	87	59	37	56	2	55	24
14	5	5	75	13	6	100	60	24	46	1	58	34
15	10	3	50	12	7	91	59	27	36	1	57	22
16	3	3	38	20	6	104	73	23	51	1	39	19
13	3	3	50	11	6	105	88	21	34	1	49	25
8	3	2	55	14	8	117	69	9	61	1	39	25
17	6	6	38	32	8	84	41	37	50	1	68	20
12	6	3	32	13	13	111	58	18	37	1	61	17
14	7	7	62	31	10	81	56	38	89	1	29	14
33	3	2	51	23	16	92	43	36	78	0	46	16
7	6	2	50	15	8	111	59	17	44	0	63	24
10	8	5	37	21	8	86	58	22	47	1	53	19
12	4	4	37	14	10	95	75	28	43	1	46	20
29	9	9	40	18	11	71	60	50	46	2	53	20
16	7	3	55	22	10	99	80	25	81	2	17	13
7	5	5	48	24	7	99	68	27	78	0	26	12
23	4	4	82	12	3	97	66	29	65	1	40	28
6	5	5	87	14	4	102	57	18	68	2	46	26
11	4	4	62	22	9	109	60	17	46	3	59	37
12	4	4	41	17	14	110	59	19	43	0	63	19
12	6	5	54	19	9	99	88	26	57	0	33	20
4	3	3	44	12	10	110	61	15	35	0	64	24
31	3	2	37	31	18	94	63	33	31	2	73	25
30	3	2	86	15	5	99	68	32	83	1	25	24
10	6	3	55	43	9	115	67	15	55	1	50	30
32	10	9	46	30	13	72	56	52	44	3	68	24
14	3	3	71	17	5	105	62	22	60	1	48	22
13	7	2	48	13	6	108	65	21	41	1	51	21
9	8	5	31	28	11	107	79	20	34	2	56	18
11	3	2	57	15	3	110	82	16	54	0	34	23
23	5	2	47	22	12	94	57	30	47	1	58	21
4	3	2	41	16	12	123	70	7	27	1	67	26
8	3	2	44	15	9	121	67	11	42	0	52	22
11	6	4	99	7	4	101	76	26	83	0	26	26
13	11	5	38	31	4	99	96	24	46	2	32	19
11	5	3	58	9	5	110	76	20	61	0	32	20
21	6	5	71	15	12	91	56	34	51	1	62	36
26	6	2	97	16	3	96	61	32	89	1	30	26
13	7	5	45	12	6	107	100	21	37	3	39	20
11	3	2	48	38	4	106	56	20	52	0	56	22
15	12	3	72	27	3	98	75	28	68	1	33	21
17	7	3	40	27	8	96	75	27	72	2	29	12
15	12	4	51	24	18	96	62	30	58	1	54	26
13	13	5	73	24	6	88	61	37	66	0	43	32
10	9	2	40	21	6	113	62	17	30	1	64	21
14	9	4	45	38	20	93	62	29	93	1	24	12
16	14	2	44	37	5	96	64	27	49	3	54	20
12	10	7	48	16	4	92	60	35	34	1	61	27
14	6	4	90	12	3	98	79	27	67	0	39	31
28	5	2	98	42	2	101	48	31	108	0	29	23
12	6	2	54	15	4	110	94	17	45	1	38	28
17	10	9	71	54	6	79	41	40	118	4	22	15
6	4	3	68	23	4	105	63	18	57	1	50	27
21	4	2	74	13	12	101	54	24	72	2	43	27
17	7	5	33	29	7	93	80	31	50	1	35	13
13	4	3	69	7	5	95	98	27	52	0	31	29
10	5	3	35	29	15	107	70	20	49	1	46	10
11	9	4	38	21	18	98	82	28	45	1	43	17
17	13	3	61	29	12	86	56	32	47	5	64	32
32	6	4	102	9	9	82	56	40	81	3	38	31
13	12	3	59	48	6	96	57	26	73	2	43	18
32	7	6	65	49	16	71	48	48	78	0	48	23
21	12	4	54	18	12	86	71	39	45	1	53	25
9	9	4	42	26	13	100	82	21	57	1	28	11
21	9	4	59	12	6	96	73	31	33	3	60	33
11	3	3	32	21	11	115	78	13	41	1	43	16
8	6	4	68	16	13	108	60	21	52	0	51	26
12	4	3	33	25	9	103	59	21	29	1	71	17
14	3	2	72	21	18	113	47	17	62	0	59	27
14	9	4	51	15	8	100	72	27	72	2	24	15
12	7	6	57	13	8	88	77	33	78	1	20	13
29	7	4	86	16	13	93	54	37	64	1	55	35
15	4	3	38	20	5	104	71	20	38	1	55	19
7	4	3	41	11	9	111	67	12	26	1	65	28
16	3	2	36	28	6	107	85	20	36	1	51	17
10	4	3	48	20	10	108	75	18	69	2	31	12
26	10	2	41	19	19	96	60	30	42	5	57	22
13	3	2	62	15	5	108	61	19	37	1	57	23
13	5	3	31	23	5	103	60	24	23	1	71	19
10	6	2	40	19	6	112	71	14	37	1	51	24
31	7	4	58	25	9	83	69	40	43	3	59	31
10	7	3	34	17	10	107	63	21	23	1	66	22
6	4	3	71	14	13	121	77	10	77	1	28	20
20	9	6	38	30	6	87	86	36	60	2	28	13
10	8	6	29	22	9	100	68	26	35	0	56	15
17	10	8	101	8	5	81	61	40	89	1	31	23
33	11	10	55	24	10	80	91	52	52	0	36	26
16	5	4	57	21	4	96	86	30	67	0	20	14
15	7	4	29	29	8	102	74	26	47	0	43	13
6	4	2	38	31	7	116	81	12	54	0	34	17
17	10	6	37	31	8	86	73	38	34	0	59	19
36	9	5	44	19	16	81	75	48	32	2	56	25
10	7	6	40	10	9	100	84	27	47	1	37	17
34	9	3	44	21	7	84	77	45	29	1	57	27
10	7	4	55	6	6	105	73	23	37	0	52	29
14	12	3	62	37	5	97	67	30	70	1	39	22
16	11	8	30	19	15	86	65	40	42	3	55	16
31	6	5	97	19	6	84	59	43	103	1	20	17
25	6	4	80	7	6	88	67	35	76	2	34	21
18	3	2	63	15	4	111	61	21	50	0	51	28
9	3	3	77	12	10	115	57	14	63	1	50	34
18	7	4	83	13	5	101	64	27	57	1	51	33
5	5	2	83	12	4	120	54	9	60	0	52	31
17	12	4	28	26	22	86	62	39	45	1	56	14
12	5	3	42	21	4	107	98	22	51	0	25	17
14	4	3	80	13	4	106	79	21	71	2	29	22
16	7	3	61	20	6	104	64	24	81	1	23	14
16	2	2	73	13	11	112	75	18	71	1	34	26
3	2	2	61	20	6	125	65	5	53	0	49	29
19	7	5	51	17	4	101	105	28	46	1	32	19
6	5	2	55	13	9	119	63	12	59	0	44	19
22	9	3	43	16	7	95	103	34	41	0	30	20
16	3	3	38	20	6	104	73	23	51	1	39	19
18	8	2	55	42	3	104	86	26	70	0	28	14
15	13	7	46	19	14	99	69	31	46	0	51	15
8	3	2	38	19	9	117	88	12	52	0	31	19
17	10	6	68	21	17	94	49	33	97	3	31	19
13	6	6	59	17	5	103	78	26	61	0	36	16
7	4	2	55	23	5	119	81	10	74	1	20	17
16	11	5	44	30	22	96	70	31	63	1	40	15
16	12	2	60	13	7	98	72	30	55	0	41	19
5	3	3	105	15	7	121	43	10	90	0	43	32
12	11	2	70	21	8	111	54	22	42	0	70	37
