largest_clade_D_1	largest_clade_D_2	largest_clade_D_3	largest_clade_R_1	largest_clade_R_2	largest_clade_R_3	n_singletons_D	n_singletons_R	D_coals_pre	R_coals_pre	D_coals_peri	R_coals_peri	R_max_coals_in_single_clade
10	4	4	21	14	10	78	111	13	27	6	29	12
7	6	3	15	7	7	75	98	13	30	5	28	6
9	6	3	23	15	11	72	103	17	35	3	27	15
12	3	3	40	10	6	83	108	13	35	3	25	17
10	4	3	10	10	9	76	120	17	30	1	17	6
12	4	3	25	16	9	74	86	14	16	3	55	17
14	6	4	10	10	8	72	130	15	23	7	13	5
13	5	3	11	10	7	80	110	10	23	8	22	5
14	4	2	13	12	6	79	98	11	25	3	26	6
11	4	4	33	8	6	74	89	10	25	9	36	18
13	3	2	28	7	6	81	119	12	31	2	20	11
8	5	4	38	10	9	72	99	17	37	4	27	17
9	6	6	23	13	11	68	102	20	43	6	23	8
13	3	2	12	10	9	83	114	11	21	2	25	6
13	2	2	22	7	5	84	123	9	25	6	14	7
12	4	2	20	10	5	81	115	9	27	6	23	10
6	5	4	33	8	8	77	98	11	36	5	29	14
11	3	2	12	10	9	85	111	10	32	3	22	5
15	4	2	15	11	5	76	103	15	26	3	29	9
9	5	3	19	13	10	80	99	9	25	5	35	6
13	5	2	19	9	7	81	115	15	19	2	32	8
12	5	4	17	14	9	70	92	19	12	5	39	6
11	3	2	25	12	7	83	119	14	41	1	14	6
12	4	2	26	18	4	85	113	11	36	4	19	10
12	3	2	29	8	7	80	96	8	29	6	33	17
11	3	3	27	14	10	84	104	13	37	1	21	8
15	5	3	17	11	10	70	121	18	33	4	24	8
6	4	4	18	11	11	72	93	15	40	4	30	5
7	4	3	11	11	10	79	84	10	32	2	33	6
11	2	2	17	9	7	84	116	8	25	3	25	9
15	3	3	20	8	5	78	117	14	27	3	19	11
14	7	5	25	10	7	72	101	17	37	7	27	6
15	3	3	16	11	6	78	127	14	25	3	16	7
12	6	3	24	17	9	76	99	17	19	4	45	14
14	4	4	21	18	11	72	103	19	23	6	42	13
9	3	3	15	8	6	78	108	13	37	2	14	3
9	4	3	19	12	8	68	104	18	39	3	22	10
13	5	3	23	10	5	78	117	17	29	3	21	8
11	4	4	25	18	8	77	95	14	36	5	40	15
11	4	3	25	17	8	77	100	18	51	0	19	6
16	5	3	23	9	9	72	103	19	40	6	21	5
14	6	4	16	11	9	59	101	14	25	7	28	4
8	3	2	26	10	10	86	97	8	46	4	26	6
11	3	3	20	8	7	78	123	5	20	8	20	13
9	5	3	29	10	9	82	82	13	37	2	36	15
13	3	2	25	11	9	77	87	13	28	1	32	11
10	5	3	12	10	6	83	123	10	31	3	14	4
11	3	2	22	11	8	81	95	10	10	3	40	8
15	3	2	20	14	5	79	110	10	24	4	28	8
11	6	2	31	8	5	76	111	15	32	4	25	17
12	3	2	29	9	8	82	105	10	26	6	31	15
11	3	2	21	16	6	83	105	10	31	3	22	14
12	4	2	10	8	7	73	136	13	16	6	19	7
11	2	2	13	12	6	86	104	10	36	3	20	5
9	4	2	15	9	8	82	76	11	33	3	41	8
12	4	2	41	21	10	77	63	13	50	5	41	18
9	4	3	22	12	8	81	114	11	24	1	24	10
10	7	3	17	12	8	76	93	17	48	3	19	6
10	2	2	31	6	6	85	95	7	29	4	29	13
7	4	4	16	12	11	78	102	13	48	2	19	3
8	4	2	15	12	6	85	116	6	32	4	18	5
11	3	2	25	15	7	77	126	12	36	2	15	9
10	3	2	18	12	11	80	96	10	42	5	21	7
13	2	1	28	12	7	88	124	6	32	5	13	6
12	2	2	27	13	9	81	101	9	40	5	24	9
10	3	2	29	9	7	82	125	12	27	2	18	9
6	5	4	31	14	10	69	75	15	38	7	41	15
13	5	2	22	20	10	77	107	15	43	3	22	6
14	4	4	17	10	10	68	44	19	26	4	66	10
10	4	3	24	7	7	84	101	6	40	6	25	6
9	3	2	17	12	8	85	123	6	26	6	21	6
12	2	2	13	9	8	87	124	8	23	4	21	8
10	4	3	40	14	6	76	106	13	42	3	20	15
11	2	2	13	8	8	86	123	8	36	5	9	2
6	5	4	32	15	9	74	91	14	44	4	29	15
9	5	3	16	9	9	80	116	14	26	3	24	6
7	3	3	23	11	10	85	107	8	27	4	27	10
13	4	3	18	8	5	81	104	15	31	2	22	4
10	3	3	14	10	7	81	115	9	30	6	18	6
16	4	3	16	10	9	74	88	15	34	4	30	10
14	3	3	36	9	7	81	116	13	32	3	27	17
10	3	2	13	12	9	76	119	12	26	6	23	7
12	6	5	29	10	8	71	98	21	24	3	32	12
11	3	2	23	8	6	87	128	7	19	6	20	12
14	3	2	36	10	6	80	111	10	34	5	26	18
9	4	3	22	7	5	83	120	12	31	3	15	7
17	4	3	27	11	9	71	87	16	28	8	38	14
11	5	4	32	17	9	67	85	14	29	8	39	16
12	7	2	17	10	8	74	104	16	37	4	18	6
10	3	3	22	7	7	79	109	14	26	3	28	10
12	5	2	10	8	7	76	89	9	28	7	41	7
8	4	2	13	10	8	85	102	9	39	2	23	7
17	4	3	22	8	6	73	112	13	33	8	23	8
14	3	2	14	12	7	82	100	11	20	4	35	9
14	5	2	10	10	8	72	109	15	31	6	14	3
11	4	2	22	14	8	84	128	10	34	5	13	4
9	6	2	18	14	10	80	94	14	29	2	32	9
9	5	4	23	14	5	78	114	12	40	4	17	9
11	6	3	9	8	7	77	130	12	22	6	12	5
9	5	4	33	10	5	81	111	13	39	2	13	8
12	3	2	34	7	6	84	114	12	38	2	18	10
9	4	3	30	18	7	79	98	13	46	2	25	7
11	3	2	22	9	7	77	100	12	43	5	17	5
10	5	2	25	14	9	84	109	13	34	0	26	9
13	3	2	50	12	10	85	105	12	47	3	23	15
8	3	3	21	10	6	79	113	12	30	2	21	9
13	5	4	20	17	8	73	100	17	19	6	38	13
13	3	2	26	11	6	81	92	7	26	7	37	12
10	3	3	19	17	7	77	119	13	29	2	13	5
11	3	2	31	11	8	81	97	10	22	3	39	14
14	5	2	16	9	7	78	123	15	23	3	17	8
9	2	2	30	7	6	80	109	8	34	3	25	14
11	4	2	21	9	5	82	129	11	28	5	12	4
12	4	3	33	15	6	80	79	12	20	4	43	15
12	3	2	23	14	10	82	95	13	21	3	42	11
12	5	4	10	6	6	74	101	12	18	7	34	5
13	2	2	25	8	7	86	118	9	32	5	17	9
10	4	2	40	10	10	81	102	14	32	2	32	18
9	5	3	13	10	8	72	105	14	28	3	20	9
7	5	2	20	13	6	83	110	8	34	5	21	7
14	4	3	22	17	8	78	97	11	32	7	25	7
10	4	3	28	7	5	82	134	12	30	3	9	5
11	4	2	19	17	9	82	130	7	18	7	23	13
10	5	3	31	11	9	78	85	15	24	4	46	20
10	4	3	26	11	7	77	116	12	37	2	13	4
13	4	2	20	9	5	78	133	11	22	5	17	6
13	6	4	15	11	10	64	91	24	36	3	36	6
16	4	4	10	9	7	71	62	19	56	4	13	3
12	3	3	14	10	7	76	96	8	17	6	34	8
12	3	3	24	6	5	79	124	13	29	3	16	7
17	3	2	26	13	12	79	92	12	38	4	33	14
10	6	2	25	16	7	73	104	15	34	3	23	14
14	6	4	18	12	8	70	111	16	26	6	31	12
10	4	4	40	19	10	72	84	16	51	6	33	12
8	5	3	18	10	6	79	115	10	20	5	23	8
11	3	3	22	19	7	84	108	12	33	3	25	8
11	4	3	21	20	8	76	103	17	34	2	28	11
10	7	2	14	8	8	78	94	11	53	4	10	4
13	4	2	27	16	7	80	111	13	37	2	18	8
10	6	4	25	15	13	74	89	19	42	3	31	10
15	6	3	27	10	10	73	113	16	34	7	20	7
13	4	2	19	15	12	84	109	14	42	1	20	5
9	4	2	11	8	6	76	123	13	30	3	18	6
15	3	1	41	10	7	85	110	13	54	3	8	6
9	5	2	16	7	7	81	111	13	29	2	18	4
13	3	2	36	16	14	81	90	11	54	3	25	10
9	5	2	18	14	7	85	118	12	30	2	25	6
11	6	4	20	16	9	78	113	14	32	3	19	9
11	6	4	16	12	11	80	91	15	52	3	17	4
9	3	2	29	12	6	85	115	7	26	5	30	18
15	2	2	21	7	7	74	127	10	38	8	5	1
12	2	2	26	10	6	87	81	7	18	6	49	9
8	6	4	18	13	11	74	77	10	43	8	39	10
13	3	2	31	6	6	81	119	14	30	2	20	12
13	3	2	13	12	7	83	99	8	16	5	35	9
10	3	3	32	12	5	83	112	10	41	2	16	7
11	4	3	21	18	11	81	117	11	38	3	17	8
10	3	2	18	9	7	84	100	9	24	4	28	9
8	5	4	17	12	7	69	105	16	28	4	24	7
13	6	3	13	10	8	72	117	15	37	4	15	5
9	2	2	18	9	7	86	102	7	26	4	31	6
11	3	3	18	9	7	75	105	10	22	4	28	10
9	5	2	26	12	8	85	103	11	40	2	20	9
11	4	2	19	9	9	80	107	10	23	3	33	12
9	4	2	17	9	8	80	90	7	15	4	42	5
9	3	2	13	12	8	83	99	10	28	4	32	6
7	3	2	27	9	8	85	99	8	38	4	27	9
10	5	3	26	14	5	73	110	11	25	8	26	14
10	4	2	23	8	5	79	125	11	34	5	13	3
14	6	3	20	9	7	67	95	18	38	3	27	8
10	3	2	22	9	8	84	98	9	14	4	36	10
11	6	4	11	11	8	60	121	21	31	5	16	5
6	5	4	21	17	8	75	98	11	37	5	22	9
10	6	3	20	10	8	79	117	15	27	4	21	11
14	2	2	30	14	7	77	84	13	34	5	34	10
7	4	3	13	9	6	82	100	9	31	4	22	5
12	4	3	28	8	7	84	78	12	23	2	48	13
7	3	3	16	10	6	78	95	10	47	4	14	5
10	4	2	11	9	8	75	104	13	11	5	44	9
7	3	3	13	11	8	83	111	9	36	4	10	2
11	3	2	27	7	6	73	107	14	34	3	21	8
8	5	3	31	12	6	76	95	15	42	3	32	10
17	3	3	35	11	9	72	109	16	31	4	25	16
12	6	3	12	8	8	80	107	12	12	5	28	6
14	3	2	22	10	5	78	116	14	26	3	21	11
11	4	2	19	9	9	80	107	10	23	3	33	12
9	4	2	17	9	8	80	90	7	15	4	42	5
15	2	2	22	9	7	76	124	14	25	5	23	13
10	5	2	25	11	7	78	87	11	30	5	37	8
12	6	4	24	19	10	73	79	14	29	6	49	17
10	3	2	26	12	12	86	89	9	29	3	42	16
9	7	3	19	11	6	74	97	15	39	4	18	7
13	5	3	15	13	5	70	116	14	35	6	14	7
12	2	2	15	11	9	85	90	11	29	2	41	9
12	3	2	27	8	4	78	112	10	24	7	31	14
9	2	2	10	9	8	88	105	8	38	3	17	4
11	4	2	8	8	7	76	134	10	20	6	17	4
7	4	4	26	12	7	78	120	13	29	3	24	10
11	3	2	24	6	5	83	112	9	27	5	25	16
9	2	2	16	11	8	86	107	7	21	4	29	7
13	3	3	13	10	9	80	101	12	22	3	35	8
9	4	3	21	9	4	79	124	11	32	4	11	4
9	4	2	33	11	7	82	96	10	32	4	34	16
13	3	2	30	12	8	79	89	11	19	4	47	16
13	3	3	15	14	10	77	96	16	17	2	41	8
7	5	3	11	9	8	76	96	12	37	4	28	5
8	4	2	16	9	6	83	115	6	34	7	19	7
11	3	3	19	17	12	74	76	13	39	3	35	8
11	2	2	32	8	7	82	113	8	31	2	25	11
10	5	2	20	12	9	74	96	13	13	4	48	13
9	5	3	40	7	6	80	117	12	33	4	20	16
10	4	2	18	15	7	87	118	7	36	5	15	6
15	4	3	33	14	7	73	97	12	40	9	20	6
8	5	3	23	9	8	70	97	17	26	3	29	12
11	4	2	15	9	7	80	109	14	37	1	19	6
10	4	2	35	9	9	85	88	9	52	5	21	7
15	2	2	14	11	10	76	93	16	47	2	22	4
14	4	2	13	12	9	73	77	14	17	4	51	8
8	4	3	12	9	8	68	98	18	32	2	31	5
15	3	2	28	13	9	79	110	8	28	9	22	11
11	3	2	13	7	6	79	105	9	16	5	35	8
11	3	3	14	8	7	70	124	15	28	3	15	4
16	3	2	27	10	6	74	91	16	35	3	29	11
10	4	3	21	14	9	75	87	12	30	4	39	12
8	4	3	23	8	6	76	123	9	29	4	16	8
13	2	2	18	10	7	84	118	10	24	2	25	9
11	6	3	21	18	8	75	99	13	27	4	33	12
10	4	3	30	13	11	80	79	12	30	3	49	14
15	6	5	36	16	12	73	88	15	53	6	23	13
15	2	2	15	12	7	84	132	10	31	4	13	5
16	6	2	14	11	10	75	117	13	24	6	31	11
11	4	3	33	12	7	79	75	12	12	5	54	11
11	5	2	16	13	8	81	84	13	25	3	44	7
11	6	4	17	7	7	80	127	14	24	4	17	9
11	4	3	23	9	6	79	121	11	30	5	17	7
14	3	2	36	13	11	74	111	14	32	3	33	19
11	5	2	13	8	8	83	135	11	28	3	8	2
8	3	2	24	10	9	80	81	9	32	5	42	7
14	2	2	17	13	8	83	99	4	29	9	30	8
13	3	3	31	8	6	76	116	10	26	8	27	17
14	4	4	27	7	5	67	104	23	41	4	16	9
13	4	2	15	12	6	76	101	15	14	4	37	11
12	3	3	21	10	5	77	113	15	26	3	23	12
9	4	2	20	9	7	72	116	10	30	3	19	4
10	4	2	14	12	8	85	96	11	37	3	21	4
8	3	2	27	12	6	86	101	5	49	4	16	5
12	4	2	23	14	12	83	82	13	34	1	39	11
13	4	3	34	18	6	75	100	17	48	2	17	8
13	5	3	10	7	5	73	117	18	31	4	12	4
11	5	4	32	17	9	67	85	14	29	8	39	16
12	7	2	17	10	8	74	104	16	37	4	18	6
15	3	2	10	9	6	77	98	12	26	6	28	7
10	3	2	26	13	10	78	112	12	46	3	15	7
8	6	5	19	15	10	67	74	16	31	5	47	11
12	4	3	16	13	6	72	121	14	28	3	18	11
9	5	4	17	14	9	73	93	17	18	3	45	11
15	5	3	34	10	9	74	110	16	32	6	27	12
12	2	2	26	8	4	81	116	9	30	5	21	7
15	5	3	14	10	9	67	85	18	22	3	41	4
13	2	2	18	10	7	84	118	10	24	2	25	9
11	6	3	21	18	8	75	99	13	27	4	33	12
11	7	3	29	16	13	77	102	13	39	5	32	13
12	2	2	22	10	6	83	94	6	17	4	32	10
11	3	3	22	17	6	84	113	10	22	4	32	17
12	4	4	15	8	8	77	101	15	24	4	32	6
13	3	2	33	13	7	85	115	8	38	4	20	11
14	3	3	41	14	6	73	87	15	31	5	40	20
12	3	3	32	14	6	81	106	11	20	4	38	18
14	3	2	11	8	8	78	97	12	14	4	45	6
10	5	2	27	7	6	80	101	13	23	3	31	10
9	5	3	21	10	8	80	113	12	29	3	21	7
9	6	5	12	11	11	77	109	14	37	3	23	6
16	5	2	39	12	9	76	89	18	41	4	30	15
8	2	2	12	11	9	77	70	9	58	2	16	7
9	4	2	19	9	7	86	96	8	24	4	33	5
11	3	2	34	14	7	81	94	9	26	6	39	18
15	3	2	22	9	5	77	126	9	28	8	13	7
10	5	4	18	18	7	77	99	13	36	6	31	8
11	3	2	29	13	8	87	113	11	38	0	16	11
10	3	2	16	14	12	84	76	8	29	2	50	9
13	5	3	22	17	8	72	90	18	46	3	32	10
12	4	2	16	7	7	79	135	10	14	6	24	11
8	4	4	22	11	8	76	101	17	49	2	17	4
9	4	3	29	11	8	76	95	13	28	2	36	14
8	3	2	14	11	6	86	121	8	32	4	14	7
11	3	3	19	10	9	81	120	11	22	4	24	13
12	3	3	27	9	9	80	68	14	19	3	55	16
14	2	2	19	6	6	77	119	13	33	3	19	9
11	5	2	36	15	8	77	66	11	25	3	57	17
13	5	2	25	13	6	83	128	15	25	2	16	7
13	3	1	33	16	13	87	99	5	42	7	24	8
11	4	4	31	6	6	73	105	14	33	5	26	10
14	3	3	35	8	5	75	109	13	35	6	18	10
14	6	3	30	10	6	76	84	19	29	3	41	15
9	4	4	22	10	6	82	121	11	37	3	10	4
9	2	2	16	11	8	86	107	7	21	4	29	7
11	4	3	34	5	5	74	97	15	51	5	15	8
13	2	2	19	12	12	84	122	9	33	2	13	5
14	6	3	22	8	8	66	102	17	40	7	20	5
12	3	2	48	9	6	82	88	9	44	3	28	8
8	5	3	21	16	8	79	102	11	26	5	30	9
9	4	3	14	10	8	83	126	11	24	4	16	4
11	6	3	29	11	8	71	118	16	21	3	30	17
8	3	3	21	16	11	79	88	11	30	4	33	10
10	2	2	21	13	13	87	98	9	40	3	24	7
13	7	3	37	14	9	74	92	15	53	3	20	9
11	2	2	17	14	11	80	101	10	40	1	28	11
10	4	3	24	18	8	76	121	12	36	5	14	6
15	3	2	33	12	11	75	96	16	47	2	27	10
6	5	4	20	10	8	75	101	10	39	6	26	6
11	6	3	13	7	6	77	84	17	29	3	34	9
10	3	2	9	8	7	82	129	8	26	4	11	3
10	4	3	13	11	8	78	107	10	12	5	37	8
10	4	2	23	8	5	79	125	11	34	5	13	3
14	6	3	20	9	7	67	95	18	38	3	27	8
14	3	3	19	13	10	71	86	18	17	3	49	8
12	4	2	34	10	6	79	105	13	33	2	32	16
13	5	2	14	10	6	79	128	11	21	6	12	4
15	5	3	12	9	8	78	110	15	38	4	14	4
11	4	2	32	17	5	78	111	12	27	4	27	14
13	2	2	21	13	5	80	99	11	24	4	35	9
8	4	4	18	12	7	77	103	11	28	8	28	11
11	4	2	21	14	8	84	115	14	33	1	22	7
9	5	2	24	15	7	85	121	8	42	2	6	4
11	4	2	11	9	7	82	87	12	12	4	44	7
9	4	2	10	9	8	88	106	8	33	2	20	5
7	4	3	21	12	6	76	90	6	33	6	35	13
10	5	4	19	16	6	71	116	16	24	3	25	10
16	4	3	27	10	9	75	98	14	26	6	33	13
9	3	3	25	14	13	76	68	10	27	4	54	13
8	3	2	11	8	8	88	112	7	35	3	19	6
13	4	2	13	8	8	74	106	16	31	3	14	2
14	3	3	22	17	10	78	94	15	52	2	25	6
10	4	2	23	10	8	87	84	6	20	4	45	14
15	3	3	38	9	9	68	62	16	70	2	20	6
12	2	2	11	8	7	81	116	10	35	3	15	3
10	5	5	29	9	8	73	77	18	19	5	51	18
11	3	2	16	14	7	85	109	11	26	2	28	7
9	5	2	12	9	8	87	118	5	29	5	14	5
12	6	3	21	13	9	78	114	17	28	3	22	11
15	2	2	29	10	7	84	112	11	39	4	17	14
11	3	2	21	8	8	83	118	12	25	2	25	11
15	4	4	14	9	6	72	103	16	23	8	34	8
13	4	2	15	12	6	76	101	15	14	4	37	11
12	3	3	21	10	5	77	113	15	26	3	23	12
9	4	2	20	9	7	72	116	10	30	3	19	4
10	4	2	14	12	8	85	96	11	37	3	21	4
7	5	4	15	11	10	77	111	14	38	4	18	4
16	3	2	16	13	10	82	110	13	35	3	19	7
9	6	3	32	13	10	76	77	15	53	2	28	13
11	7	2	32	11	7	79	126	13	34	4	14	7
11	4	3	19	12	6	79	93	7	11	8	38	8
12	5	4	22	18	12	77	88	14	28	5	45	9
11	4	3	16	14	8	79	126	14	23	3	18	7
13	7	3	28	7	5	74	121	15	35	7	14	5
14	4	3	15	12	7	67	89	11	18	8	33	7
8	6	2	32	14	9	81	85	13	35	2	39	9
10	3	2	18	7	7	84	107	12	38	1	21	5
16	7	2	37	12	8	78	109	14	40	6	24	13
7	4	4	31	9	8	81	101	8	29	5	39	18
15	4	3	16	15	9	73	112	11	20	6	25	8
15	3	2	36	17	10	81	100	12	38	5	32	15
10	4	2	14	12	7	81	101	14	32	1	23	6
12	2	2	16	9	6	85	121	5	36	4	10	3
10	5	3	33	14	7	81	94	13	20	2	37	12
10	5	4	25	10	7	71	96	14	25	4	44	12
9	4	3	24	17	7	83	85	9	29	3	39	13
9	4	2	10	9	8	88	106	8	33	2	20	5
7	5	3	19	14	8	78	112	14	40	3	15	6
11	4	4	16	15	12	78	105	15	33	3	25	5
11	4	3	20	9	7	85	106	10	43	3	21	4
10	7	3	25	16	8	79	106	14	43	2	22	6
13	2	2	22	9	5	86	106	10	38	3	9	3
10	6	3	20	13	12	71	98	15	38	6	31	12
7	5	3	27	9	9	81	91	9	43	6	33	15
12	5	3	22	8	6	79	108	16	23	2	25	9
10	3	2	17	13	11	82	116	12	32	1	19	7
10	4	2	36	9	8	81	106	13	40	2	20	14
12	7	5	14	10	8	75	91	15	40	5	23	4
9	5	2	13	11	10	83	117	12	21	3	25	8
9	5	4	22	15	12	82	103	10	37	4	31	12
11	6	3	17	16	6	75	124	16	36	3	14	6
11	3	2	24	7	6	83	109	8	22	5	29	14
9	4	3	15	10	8	74	108	8	13	8	35	9
17	2	2	17	12	11	80	99	10	34	6	33	8
14	3	2	26	9	7	72	85	10	17	4	40	8
14	2	2	15	9	8	83	91	10	28	4	33	11
9	5	3	21	16	9	77	114	11	30	6	31	11
13	5	4	20	12	8	75	123	17	25	2	24	10
12	2	2	21	19	9	83	101	11	36	3	27	10
12	3	2	23	16	10	84	94	6	30	4	24	12
16	3	2	17	13	7	82	114	12	36	4	19	6
10	7	2	14	8	8	78	94	11	53	4	10	4
12	5	3	13	12	10	79	114	12	26	4	14	4
9	6	3	17	11	9	79	92	12	22	5	39	7
13	5	3	17	11	11	74	82	16	33	5	40	7
12	5	2	22	7	6	84	109	14	28	2	23	11
11	6	4	28	5	5	82	118	13	37	5	7	5
10	5	3	25	9	8	79	113	15	29	3	19	8
7	5	3	15	7	6	82	107	10	36	5	20	4
8	3	3	21	8	8	81	107	9	21	3	36	11
12	3	2	18	16	11	80	104	12	28	2	30	7
10	5	2	19	15	8	78	85	13	18	4	42	8
14	2	2	25	7	6	81	98	12	38	4	23	7
13	3	2	28	7	6	81	119	12	31	2	20	11
9	5	3	40	7	6	80	117	12	33	4	20	16
14	4	3	17	14	10	76	87	16	20	3	44	10
11	2	2	16	10	7	86	119	6	22	5	22	11
7	4	3	37	12	8	82	108	12	36	2	26	11
11	3	2	29	8	7	85	122	11	30	1	15	10
9	5	3	25	8	7	84	118	12	37	1	13	5
11	4	2	28	14	6	86	123	12	30	2	21	11
14	4	2	9	7	7	81	116	13	25	4	15	5
13	3	3	41	10	8	70	97	16	41	1	27	11
10	3	3	20	9	7	85	124	9	37	4	12	8
11	4	3	24	19	10	81	98	10	33	4	32	11
9	3	2	11	8	7	83	130	9	30	4	10	2
11	3	3	35	11	6	78	92	14	24	3	43	16
10	4	3	16	10	7	76	93	14	42	4	20	6
13	3	2	23	7	7	81	120	12	41	4	11	3
12	2	2	8	8	8	81	115	11	39	2	11	3
10	4	2	17	10	8	83	127	11	15	3	27	8
10	3	2	11	9	9	76	111	13	26	2	21	5
11	5	3	20	18	10	76	88	14	18	5	53	13
9	4	4	28	14	7	78	110	9	25	3	32	19
10	2	2	17	16	9	81	113	10	30	3	25	8
12	3	2	21	18	6	84	121	10	30	4	21	8
11	3	2	30	9	5	83	120	10	31	2	14	7
10	3	2	27	14	8	82	118	14	44	1	13	6
10	3	3	34	16	9	78	98	11	24	4	39	20
9	4	4	27	8	5	81	110	14	43	3	17	8
10	6	3	35	13	8	74	82	15	25	3	42	14
15	3	2	33	11	6	81	101	12	24	3	33	12
14	3	2	30	19	9	78	92	15	55	2	22	11
13	6	2	15	12	9	80	106	15	30	2	29	7
9	4	2	28	10	7	80	102	9	40	4	15	5
11	4	3	18	13	5	83	101	11	19	4	39	13
11	5	4	15	5	5	79	115	10	35	6	11	6
14	2	1	10	10	9	87	112	6	32	7	16	4
9	5	3	14	10	8	86	117	9	30	2	19	6
11	5	3	42	16	12	73	89	14	44	6	34	12
7	4	3	23	10	8	83	101	11	39	3	20	9
11	2	2	20	10	6	78	103	10	39	4	19	4
10	2	2	11	10	7	85	106	7	29	4	22	3
14	5	2	16	9	7	74	118	16	22	3	24	10
13	4	2	18	8	7	80	122	10	31	6	18	9
8	5	4	14	12	10	78	97	5	38	10	30	7
11	7	2	26	8	5	79	120	11	39	4	12	7
9	4	3	16	15	7	85	133	9	25	3	13	8
13	3	2	16	9	5	85	109	8	22	6	24	7
12	3	2	28	6	5	78	125	12	24	5	22	13
9	4	2	15	11	8	78	95	14	30	2	35	8
12	3	2	13	10	7	80	121	7	14	8	30	8
13	4	3	14	10	7	75	86	16	13	3	52	8
11	3	2	15	15	12	77	103	11	20	4	34	10
8	3	2	15	12	10	88	98	8	27	3	36	8
15	3	3	16	8	7	76	115	15	38	5	14	3
8	3	2	21	15	6	88	106	6	35	4	21	11
10	5	3	15	10	6	81	123	10	20	6	23	8
11	4	3	32	11	11	73	93	14	37	1	35	12
7	5	3	14	10	8	75	118	10	25	6	22	4
12	7	3	18	10	8	69	98	14	33	6	31	6
9	2	2	16	10	9	84	124	9	31	3	15	5
12	4	3	16	13	6	72	121	14	28	3	18	11
7	5	4	18	14	8	77	111	14	39	3	21	9
9	5	2	13	9	9	73	119	12	33	4	10	2
13	2	2	12	11	11	80	122	10	27	6	19	5
8	5	4	14	11	10	82	96	10	17	5	42	8
10	5	3	24	18	11	79	102	14	32	3	29	15
7	4	3	20	12	11	85	71	11	33	2	48	9
15	5	2	22	9	9	77	117	15	29	5	20	7
10	3	3	12	7	6	83	114	9	25	3	22	6
11	4	2	15	14	8	82	87	13	23	1	43	9
14	6	2	19	8	7	69	107	13	29	8	25	9
14	4	4	26	8	8	75	91	14	47	4	24	10
9	3	2	32	10	8	83	88	9	27	2	40	15
8	4	2	10	10	6	83	108	8	34	5	16	4
12	3	2	20	8	5	82	107	8	32	3	20	3
13	6	3	25	18	12	69	67	19	32	5	51	17
11	3	3	15	11	11	78	115	12	29	4	22	7
11	3	2	14	10	9	85	85	8	17	6	45	7
11	3	2	19	13	8	87	127	8	18	3	24	9
9	4	3	26	14	7	85	116	10	37	3	22	9
9	3	2	30	11	5	83	117	10	32	3	17	12
14	6	4	31	14	12	73	102	18	29	4	35	16
13	3	2	20	16	8	81	86	14	29	3	43	10
10	5	2	33	14	7	84	107	11	34	1	25	11
7	4	3	16	8	6	81	107	7	36	6	15	4
11	3	3	21	11	4	82	130	11	28	5	12	4
12	4	2	15	7	5	75	115	14	27	4	13	4
11	3	3	20	9	8	75	83	10	12	8	55	14
14	2	2	26	12	9	85	109	10	19	4	41	17
9	3	2	26	10	9	83	112	5	26	4	27	14
10	5	4	12	11	10	75	119	13	28	5	17	4
13	3	3	39	7	6	82	112	11	39	5	19	10
13	2	2	34	8	7	82	98	12	44	1	25	6
11	6	4	26	14	11	72	68	10	51	8	33	6
12	2	2	12	12	6	81	115	7	31	4	18	6
17	3	2	30	13	6	79	104	11	33	6	25	14
12	3	2	25	17	8	76	115	13	40	3	15	5
10	4	3	16	14	13	82	102	12	27	2	25	6
15	4	3	25	14	14	75	103	13	35	3	29	12
11	3	3	27	13	6	76	100	10	42	4	18	9
11	3	2	13	9	7	75	111	14	25	3	25	5
14	4	3	19	10	9	71	112	12	32	8	17	6
13	3	3	32	14	7	80	108	12	38	3	22	10
15	5	3	24	13	11	78	125	15	29	3	23	10
11	4	2	25	8	6	84	112	10	37	3	18	11
8	4	3	30	12	6	82	103	10	43	3	19	8
13	3	3	22	9	8	72	118	15	15	6	27	11
10	3	3	10	10	10	81	103	5	18	5	39	7
11	3	2	15	8	6	85	102	8	22	3	38	10
14	3	2	35	11	8	84	104	13	29	2	30	18
15	2	1	35	10	10	86	86	13	47	2	35	12
14	7	3	11	8	7	73	89	18	52	5	19	3
10	2	2	13	7	7	85	104	7	23	5	27	4
12	2	2	19	8	8	85	125	11	27	3	18	5
14	5	3	17	8	7	73	87	19	31	2	33	7
8	3	3	18	10	7	77	123	7	30	6	20	8
14	3	2	25	15	8	76	125	11	20	4	26	15
11	3	3	13	9	7	73	99	14	12	4	43	9
8	4	2	18	9	7	85	128	7	25	6	16	11
9	4	3	11	9	9	82	110	13	38	2	13	3
11	5	3	22	8	7	80	116	15	25	3	24	7
12	3	2	26	12	7	82	101	11	22	3	35	14
14	4	3	14	14	13	76	125	13	33	4	15	4
8	5	2	43	10	7	84	79	9	59	3	22	12
7	4	3	26	14	8	79	103	11	40	3	26	9
11	4	3	15	9	7	78	71	14	14	3	56	10
14	5	2	19	17	9	74	90	19	31	3	40	9
10	4	2	29	22	7	83	107	11	44	4	23	9
13	5	4	10	9	9	75	104	17	30	2	24	4
15	4	3	14	10	9	71	115	18	35	1	13	5
17	4	3	33	8	5	73	87	14	50	7	19	15
15	5	3	17	10	5	76	111	11	23	7	15	5
11	5	2	22	11	9	79	72	12	21	3	54	10
13	5	3	17	11	11	74	82	16	33	5	40	7
12	5	2	22	7	6	84	109	14	28	2	23	11
9	4	3	12	8	8	77	103	8	26	7	28	6
10	3	3	26	8	8	79	114	14	24	2	29	18
9	3	3	13	9	8	74	107	15	26	4	27	5
9	4	3	33	16	12	81	100	14	34	2	33	16
12	2	2	15	9	8	77	78	12	39	1	37	7
14	3	2	14	10	9	76	107	13	19	7	32	8
13	5	4	36	14	5	73	103	19	43	3	22	9
11	5	4	12	11	6	76	110	12	24	5	22	7
12	3	2	19	9	7	80	85	11	15	4	50	6
8	5	3	26	9	5	79	122	12	34	4	14	4
8	3	2	33	12	9	78	95	12	46	3	26	10
12	3	3	17	11	6	81	115	11	27	3	26	8
12	3	3	22	18	10	66	96	18	41	6	27	8
9	2	2	27	12	5	86	107	7	40	4	17	7
14	3	2	30	16	8	80	91	13	35	4	34	18
10	5	4	19	12	10	75	97	16	24	1	31	5
8	5	3	25	15	10	77	86	14	49	3	27	11
15	3	2	27	11	9	77	111	11	28	6	19	11
9	3	3	35	16	7	75	92	12	38	3	37	19
13	4	2	11	7	6	76	100	14	18	5	29	4
9	4	3	21	9	4	79	124	11	32	4	11	4
9	4	2	33	11	7	82	96	10	32	4	34	16
10	6	5	19	11	9	72	80	17	58	4	22	5
10	3	3	35	11	9	76	105	16	55	1	10	5
9	5	4	25	13	8	83	108	10	19	5	31	15
10	5	3	40	14	10	78	96	18	50	1	24	15
12	6	4	19	16	8	75	110	18	38	2	13	6
7	4	3	19	9	7	77	106	11	37	4	26	6
11	5	3	33	15	8	80	103	14	33	2	36	20
14	4	3	17	10	6	77	125	8	21	8	20	7
13	4	2	32	10	9	74	104	14	22	6	37	18
16	4	2	15	9	8	81	130	14	32	4	7	4
9	4	3	21	16	8	85	112	10	22	3	31	11
13	4	3	26	21	7	79	96	8	39	6	35	16
11	6	3	17	8	7	72	123	18	28	5	20	6
12	4	2	15	7	5	75	115	14	27	4	13	4
11	5	2	36	14	7	75	96	15	33	4	37	21
14	6	3	24	11	7	70	83	13	29	8	40	16
7	5	3	23	10	6	80	103	9	34	3	22	7
13	5	5	35	11	9	69	81	13	36	6	45	17
11	4	4	24	14	6	76	114	16	36	3	21	10
11	5	3	15	9	9	84	103	11	14	4	36	10
11	2	2	22	17	7	88	114	9	40	3	14	6
10	4	2	22	8	7	87	114	10	33	3	20	4
15	4	2	18	8	6	76	111	15	24	5	23	3
9	6	4	12	8	6	76	107	14	33	4	22	5
9	4	3	18	14	5	80	108	11	24	4	23	8
9	5	3	31	11	6	75	111	13	32	3	20	13
10	4	4	25	22	7	64	88	18	42	6	33	14
10	3	2	18	14	11	76	109	13	20	2	33	10
11	2	2	20	10	9	86	104	6	19	5	37	10
13	5	3	20	10	9	80	78	10	12	6	55	13
14	2	2	16	15	10	81	111	13	36	3	16	4
13	3	3	21	9	9	67	110	20	14	4	39	10
11	3	3	29	12	7	80	101	13	19	3	39	8
13	3	3	15	14	10	76	100	18	47	0	15	5
9	6	5	38	12	7	66	93	18	39	5	26	15
11	5	2	40	11	7	83	107	12	20	4	32	17
12	2	2	11	8	7	81	108	8	28	4	21	2
14	5	3	26	12	8	76	95	14	40	6	32	12
8	6	4	24	11	9	81	100	13	29	3	31	8
14	5	4	20	11	7	66	100	19	33	5	24	6
8	4	3	25	13	5	80	101	7	42	5	18	9
8	4	2	20	14	7	77	126	10	33	2	16	6
16	4	3	29	14	4	72	93	14	34	4	28	13
16	3	3	13	11	10	73	112	16	34	5	20	7
15	5	3	25	16	5	74	102	18	44	2	18	8
8	5	2	27	7	7	82	104	9	19	5	33	11
14	2	2	19	11	7	81	101	13	20	4	39	15
13	4	4	11	9	7	80	123	16	33	1	15	5
13	4	2	27	16	7	80	111	13	37	2	18	8
10	6	4	25	15	13	74	89	19	42	3	31	10
10	4	3	10	10	9	76	120	17	30	1	17	6
13	6	2	16	9	7	80	120	15	40	2	9	6
13	3	2	10	9	8	85	95	11	15	4	32	4
16	4	2	29	16	8	77	97	16	36	3	31	10
14	4	3	12	9	7	75	106	17	30	3	27	5
17	3	3	25	15	12	68	97	17	44	6	22	10
12	3	2	14	9	9	84	108	10	34	4	21	5
7	5	4	26	14	8	76	90	13	37	6	28	13
8	3	2	16	10	10	86	108	8	31	2	27	7
12	5	3	15	7	6	72	114	18	17	5	34	7
10	5	4	12	12	9	72	128	17	28	3	17	5
14	5	3	13	9	5	73	128	14	22	6	19	6
7	5	5	27	14	8	71	104	14	39	5	25	11
12	4	3	13	6	5	77	124	15	28	4	11	2
13	4	2	13	8	8	74	106	16	31	3	14	2
11	5	3	15	9	9	84	103	11	14	4	36	10
11	2	2	22	17	7	88	114	9	40	3	14	6
9	5	3	16	12	9	80	120	12	31	3	19	7
10	4	2	26	9	8	85	100	7	37	6	28	14
11	3	2	36	6	5	81	124	11	34	4	18	10
9	4	4	16	9	6	84	129	7	23	6	10	4
11	4	2	28	14	7	78	103	11	20	5	26	10
11	3	2	24	10	7	85	102	8	39	4	19	9
17	3	3	22	11	8	74	118	15	32	4	22	10
11	5	5	24	8	7	76	108	12	43	6	14	5
9	2	2	27	10	9	86	106	9	30	2	27	13
8	6	3	25	13	9	84	107	11	34	2	28	11
11	3	2	24	6	5	83	112	9	27	5	25	16
12	3	2	13	10	9	82	77	7	13	6	47	6
8	4	3	20	13	7	82	108	10	39	3	17	5
14	4	2	13	12	9	81	109	13	19	3	31	9
6	3	2	25	10	8	84	106	5	39	5	15	6
10	5	3	28	21	10	79	79	15	47	2	35	10
9	4	3	22	19	9	75	83	11	43	7	32	9
12	3	2	22	21	7	78	93	14	36	2	25	7
9	4	2	31	13	8	84	101	9	37	4	26	11
8	3	3	17	14	9	82	114	8	31	5	25	8
9	4	4	10	10	8	82	114	10	24	5	24	8
15	4	2	16	9	6	82	123	8	28	6	12	4
12	4	2	24	16	7	79	103	12	26	4	33	12
10	5	2	12	12	10	84	104	8	27	6	31	6
11	3	3	13	11	10	80	95	9	31	6	40	8
11	3	2	24	8	8	81	113	11	26	3	27	12
9	3	2	18	10	8	81	109	4	30	6	26	14
12	4	3	8	8	6	78	135	14	23	5	16	4
10	3	2	32	9	5	86	92	10	38	2	28	9
10	4	3	24	11	4	79	108	12	30	3	26	17
8	6	3	29	11	10	83	102	10	22	5	43	13
10	4	3	17	13	7	76	108	12	30	2	26	9
7	4	2	14	13	9	84	90	10	43	2	20	3
12	5	4	14	14	13	82	121	12	32	3	17	7
11	5	3	22	18	9	84	111	12	29	3	28	13
13	4	3	21	10	8	75	81	18	18	2	48	12
9	2	2	23	9	9	86	118	6	27	3	22	11
8	3	2	16	10	10	82	108	7	22	4	36	9
14	4	3	20	7	6	74	105	13	23	6	30	7
12	5	4	19	17	9	78	103	11	35	7	27	8
13	6	2	30	12	8	80	108	14	25	3	33	18
17	2	2	22	12	9	78	105	13	32	6	28	10
12	3	2	15	13	10	86	124	9	18	4	24	11
12	5	2	30	21	8	82	107	13	41	2	27	9
8	3	3	13	9	8	79	131	11	29	3	14	4
11	3	3	17	15	6	80	111	13	32	1	21	5
17	3	2	15	15	11	71	81	13	38	6	40	8
8	3	3	18	11	9	87	112	9	26	3	28	8
9	5	4	12	11	7	78	98	13	19	3	35	6
13	4	3	44	8	6	72	100	13	29	5	29	17
10	3	2	16	10	6	82	121	12	37	1	15	6
16	3	2	28	12	7	76	90	11	17	8	36	12
9	6	3	21	9	7	73	124	13	25	5	22	7
11	3	3	14	11	7	79	121	13	29	3	17	5
11	3	2	15	11	5	79	117	9	29	5	18	9
11	3	2	14	12	5	83	120	11	33	2	12	6
13	3	2	16	10	7	83	105	14	27	1	30	9
12	3	2	30	10	6	78	101	13	19	4	33	16
10	7	4	26	14	10	74	100	13	39	2	24	8
11	3	2	41	10	8	83	107	12	30	2	35	14
15	5	2	20	12	9	77	75	11	18	8	51	11
12	3	2	17	12	11	86	112	11	37	3	20	8
8	5	3	16	15	10	81	97	14	40	1	21	5
13	2	2	17	10	9	76	113	12	31	3	23	6
14	6	4	26	8	6	72	130	14	31	7	14	7
11	7	3	24	9	5	75	117	15	32	5	19	9
8	3	2	11	8	8	78	79	10	19	5	48	9
12	3	2	18	11	8	80	92	12	16	3	52	12
9	6	3	12	8	7	74	104	14	21	6	37	7
11	2	2	31	13	5	82	110	11	39	2	18	13
10	3	3	25	7	6	81	107	11	27	2	23	5
11	4	3	13	10	8	83	101	14	34	2	26	5
14	2	2	14	13	7	79	109	12	40	4	18	6
7	7	3	18	13	11	78	98	12	45	5	21	5
14	4	3	33	6	6	75	107	13	34	7	22	14
9	6	2	23	16	5	80	106	11	40	3	18	7
10	2	2	12	12	6	83	110	9	35	3	11	3
15	3	2	32	10	8	77	115	17	36	1	24	7
10	4	3	21	7	7	69	94	17	36	3	23	5
10	5	3	25	9	8	79	113	15	29	3	19	8
7	5	3	15	7	6	82	107	10	36	5	20	4
8	4	3	17	8	7	86	86	9	32	2	33	9
10	5	3	14	14	12	82	102	10	18	6	42	10
8	4	3	30	12	6	82	103	10	43	3	19	8
11	4	3	18	12	6	81	108	14	17	2	24	9
9	6	3	31	11	10	77	104	12	28	5	26	18
11	4	2	12	9	9	78	118	12	18	3	26	5
11	4	2	15	12	7	74	126	11	31	5	12	2
9	3	2	32	12	7	79	94	10	39	2	26	6
9	6	4	29	16	9	80	100	13	36	2	33	13
11	5	3	25	14	6	78	106	14	28	4	29	11
10	7	3	23	17	9	83	84	10	27	7	39	15
10	4	3	9	7	6	72	104	15	21	4	34	4
15	2	2	23	19	10	82	115	13	43	3	15	4
15	5	4	19	14	9	69	92	17	40	2	28	5
13	6	3	28	11	8	77	92	15	43	4	28	10
18	4	3	37	10	8	78	94	15	35	5	33	15
13	3	2	15	14	12	83	91	12	36	2	32	7
11	5	5	26	19	10	76	88	12	44	6	33	12
14	2	2	16	14	8	79	95	12	21	4	42	11
11	6	2	21	15	7	76	74	11	30	5	48	11
11	3	3	17	11	7	73	117	13	29	3	16	9
15	5	2	39	11	5	81	103	10	41	7	26	15
7	6	3	25	12	10	85	113	6	37	5	16	5
11	6	3	14	12	8	73	128	16	30	4	15	5
14	3	3	33	8	7	71	110	12	45	7	10	5
16	3	2	13	12	10	82	86	15	38	2	31	6
9	3	2	26	9	8	79	110	12	34	3	21	11
14	3	3	16	10	9	76	89	18	30	1	33	5
16	3	3	16	12	7	75	132	11	25	8	14	7
10	4	2	23	14	12	77	89	12	36	4	36	11
14	4	3	17	9	5	78	116	14	33	3	13	4
9	3	3	16	12	7	84	113	9	43	2	9	2
8	5	3	19	12	8	79	118	13	20	3	30	13
15	4	3	18	9	7	79	105	16	23	2	29	10
9	4	2	25	14	10	84	104	9	30	3	33	8
11	3	2	29	9	5	83	107	11	24	3	32	15
8	5	2	15	11	10	84	110	10	41	4	12	4
10	4	3	21	11	7	82	110	10	23	5	24	9
12	5	2	31	8	6	80	127	15	34	2	11	6
13	4	2	38	9	8	76	96	14	24	4	35	21
12	3	2	18	7	6	84	103	13	30	2	24	7
12	5	3	36	17	13	75	69	12	52	6	38	13
11	3	2	12	7	7	83	111	8	23	3	29	7
10	6	4	19	18	5	74	119	15	41	5	12	6
11	3	2	12	9	8	81	124	9	28	5	14	3
11	7	3	10	7	7	68	105	16	34	7	26	6
10	3	2	15	7	7	76	127	9	20	4	20	5
16	5	3	36	8	7	71	99	15	33	5	32	17
11	6	3	38	17	4	77	99	13	44	5	21	10
11	3	3	20	9	8	75	83	10	12	8	55	14
12	2	2	15	10	8	81	104	10	15	4	39	8
15	3	3	27	7	7	76	104	15	16	4	37	13
12	4	2	43	9	8	75	115	16	39	2	15	10
11	5	2	35	7	5	81	117	12	33	3	21	11
14	3	3	25	16	10	75	111	14	32	3	24	9
10	2	2	18	12	11	87	99	8	34	2	32	10
13	4	3	23	17	5	79	104	11	35	6	25	7
9	4	4	18	9	9	69	85	20	52	3	20	3
10	3	2	22	9	8	84	98	9	14	4	36	10
11	6	4	11	11	8	60	121	21	31	5	16	5
14	5	3	25	10	8	76	88	11	17	2	47	13
10	4	3	22	12	6	84	113	11	36	2	16	6
11	5	3	16	14	9	79	109	16	29	2	27	6
12	3	2	32	13	12	84	86	12	45	1	34	9
11	2	2	18	12	6	82	110	7	19	4	26	7
9	4	3	21	10	7	81	126	13	28	2	17	5
12	3	2	17	9	5	78	121	13	25	3	23	11
10	5	2	17	6	6	82	117	10	29	6	21	9
13	2	2	19	11	10	82	126	7	28	6	13	8
13	3	3	12	9	8	82	109	11	17	3	35	7
11	6	3	10	8	7	79	111	13	24	6	31	5
14	7	2	27	12	9	76	105	14	27	8	33	12
10	4	3	22	16	6	86	124	8	32	4	17	8
8	3	3	19	12	9	76	90	12	43	3	28	4
9	4	2	28	12	11	82	96	6	27	4	38	20
14	5	2	18	13	7	76	108	17	31	3	22	6
11	3	2	23	15	11	81	97	11	42	4	29	11
13	4	2	16	14	8	84	98	14	23	1	42	9
9	3	3	29	8	6	82	107	10	27	4	31	19
13	5	3	20	10	9	80	78	10	12	6	55	13
14	2	2	16	15	10	81	111	13	36	3	16	4
9	4	2	14	10	7	88	103	6	20	6	33	7
10	7	2	49	12	8	82	94	11	50	5	26	9
13	2	2	22	7	5	84	123	9	25	6	14	7
12	4	2	20	10	5	81	115	9	27	6	23	10
10	2	2	12	11	7	85	113	8	22	4	27	6
12	3	2	17	13	10	82	103	13	23	2	35	10
10	4	2	31	13	6	83	115	11	30	2	24	14
9	5	4	27	14	8	75	98	12	27	5	34	9
10	2	2	21	13	11	89	106	5	21	5	37	12
7	5	2	16	12	8	85	110	8	25	5	28	12
12	4	3	40	12	11	80	110	10	43	3	20	11
12	4	4	9	9	8	76	99	14	11	7	38	6
8	3	2	20	9	8	84	111	9	29	2	21	10
8	4	3	17	16	10	81	102	10	22	4	36	9
13	6	3	12	9	7	68	114	17	35	5	17	4
8	5	4	19	8	7	80	124	6	24	7	22	13
13	5	3	17	12	8	69	99	15	17	6	41	12
11	3	2	19	14	11	87	120	7	21	5	31	12
15	4	2	35	8	7	78	103	14	23	4	31	17
14	3	2	19	11	9	80	113	11	20	4	30	8
10	4	2	31	11	6	87	131	6	23	6	23	13
7	4	3	24	15	11	83	110	11	45	2	16	7
8	2	2	23	9	8	81	86	9	36	4	30	6
9	4	2	13	10	8	86	119	8	35	4	16	5
7	4	2	17	15	10	84	112	10	43	3	11	5
11	5	2	24	6	6	79	131	10	32	4	11	6
8	5	3	13	10	9	77	103	5	32	6	22	4
9	4	4	21	18	7	72	90	20	37	2	34	9
12	4	2	29	7	6	77	95	11	34	2	30	16
8	5	2	43	10	7	84	79	9	59	3	22	12
13	7	4	29	8	7	74	90	14	23	7	44	17
14	4	4	34	8	8	79	101	16	33	3	30	13
8	4	3	17	9	7	81	110	10	26	5	25	5
9	3	2	23	8	7	87	125	9	33	3	16	7
11	4	2	33	10	9	84	118	13	30	1	22	17
11	3	2	16	16	7	87	108	6	29	5	24	7
18	4	2	23	13	9	79	120	17	40	4	12	6
8	6	2	21	9	8	79	113	7	26	6	27	12
9	5	3	18	8	6	84	116	4	26	6	19	7
13	5	2	15	11	10	81	105	14	30	2	28	4
9	3	3	19	11	8	84	91	10	33	3	31	8
10	3	2	42	8	7	82	84	4	34	5	39	17
9	4	3	14	9	6	79	89	10	19	5	41	8
13	5	3	23	10	8	74	92	16	48	0	16	5
12	4	3	8	8	5	75	128	15	24	5	11	4
10	3	2	20	13	9	76	75	10	39	2	36	12
12	4	4	26	12	6	75	128	17	32	3	13	6
8	4	2	18	12	9	83	108	8	29	4	21	5
12	3	2	20	8	5	84	128	12	27	3	17	7
10	6	3	26	10	10	71	77	12	46	9	31	10
14	6	3	27	15	7	78	70	11	17	4	53	14
8	3	2	28	17	7	84	104	4	30	7	30	11
8	4	2	29	11	8	83	108	11	38	1	29	11
9	3	3	14	12	8	80	101	9	30	4	24	4
12	2	1	17	16	8	89	113	8	35	3	18	8
11	3	2	30	17	12	81	85	6	45	8	37	11
14	5	2	34	18	7	82	114	13	44	2	18	13
9	4	3	35	13	9	81	114	9	26	3	30	19
12	7	4	12	10	7	72	132	18	32	6	11	4
11	3	2	20	10	5	79	120	10	34	5	13	4
11	3	3	14	11	8	76	124	11	15	4	28	6
9	6	3	23	9	5	79	120	12	36	3	15	9
11	4	2	16	9	9	84	134	12	27	1	12	6
11	3	2	18	9	6	81	127	10	21	5	23	11
10	2	2	18	13	10	83	117	11	24	3	29	9
13	6	2	33	15	8	74	96	18	37	2	30	12
15	2	2	19	13	8	78	113	13	19	5	35	11
10	5	3	20	13	7	75	118	12	24	3	24	7
9	3	3	18	8	7	84	102	10	23	2	31	7
18	5	3	25	13	9	69	85	18	44	6	32	15
13	4	2	14	14	8	80	120	15	37	1	8	2
13	4	2	31	20	8	78	95	13	30	3	37	9
12	2	2	24	12	8	81	105	11	37	4	25	10
10	3	3	17	7	6	76	104	15	21	4	30	7
9	6	3	26	19	9	77	68	14	33	3	54	15
7	5	3	18	12	7	74	123	11	39	3	8	3
9	5	3	28	13	10	77	90	15	31	3	40	18
7	4	2	14	13	11	84	101	6	33	5	26	8
10	5	3	13	12	8	77	111	9	32	6	23	6
13	4	2	12	11	7	74	99	18	32	1	30	4
9	5	4	49	11	10	77	77	16	49	3	37	15
12	6	3	26	12	9	80	91	17	27	1	39	11
16	4	4	16	14	8	73	117	18	33	5	19	8
8	6	5	33	12	10	68	102	17	33	5	25	12
7	4	3	43	12	8	78	91	12	60	4	18	11
14	5	3	31	13	11	75	81	15	25	4	54	22
11	4	3	20	12	7	83	121	11	23	1	22	11
7	4	2	27	17	10	80	103	11	44	3	21	6
14	3	2	19	7	5	82	119	10	23	5	24	8
10	4	2	22	8	7	87	114	10	33	3	20	4
15	4	2	18	8	6	76	111	15	24	5	23	3
11	3	2	25	13	7	87	109	9	23	2	30	13
10	3	3	37	12	6	83	103	11	36	3	31	17
11	2	2	27	8	8	88	117	7	22	3	25	13
16	3	2	17	10	6	78	126	12	24	6	18	5
12	4	4	16	8	6	73	106	16	27	5	26	5
10	3	2	16	15	10	78	78	12	21	2	48	11
13	5	2	28	19	9	81	116	12	31	4	26	16
7	5	3	28	9	9	85	82	10	43	3	26	5
8	6	2	15	12	8	85	107	7	36	5	21	8
14	6	2	31	11	8	81	113	15	31	3	24	15
9	4	2	12	9	8	84	113	10	21	3	30	8
11	3	2	19	11	7	79	102	10	39	3	13	6
9	5	4	43	9	7	79	104	10	56	3	11	4
14	3	3	15	9	8	79	122	14	33	3	12	5
11	6	4	19	10	8	68	115	17	28	4	21	8
7	5	3	16	10	9	82	102	10	28	3	28	10
13	3	2	26	20	9	79	103	9	34	7	33	10
14	3	2	14	12	5	80	111	14	25	4	21	4
14	4	2	12	11	11	77	114	10	45	5	10	3
13	6	5	17	8	8	79	89	16	27	4	41	9
11	3	2	26	15	14	85	102	8	39	4	27	7
11	6	2	32	14	11	80	80	13	30	4	54	21
13	4	3	23	10	10	81	93	11	14	6	42	9
10	4	3	10	7	7	78	114	10	21	7	24	3
12	3	3	24	12	9	79	84	14	29	2	42	15
9	2	2	14	11	8	82	117	11	28	3	17	6
11	3	3	16	14	13	74	110	16	33	3	21	5
10	3	2	25	7	6	80	105	13	38	2	18	11
9	4	3	30	18	7	79	98	13	46	2	25	7
13	7	3	17	10	8	74	105	11	28	8	26	9
9	4	4	22	15	7	76	104	11	29	8	25	8
7	4	4	16	12	11	78	102	13	48	2	19	3
8	4	2	15	12	6	85	116	6	32	4	18	5
11	6	3	17	9	8	79	115	14	20	5	28	5
12	2	2	41	13	11	77	100	11	46	4	18	12
9	4	4	37	7	6	75	94	14	34	3	29	17
15	4	2	21	14	10	80	115	11	22	7	32	14
13	4	2	28	10	7	82	104	7	37	8	25	13
10	3	2	29	9	6	78	102	14	34	1	22	11
14	4	2	14	12	8	81	125	16	28	1	21	9
10	4	2	19	12	9	81	118	11	24	4	27	13
8	5	5	23	16	9	79	103	14	37	2	22	11
11	5	3	24	17	6	77	107	13	33	4	23	8
9	6	4	10	9	7	74	78	14	21	5	44	6
9	5	4	18	16	12	83	98	11	41	5	27	8
12	4	2	32	14	12	81	96	15	56	1	19	6
13	5	2	26	9	6	79	119	14	42	1	9	4
14	4	2	23	18	13	71	82	19	53	3	36	10
9	6	3	14	12	10	75	101	15	37	3	25	5
13	3	3	17	12	10	78	109	14	33	3	23	6
7	6	4	14	9	7	76	85	13	33	4	31	6
14	3	3	33	14	8	76	85	16	29	4	41	12
10	6	3	29	12	7	75	94	17	48	3	21	9
12	4	3	20	14	11	78	82	15	12	3	50	14
11	2	2	16	12	10	82	114	11	19	3	33	9
12	6	4	24	16	7	75	108	18	22	5	31	9
10	4	4	22	15	11	67	95	20	41	4	23	6
12	4	2	41	12	11	79	82	10	43	8	35	23
9	4	3	24	14	7	74	110	12	22	4	28	9
9	3	2	12	10	9	75	95	7	25	7	37	5
7	5	2	16	12	8	85	110	8	25	5	28	12
12	4	3	40	12	11	80	110	10	43	3	20	11
12	4	4	9	9	8	76	99	14	11	7	38	6
8	3	2	20	9	8	84	111	9	29	2	21	10
8	4	3	17	16	10	81	102	10	22	4	36	9
12	3	2	10	6	6	82	92	12	32	2	29	7
14	4	2	35	10	5	83	116	11	30	5	28	19
11	5	3	11	8	8	82	112	11	14	4	31	8
10	6	2	20	8	6	73	126	15	33	3	11	5
13	4	3	16	11	8	71	100	14	32	7	26	5
8	4	3	16	14	7	80	88	13	46	2	22	11
13	5	2	33	10	10	81	81	13	21	5	54	18
11	4	3	20	16	7	77	87	16	33	1	32	8
13	4	2	20	12	11	80	105	18	48	0	21	5
9	2	2	21	17	8	80	107	9	31	4	18	6
12	7	2	13	12	12	74	109	15	35	5	20	7
14	3	2	12	12	11	82	121	11	19	5	26	7
13	5	2	10	8	7	83	102	8	17	5	36	5
15	4	2	13	11	11	76	116	15	28	2	23	5
13	2	2	17	7	6	80	100	12	37	3	19	3
15	3	3	13	12	7	80	125	14	31	5	11	3
13	4	2	27	11	10	80	109	15	39	2	24	9
14	2	2	35	15	13	77	87	10	33	4	32	14
11	3	3	14	10	8	82	106	10	25	3	27	5
6	5	5	16	12	10	80	82	11	45	6	25	10
12	2	2	12	8	7	87	102	7	23	5	22	3
14	5	2	23	18	12	74	110	18	35	3	26	11
9	2	2	16	11	8	86	107	7	21	4	29	7
7	5	3	10	9	9	81	116	9	31	5	17	4
8	4	2	14	13	9	79	81	8	21	6	45	8
14	3	2	24	12	8	78	108	14	35	1	26	14
13	3	2	18	10	9	83	126	10	31	5	14	5
15	3	2	16	9	7	81	133	13	28	3	12	5
12	2	2	12	8	6	85	90	9	26	4	33	7
9	3	2	19	16	7	83	124	8	23	5	21	11
15	5	4	15	14	7	73	132	16	29	6	14	8
8	4	2	15	12	9	79	96	13	40	1	29	5
14	2	2	24	14	9	83	102	11	30	4	27	14
12	5	2	10	8	7	76	89	9	28	7	41	7
8	4	3	24	13	6	73	103	15	24	4	35	10
13	2	2	18	12	7	80	97	11	27	1	38	9
15	5	2	24	9	9	75	110	11	24	7	28	12
11	4	4	25	11	9	73	106	16	18	4	37	14
16	3	2	17	13	7	82	114	12	36	4	19	6
12	4	4	16	8	6	73	106	16	27	5	26	5
14	5	2	30	6	6	82	117	14	33	3	16	7
13	4	3	19	10	6	79	107	11	14	6	38	12
11	3	3	23	13	9	74	104	14	36	5	24	9
11	2	2	27	7	5	80	110	11	37	2	23	11
10	3	2	23	18	8	84	75	9	23	5	53	17
9	4	3	26	20	6	81	106	10	44	5	15	5
14	6	4	28	8	8	70	109	21	29	6	30	12
10	6	4	23	17	11	76	87	16	25	5	43	12
11	5	4	20	17	10	70	88	20	26	2	41	12
8	4	3	38	7	7	82	103	11	41	3	19	17
14	4	2	37	8	6	83	101	13	34	2	32	15
14	4	4	17	11	11	73	127	16	27	6	17	4
7	5	3	24	15	7	85	113	8	29	5	25	13
11	6	4	16	9	6	74	92	20	34	3	26	8
12	5	2	21	10	4	82	116	10	26	5	19	9
