HSC_pop_size	HSCT_bottleneck	number_drivers_per_year	gamma_shape	gamma_rate	dpcpd
268722	41205	190.786233225262	0.994050617231418	34.6284622299855	1.9451403637824e-06
183610	12013	375.673340217884	0.124123943748576	29.0314139996149	5.60558808340615e-06
208830	9842	242.534068629023	0.614367767446669	31.5966050028767	3.18190346383895e-06
250989	6121	314.042908744993	0.255481265346152	31.4964057194184	3.42800493570714e-06
176059	6313	291.438108062306	3.1024378240407	51.169063461791	4.53518746575702e-06
234149	14558	151.902996786042	1.73412083598812	30.6995147618697	1.77738360588498e-06
203097	12227	129.844048283522	0.499536804325492	26.2327317743287	1.75156264536154e-06
197077	7008	184.856363141223	0.259788432700652	21.5474288545585	2.56983711659914e-06
237723	20593	151.466768366907	0.200316757920714	26.6887992770495	1.74563440466664e-06
213832	10148	152.51524894758	1.01250971215195	28.9604630482762	1.95410414304995e-06
237268	35863	199.61404671805	0.340518776600042	27.2975561137214	2.30493702997258e-06
268319	16733	277.660437327333	2.46096117102164	48.799920503337	2.83510868378385e-06
172046	36801	309.90203245092	0.542594319323822	35.1761715874729	4.93499799035779e-06
156493	18290	264.881764496783	0.327628466427405	32.4116749525295	4.63729025818885e-06
184386	13144	308.940208981036	0.526403117956389	36.3343125753362	4.59043274139519e-06
170148	7734	158.894558578336	0.280484995066045	22.7461470277133	2.55852291974555e-06
243492	43780	177.690192155788	0.413715400206001	31.0201440543246	1.9993365049465e-06
295254	15420	281.323978970977	0.174665998776231	30.0651676933791	2.61046633514786e-06
142240	13228	174.214721354876	0.3128393543695	27.5113955400471	3.35560043905874e-06
150799	44459	120.436762007244	0.615332222641514	27.4177978735414	2.18810291531572e-06
206709	12039	192.020115704452	0.367953712628216	19.3425180289088	2.54503920380497e-06
262623	14024	206.909665753732	0.882808706741669	31.5829939769539	2.15851542547898e-06
213412	18798	285.48374073146	0.693289497235107	36.050137636809	3.66496370813596e-06
233870	37133	123.714638205301	2.53661754798826	38.0811517094332	1.44928470629452e-06
281466	41931	212.501646438799	1.49558174321797	39.8344721243287	2.06844269507915e-06
180888	16539	156.256640556179	0.337011032756451	25.4327898270553	2.36665995027543e-06
312330	3624	204.524818010699	0.738298823981604	31.2841864168431	1.79407026911472e-06
284309	7517	239.381765617501	0.204115385064376	28.0215554282755	2.30678752254265e-06
222768	26408	196.505580060919	0.361377179081008	31.5947865769957	2.41673603130475e-06
155412	34153	137.078089701674	1.01581002711719	31.4400126844129	2.41652131200662e-06
211730	17102	231.411921166719	0.270087894572687	27.7533572734991	2.99440449379145e-06
208608	35675	144.556902011474	0.946022666956554	33.6069599820837	1.89851926522833e-06
204040	28940	169.178719473343	1.71263017833171	36.9019688779805	2.27162978348783e-06
154612	12257	262.714649095298	0.216905025948506	31.5210009118052	4.65530593941561e-06
375125	36451	187.553316529384	0.365098340470273	27.0698446180584	1.36979594220654e-06
282268	11238	248.401599601797	0.366176653290703	32.2581442089908	2.4110148074743e-06
258006	14137	182.932030755634	0.352388685300825	27.6153835104771	1.94252709590415e-06
278728	10906	184.951106497639	3.93732582948414	52.5791215443917	1.81795643160179e-06
182067	41128	185.986997544713	0.236056793015328	22.0131633253874	2.79871375883999e-06
160439	38784	183.743723418621	1.73440364893686	35.9789564688815	3.13768760351834e-06
232916	16000	173.394526479557	0.147971269874358	25.028669069565	2.03959151455574e-06
197450	23955	197.514989792854	1.6943070219265	41.0942543585602	2.74062779608299e-06
246820	17073	197.463110124327	1.12644359675618	36.6442125875056	2.19185974498999e-06
196926	36765	190.640397266631	0.54225459194754	30.7116458507978	2.65227780112703e-06
284034	10897	178.819648362286	0.563132693810385	28.9479943935376	1.72485281631136e-06
251711	46123	161.668646771462	2.12259247027436	37.9431997120049	1.75966802950157e-06
231336	17390	162.741557746344	0.432674011840404	27.5965374002256	1.92735796199827e-06
263859	42738	187.567560992361	0.473085915465453	26.9692049088487	1.94756945469434e-06
260381	18553	139.64238244271	0.725989710613333	27.7079378349189	1.46931561713817e-06
185497	13837	232.936142250653	0.816809049434321	36.2005144397037	3.44038562157676e-06
220460	9371	117.181611327001	0.812376097267469	31.5716352862668	1.45625288254075e-06
389101	33739	141.318468251664	0.632360884570681	21.0526276663669	9.95047264388931e-07
276268	23455	203.399884544291	1.29714604454993	35.6055259174925	2.01709918505072e-06
147144	25671	185.274383670191	0.430349143333549	30.3689356356983	3.4496890879085e-06
203489	4680	130.834292049112	3.21676461222721	41.8067300415899	1.76152084487636e-06
262674	18286	177.992072638162	0.375571576412011	23.834204679584	1.85648185232325e-06
178068	29496	110.697379895981	1.16749209733432	31.3809859883389	1.70317234351878e-06
274973	7133	177.342467396791	0.366970328675938	22.873733794861	1.76697266164256e-06
192474	24776	229.349968112284	0.759975111421056	33.9133839371222	3.26462834990677e-06
384414	29984	125.353277410762	0.286693531436287	22.9071785186071	8.93395237274953e-07
210019	19597	87.7710379218057	2.25999454864909	35.013431386856	1.14498496348446e-06
192372	43290	166.56942600672	3.72077287298636	55.580985662334	2.37225059675646e-06
189025	15360	213.087707876682	0.464835738938509	30.6554152000175	3.08849061969671e-06
246615	35384	109.410245780087	0.531186515858949	26.3065604849309	1.21547390883618e-06
203308	34330	150.946449438759	0.559996254731585	30.4582673550865	2.03411531405834e-06
189722	32735	251.534170719541	1.09688581558069	29.8616667749807	3.63233949831918e-06
199306	27787	202.178399282216	1.00159898162332	34.5147603232849	2.77921097554014e-06
261566	8887	187.567560992361	0.473085915465453	26.9692049088487	1.9646426857703e-06
164251	29336	197.791659617387	1.12646424287267	35.5127551904228	3.29918818062511e-06
244888	36354	196.16830461578	0.298600518121153	22.3629952141578	2.19466617354156e-06
269592	39270	188.712264365338	0.446871937504745	23.4376483223494	1.917786515812e-06
249716	22072	190.645575108929	3.98697947344688	52.3307703286516	2.09164268262367e-06
239691	33755	142.033244989068	0.30977883529903	27.8743369082256	1.62347429837683e-06
211952	30288	191.872578086938	0.97646977526785	32.7473780689407	2.48017615369799e-06
186304	3021	139.168254202233	1.80523853396847	36.6800916730814	2.04656308090699e-06
211407	37327	252.23107843866	0.915323602706655	39.1317363975235	3.26878509470773e-06
209463	36516	206.711348703547	0.651787556503416	29.6498845798153	2.7037350854399e-06
185122	25295	112.734275332151	0.836534691967264	27.1949145503532	1.6684188173597e-06
193155	14099	179.570527955811	3.16064718180648	52.9124380558892	2.5470427852968e-06
265787	29281	293.121909483527	0.103015259906819	30.4497108723252	3.02149361937342e-06
182293	22310	171.65877735573	1.70841224204084	36.1420301648172	2.5799016975566e-06
166591	9501	183.743723418621	1.73440364893686	35.9789564688815	3.02181667329495e-06
274707	27832	322.259762459636	0.250557436275272	36.0651154669324	3.21398238411662e-06
327912	34164	235.979214566762	0.385287399509248	32.1677208618252	1.97162164261546e-06
207870	14148	151.703351203271	0.706473713952826	32.7351097930617	1.99944975097411e-06
132897	7610	160.583705776853	0.21339835573186	25.4800956711411	3.31049879450061e-06
263712	28251	206.909665753732	0.882808706741669	31.5829939769539	2.14960182542155e-06
187050	25837	161.274121218058	0.427757399863877	25.0859426726352	2.36218608632309e-06
243014	25033	176.994867631246	0.396744736525644	26.007819695175	1.9954300804277e-06
230401	25320	460.186708163017	1.49658135646936	49.0539038954999	5.47213554549019e-06
257509	6850	221.462982219526	0.140527084044644	29.7356847768914	2.35622015732208e-06
175272	45692	123.980408702651	1.16895510549168	32.3316454628847	1.93797270876126e-06
146909	36299	177.046368639951	0.369054142981128	24.2028077299627	3.30176193574964e-06
237544	9919	158.894558578336	0.280484995066045	22.7461470277133	1.83261862117698e-06
262642	8210	165.058631686391	0.536295548771799	30.7551946808797	1.72179403628431e-06
141694	17463	188.712264365338	0.446871937504745	23.4376483223494	3.64884823895711e-06
258804	19097	236.719154601432	0.116449127460363	29.3428568957611	2.50593355993346e-06
222033	19648	170.368144716994	2.99467077969073	43.5639555356768	2.10221922110917e-06
239468	3718	179.445328470798	3.3318799418934	50.5770535090381	2.05301350036872e-06
286513	10713	179.238797972492	0.668154052762241	31.2772630644521	1.71393688916257e-06
202592	36412	154.749273388337	2.07316878940774	41.4245440968901	2.09273126294642e-06
214558	21622	193.847172943361	0.79536933453235	31.7594478218249	2.47526610543678e-06
215845	49584	132.334376700291	0.936245824491605	28.1979445247856	1.67972358018569e-06
308048	47577	200.961402166194	0.56274910845374	26.7672412598799	1.7873162105158e-06
185862	8444	513.357443290671	0.114588262392293	30.3394109565289	7.56722056548172e-06
184049	12764	182.051389365786	0.372930394996576	29.4195834325833	2.70998989274202e-06
294251	45030	232.273069265629	0.396462653502004	36.7972844922553	2.16265899973319e-06
203859	41683	154.006036743761	0.234447766452356	25.1916143623911	2.06973617668673e-06
236292	28919	186.154750390685	0.1178343532739	25.2744759123088	2.15840153187158e-06
185479	28784	124.138908025575	1.20063045978303	32.9696911607715	1.83366633058375e-06
188237	23919	242.564950182475	0.11037765728179	27.507981780937	3.53045101308057e-06
220954	11491	100.702081535836	1.30016315063691	28.7039402268027	1.2486586067544e-06
257390	20694	200.961402166194	0.56274910845374	26.7672412598799	2.13908537245802e-06
300827	39344	213.069140401381	0.677920714417809	29.9378302618055	1.94048762110058e-06
266883	19307	166.819783158641	1.78689247484845	33.8464891109073	1.71251260591531e-06
294246	24490	197.499639674887	0.611732864592195	34.1551451480625	1.83892016618363e-06
282647	18195	192.224323926376	0.288126391498463	25.8986245274167	1.86324986063866e-06
178605	44412	209.386290058045	1.2304213941497	45.465292340706	3.21189814760045e-06
201341	29919	121.035252135981	1.7041991219096	28.8741044258681	1.64697419059971e-06
228743	46090	134.6195372184	1.30384631503205	32.3588933456312	1.61238005059575e-06
163357	5456	226.285240960189	0.287496168947571	30.2131719576846	3.79512089640781e-06
192192	5191	63.2122925612607	1.27188980867519	29.6021937673414	9.01100790779721e-07
186263	48722	185.519113956056	0.849880410599763	34.1064312533393	2.72878427323239e-06
196749	29456	188.75599199708	0.777813689972224	29.4168401519622	2.62842354523575e-06
241738	37226	156.390294851616	0.585849385977945	28.8993961600528	1.77244190502653e-06
227324	7784	111.81033600454	0.140570580311391	22.2093476910015	1.34754661929084e-06
341286	9489	241.391894118866	0.240460811021818	28.0825006197406	1.93781067820005e-06
259881	23471	155.971771237392	0.729467238667775	29.5877166146313	1.64429073767738e-06
177527	23900	94.4780045666481	2.18094495473243	32.8976410293681	1.45805341231364e-06
183970	20584	317.068582488446	0.483484334551976	36.21609879225	4.72186252059331e-06
217035	18039	280.157198914487	0.170531223430425	30.9939505979206	3.53654465698496e-06
231902	9785	203.615100026015	0.148230332587862	25.1669041533959	2.40554022437223e-06
149527	44608	227.009677358426	1.88379099801761	44.7927897263848	4.15941148775762e-06
194627	30314	267.603908398592	2.09578438303638	48.4412340781131	3.76700762418809e-06
166670	6726	173.346597218208	0.778607291643354	31.599672418345	2.84947611543453e-06
191823	30517	200.924701929826	0.677992623904905	25.6523635489333	2.86972175090673e-06
194058	18723	263.646410290375	1.78027802453267	45.5819508380498	3.72218064858134e-06
222960	25563	236.909978843171	1.8455867165088	43.4645363781473	2.91114296370098e-06
154612	29994	175.973239047269	1.25165894736649	37.1339288733513	3.11824737499808e-06
213001	9664	353.114804929292	0.23398990454559	30.9033954006717	4.54194028067515e-06
220983	42920	184.448116538781	1.07353344480017	33.0586955229446	2.28677004831006e-06
448246	24398	134.76900629123	1.18155322344417	31.9515040813671	8.23722139678989e-07
243461	3273	69.8742341498851	1.06875444435143	27.4235811576011	7.86311803306857e-07
223959	9704	152.48439677007	0.917489906597101	30.403550662037	1.86536585090544e-06
331219	17825	242.092555778348	2.06705374676768	40.8529617467956	2.00250370934355e-06
190304	13792	238.604376720383	0.114782080391796	23.8643708131425	3.4350860788619e-06
253711	29731	128.288130253971	0.398801542952105	22.323235593174	1.38533342843997e-06
319148	27519	188.712264365338	0.446871937504745	23.4376483223494	1.62000044609645e-06
342364	30571	262.784723188763	0.641063362400767	34.3583983847183	2.1029025999306e-06
203466	14429	248.056262523504	0.134052447018901	28.1564245145217	3.34014625880752e-06
181967	31831	183.743723418621	1.73440364893686	35.9789564688815	2.76647667665499e-06
300249	46691	177.046368639951	0.369054142981128	24.2028077299627	1.61552093169018e-06
267115	11464	163.030426661358	0.33432178797966	24.0227942222115	1.67215881991578e-06
270371	11074	148.81308457826	1.22021751686993	35.913501016381	1.50795418530955e-06
225340	11326	137.553266638145	0.893821657608493	31.3103763220666	1.67239844129778e-06
186695	32179	241.963516713611	0.463978361850198	31.922538506997	3.55078467243821e-06
245315	29660	143.621384741567	2.13750594448477	39.6479488920172	1.60399178960645e-06
222233	47733	188.712264365338	0.446871937504745	23.4376483223494	2.32647672654731e-06
245715	13529	160.023316257723	0.177439273799778	26.6763948542207	1.78426243632545e-06
244611	27316	241.408797818636	2.81848024366428	47.3818813121241	2.70386027867267e-06
286761	41460	221.580153864272	0.448734987426778	31.4573280834058	2.11698562460249e-06
279576	45174	195.023573537253	0.965068986924667	32.6814220800308	1.91114816856968e-06
155153	22493	152.51524894758	1.01250971215195	28.9604630482762	2.69314803527265e-06
214874	6300	234.996680243255	0.519934761199662	34.4476796212474	2.99629792908587e-06
222960	25563	236.909978843171	1.8455867165088	43.4645363781473	2.91114296370098e-06
178605	7607	173.298201325379	0.60149955251984	25.3595000313772	2.65832195443728e-06
238795	23899	284.510242075377	0.584667192139989	33.9951663080315	3.26422293295507e-06
262745	5360	158.618294108773	1.97381115146751	37.4761431470343	1.65396361031098e-06
335073	43253	217.631646383042	0.537387216148224	29.2684401302006	1.77946622372121e-06
225340	11326	137.553266638145	0.893821657608493	31.3103763220666	1.67239844129778e-06
263303	20139	184.44465997672	0.837895042074551	26.9084691893673	1.91918753509325e-06
309115	18144	190.73764762512	1.02353974105603	36.1332886913167	1.69053231840276e-06
179275	11436	166.027295276057	3.35836928535681	45.7760717310678	2.53727124320839e-06
233240	38010	223.49192982332	0.891168075448292	40.2520212038291	2.62522147594834e-06
147811	12177	260.493192921926	0.509989948806062	33.3787608960296	4.82832793640539e-06
260418	29866	162.778349645327	1.94509276704776	40.2113589294014	1.71250866384073e-06
215639	10825	176.826455944153	0.551810185028693	29.1929989126378	2.24660679970975e-06
194264	25670	274.752115138424	0.320722054999031	32.2640894928739	3.87485854778646e-06
185004	6135	193.588533569645	1.14451204490176	33.0211356081956	2.86685446815434e-06
228637	26872	132.450226122655	0.837178414311623	29.8576764146837	1.5871330180281e-06
231865	48993	184.44465997672	0.837895042074551	26.9084691893673	2.17940541070303e-06
169986	29178	162.518431002156	3.8753461914999	49.1725864298232	2.61936850886763e-06
252495	43310	188.061753063603	2.43146205895031	51.2370542317317	2.04058567348387e-06
226280	35769	250.690643213231	0.114371317314259	30.8541010613544	3.03528230526891e-06
182867	27768	187.567560992361	0.473085915465453	26.9692049088487	2.81015015692385e-06
172071	8307	192.020115704452	0.367953712628216	19.3425180289088	3.0573571884822e-06
139853	36142	198.950716832429	1.26374977287788	34.3697760637879	3.89745273304933e-06
176361	16659	200.818536205586	0.547465891505057	31.8987086688974	3.11966801291818e-06
205871	11952	137.553266638145	0.893821657608493	31.3103763220666	1.83055537089751e-06
160503	27219	217.983321092135	0.274928869135486	27.9215818503769	3.72089355547632e-06
209314	6924	169.456604176658	3.75005046932282	52.0644658760858	2.21802970167856e-06
164111	29901	125.806949632908	1.35955377419734	32.3455914200321	2.10026490812154e-06
186248	17657	160.978815683837	0.885151080149995	31.5445052936763	2.36801389109464e-06
196681	27352	147.392988929794	1.6075552549386	34.6257656748269	2.05315413297082e-06
201113	30832	177.342467396791	0.366970328675938	22.873733794861	2.415904360682e-06
198120	8962	160.89772060515	0.652591024442325	26.8163945902899	2.2249933014881e-06
182640	14286	213.196858181452	1.35499954268774	36.0196198158136	3.1980999853211e-06
245580	41090	231.805907429272	0.897080804938591	35.8634323822717	2.58606025689558e-06
193646	24910	190.645575108929	3.98697947344688	52.3307703286516	2.69727566866371e-06
278361	43226	224.321364979837	0.853117465622715	36.5536713663156	2.20784909573015e-06
198385	45925	179.822910188733	0.650341490925579	29.9287030346442	2.48338083709147e-06
199927	42095	141.270278779805	0.909003914020099	31.8322912952608	1.93591590765979e-06
242742	46035	164.836305586673	0.565568137349836	28.2159186382827	1.86043748785054e-06
234318	22345	213.568978661965	0.822605985702474	37.369135682812	2.49712138839029e-06
239964	35525	188.75599199708	0.777813689972224	29.4168401519622	2.15507202789414e-06
219464	8257	190.330128966091	1.02759735194945	35.9090566167121	2.37602708474409e-06
228105	32925	203.541927562592	0.359866962011108	27.2146452997947	2.44470360846909e-06
201124	19350	178.49486556376	1.80429557876834	38.9633757213579	2.43147028172574e-06
310571	13542	142.702491054484	0.419262848356109	27.6878598877754	1.25886102989782e-06
183217	39488	218.222284913505	0.49534407810518	33.2330724275221	3.26317576281475e-06
192918	9464	197.791659617387	1.12646424287267	35.5127551904228	2.80893933098962e-06
276502	3748	251.534170719541	1.09688581558069	29.8616667749807	2.49233175275446e-06
307032	5348	162.921255827946	0.630266370339985	28.0363900101741	1.45378854649701e-06
248789	13724	189.274351525469	1.88791340861854	40.611423974683	2.08433599231906e-06
277753	8081	167.441776331576	0.185687782455262	24.8358711388125	1.65162785888631e-06
252817	48429	222.523187696397	0.418549435759878	29.9910958259965	2.41143819059329e-06
191092	5874	212.013603546365	0.631348396438125	36.0229834482491	3.03968343938135e-06
239077	47828	168.036837186253	0.717829127351999	26.4460236122436	1.92563440398153e-06
280881	12930	229.586232119584	0.375866976861744	28.0604619742129	2.23939453245358e-06
239248	7526	208.619254542974	0.355919969523842	29.7885229162068	2.38898382217448e-06
186296	12129	229.589091669436	0.42431479041698	33.868147836019	3.37640749158999e-06
211603	20827	198.37802207038	0.641733710424258	30.026966065925	2.56849586409365e-06
189727	19508	211.816138443268	0.856653443332582	36.8571150251251	3.05870112064072e-06
266174	46744	171.325868779811	0.403130283288024	24.7331647753203	1.76345526558753e-06
210002	36703	241.646437879855	0.135389791808236	26.03825443316	3.15256538169767e-06
200840	16673	187.149730956606	0.413473706001055	30.5421032651749	2.55297246027787e-06
180471	22463	203.065444280013	0.369107928220549	30.9873774498669	3.08273175722936e-06
183682	15866	247.759334180781	0.403176251075269	36.0920457009485	3.6954774903676e-06
288192	42112	101.395123501746	0.571834902057986	28.0031420554826	9.63922867077827e-07
197151	6802	230.51822709881	0.100697659760777	25.6999765382802	3.20341660236104e-06
227145	14578	213.5707715172	1.10766705402148	35.7051555188498	2.57599947794134e-06
269958	9767	156.005411047361	0.346943776193126	24.786963901311	1.58325400640567e-06
263146	16990	158.465304670552	1.11276482086729	34.803226919482	1.64985034788805e-06
191070	41813	179.260794337167	3.88531757492148	53.5571175462439	2.57039547776963e-06
236187	29108	169.709867673285	2.94451722599561	43.3220757219335	1.96860344375704e-06
180888	11024	173.848200639008	0.238129505587833	26.6616927936743	2.6331013671823e-06
265891	2807	165.477904593524	3.03078766148589	44.4812383292756	1.7050750953362e-06
188744	9700	118.482212497246	1.24241655497173	31.1179302326953	1.71983639936802e-06
213549	19256	112.734275332151	0.836534691967264	27.1949145503532	1.44632392709525e-06
195949	2532	164.241595723772	0.493393548942265	25.9921446073069	2.29639842298596e-06
155219	11911	190.290858868545	0.214626077607254	26.3978944624743	3.3587693440747e-06
185395	15108	200.924701929826	0.677992623904905	25.6523635489333	2.96922050445902e-06
206970	8319	209.640133376238	0.509888390422194	28.8710580551158	2.77507141033924e-06
234149	23411	147.903584118135	0.310796605510647	28.9955372102297	1.73058735657122e-06
307032	5348	162.921255827946	0.630266370339985	28.0363900101741	1.45378854649701e-06
254356	37208	188.07309465085	0.471753197498818	29.1678881332076	2.02577785650066e-06
176735	41686	227.009677358426	1.88379099801761	44.7927897263848	3.51907840286267e-06
132237	2364	147.555532523384	0.597733799478244	30.9527034683213	3.05710000182081e-06
254748	20287	166.99664210272	3.30736905102726	48.512004051227	1.79599073145527e-06
264912	30871	207.445145064283	1.07468613352633	40.2004568025954	2.14540248531519e-06
198842	48336	344.341008105502	2.45705659954608	54.1826145360154	4.74447059578386e-06
190304	18657	268.310875989542	0.635403589205949	38.3244551562208	3.86275795770087e-06
244882	40292	181.084882177051	0.347144794639258	25.2030254492166	2.02596746542675e-06
199306	47117	202.039023070391	1.35947705384211	40.2951251772712	2.77729506415194e-06
179022	33984	139.957766988373	2.36923036833133	42.8637276180704	2.14189282297397e-06
279576	45174	195.023573537253	0.965068986924667	32.6814220800308	1.91114816856968e-06
155153	22493	152.51524894758	1.01250971215195	28.9604630482762	2.69314803527265e-06
166613	23500	213.196858181452	1.35499954268774	36.0196198158136	3.50573473449879e-06
318610	12576	168.581516434397	0.160749610139318	24.2059965019376	1.44963173884503e-06
251711	46123	161.668646771462	2.12259247027436	37.9431997120049	1.75966802950157e-06
214777	21489	179.967006663103	0.478092390870597	29.1172651078451	2.29568479039971e-06
145282	34914	149.10281379228	3.75217176269291	50.7622684121807	2.81177888317119e-06
351908	46469	192.020115704452	0.367953712628216	19.3425180289088	1.49494330557794e-06
266500	18412	195.036619548627	0.362814246856255	26.5243704435335	2.00505404455141e-06
138284	27701	123.714638205301	2.53661754798826	38.0811517094332	2.45107325692849e-06
203033	8222	214.232459258844	0.437779581664482	29.5926340064837	2.89085146032802e-06
206418	1480	212.586033925771	0.182729562148529	27.814917733628	2.82159254622946e-06
222283	5720	165.477904593524	3.03078766148589	44.4812383292756	2.03958072445503e-06
299908	38460	199.345537697932	0.414309501155914	27.4060507200754	1.82106565372223e-06
180741	14834	260.430486982419	0.230492499145313	29.3058155255105	3.94768305759887e-06
178280	43018	145.492053872768	3.7734341400776	47.9274667784077	2.23585577055591e-06
220666	10303	220.180784183001	0.888021584826137	33.7991407258422	2.7337017264051e-06
202695	20900	196.609630865876	1.10136049325268	34.3770199368174	2.65747316371992e-06
290160	34343	242.092555778348	2.06705374676768	40.8529617467956	2.28586737008913e-06
253019	44770	156.005411047361	0.346943776193126	24.786963901311	1.68924896968711e-06
227236	13736	182.756708023348	0.666055294035232	27.5513695160217	2.20345064009668e-06
216180	8191	175.973239047269	1.25165894736649	37.1339288733513	2.23017144575448e-06
178797	21208	184.951106497639	3.93732582948414	52.5791215443917	2.83402607575912e-06
201238	21174	159.249278451669	1.42754534281344	31.2720899700738	2.16807657111615e-06
255227	36768	150.24403195502	1.30197175922522	31.1063373665179	1.61278973152634e-06
187458	39092	226.285240960189	0.287496168947571	30.2131719576846	3.30719182043173e-06
219024	41332	309.609900701457	0.361724031752099	38.5819795493452	3.87284636976616e-06
144316	9838	240.623101583977	0.908355942369873	35.5834422442932	4.56804078690288e-06
175348	11206	120.436762007244	0.615332222641514	27.4177978735414	1.88176501315496e-06
226280	35769	250.690643213231	0.114371317314259	30.8541010613544	3.03528230526891e-06
229791	7610	183.578040451145	0.434690983151236	23.643118628231	2.18874340371289e-06
241912	5480	151.902996786042	1.73412083598812	30.6995147618697	1.7203470432817e-06
230579	12716	235.952945544606	1.35365662666996	36.6638137160309	2.8035789302131e-06
329011	43974	121.444320998247	0.66427508143099	29.8071970409726	1.01128584490636e-06
183145	12445	191.427651518707	1.32006170308008	37.7551190640835	2.86362892369071e-06
244239	9450	156.353860177791	0.37385831016219	22.7358364949841	1.75388345109964e-06
240416	4001	155.290021896814	1.11571283125511	28.7755482423502	1.76964975203727e-06
208187	10108	291.438108062306	3.1024378240407	51.169063461791	3.83530465415091e-06
137223	26986	179.287520358371	1.20858392616083	34.5718226591635	3.57956527632646e-06
204072	29199	237.921124785348	1.24020670091369	38.3617561776006	3.1941603847762e-06
192929	25953	157.736185509646	1.02705742567601	35.5176728459778	2.23996357677249e-06
177637	4007	198.041638172379	1.43095438104778	43.4981447318882	3.05443027415042e-06
286707	37351	235.732351552635	0.100440844379364	27.3368273217266	2.25262047682238e-06
201175	11590	285.057959514301	2.40346976300707	48.3707126657972	3.88209623958287e-06
194907	40599	207.981402592206	0.737550727638075	33.7106216561525	2.92350742608759e-06
243261	34496	207.641476597844	0.237476288013901	24.1246705639076	2.33856128932427e-06
176782	18541	282.000632969092	0.280606641052108	34.2904693703679	4.37037975522351e-06
290965	49568	153.030709576251	0.615065005004291	29.3260562620255	1.44093694436488e-06
167707	11044	263.623603958914	0.252838103227799	31.6882055402496	4.30665654506076e-06
198297	20107	169.656137247981	1.00435670966329	34.2075682138489	2.3440159706197e-06
231754	46877	183.284965737543	1.12525802283376	33.7049617309844	2.16673969407976e-06
230422	9132	207.641476597844	0.237476288013901	24.1246705639076	2.46886476899911e-06
233156	40656	206.857368760233	0.384623294059044	30.5197772438693	2.43070097767728e-06
240216	27588	139.905948856474	1.39926431771649	36.3460547163318	1.59566377539295e-06
145162	13575	184.448116538781	1.07353344480017	33.0586955229446	3.48119553041224e-06
200218	28369	193.884019627243	1.00758425903549	38.0915128860688	2.65305364587179e-06
241815	20988	147.761574615697	0.399339603888795	29.8250787428346	1.67411546770807e-06
195750	11658	153.104192524621	0.212546902571236	26.7083666114382	2.14285333927635e-06
254575	50095	185.509798228873	0.639582707359542	32.4220541599471	1.99644907215892e-06
245069	26184	214.066488364723	0.163054227422018	24.233337408441	2.39313634024036e-06
219563	46417	173.295175371707	1.52617997012374	37.2533812982567	2.16239212612434e-06
143280	26585	156.411833369059	0.136011593672692	25.1305499478583	2.99082615071283e-06
182267	21615	171.358031435449	0.929078274095528	29.2255835835899	2.57574908638019e-06
192308	30345	236.329160668276	0.404205931702506	31.4787474878153	3.366875806081e-06
186296	33762	203.541927562592	0.359866962011108	27.2146452997947	2.9933499195358e-06
394842	36033	208.161097880204	0.170501008187181	26.047687117563	1.44438630579823e-06
207160	15874	193.559012822019	0.572019256439917	34.864920433357	2.55985067226205e-06
364074	22659	189.497586570183	0.233510056549932	29.2159354760393	1.42600534521909e-06
183444	50051	121.035252135981	1.7041991219096	28.8741044258681	1.80765481841618e-06
319252	25447	200.989554403157	0.179792008146383	27.5067155939058	1.7248327760932e-06
222233	8322	181.644634038988	0.698869011180731	32.6585715587538	2.23934578399097e-06
176462	21463	188.012983257666	0.489099194370416	28.1553753298925	2.91906508891225e-06
240826	19036	218.87917638133	0.280555924851229	29.5493452399987	2.49005081007535e-06
240659	36473	139.982443021355	0.351011276175417	21.5107678032805	1.59359734115184e-06
236579	27821	165.719307781472	0.920022082744779	30.4320761356912	1.91912849733559e-06
251427	39260	194.471399688461	0.697527503846799	33.5407062644884	2.11909761207369e-06
243232	35896	184.448116538781	1.07353344480017	33.0586955229446	2.07759384285662e-06
178733	16293	192.020115704452	0.367953712628216	19.3425180289088	2.94339886187397e-06
433833	9766	184.856363141223	0.259788432700652	21.5474288545585	1.16739802972113e-06
226081	22965	199.827412274914	0.23441379866198	25.9079173015283	2.42157617135905e-06
266224	43101	133.525629765148	0.11855757167595	22.6718643605027	1.37411970067382e-06
212847	15844	202.781409749262	0.132702653946211	24.692548518482	2.6101636676221e-06
194735	40385	272.278422418057	0.416245827943132	36.3187388829494	3.83068416359369e-06
189301	24873	239.884545777658	0.246280869813875	28.8763406944269	3.47181437835732e-06
149950	18014	179.238797972492	0.668154052762241	31.2772630644521	3.27485961937069e-06
264932	14195	329.250125773121	0.302245321161666	29.7558155881017	3.40485535573068e-06
260941	10531	205.70888763612	0.391367951111319	31.3765052784975	2.15982154404105e-06
185088	38021	186.513299679038	1.98235766932901	41.6046170567495	2.76082372485739e-06
188744	20520	144.615986627838	0.603240621546181	28.5853269881507	2.09918292789186e-06
325167	37438	158.618294108773	1.97381115146751	37.4761431470343	1.3364537877188e-06
231174	6655	333.615782931978	0.306176616470929	33.0263800866372	3.95380035665453e-06
192062	48441	211.587515007048	0.538364047083101	32.4276041518899	3.01825359486581e-06
170532	29177	164.398278417335	3.37965703780337	47.1892392310601	2.64118313418757e-06
263831	17026	136.47523605396	0.883927982933379	30.5427344494842	1.41721312625211e-06
276151	43693	161.274121218058	0.427757399863877	25.0859426726352	1.60001921936453e-06
311727	19722	154.452023089813	0.333938811190595	25.527945771678	1.35745773591419e-06
224303	11751	251.830016483604	0.102676268049156	28.3373595383972	3.07595195177956e-06
369476	40789	184.525899329643	0.447347758132229	26.4605157285038	1.3682902519306e-06
254873	4591	196.609630865876	1.10136049325268	34.3770199368174	2.11343109281959e-06
246197	45811	202.851184860799	0.503052122361507	28.4151990887914	2.25736573090454e-06
234483	16226	177.342467396791	0.366970328675938	22.873733794861	2.07208954887919e-06
250781	23428	211.640363462791	0.810532594839923	37.741562362462	2.31212337548229e-06
189813	18121	187.168004982259	0.141638976699722	28.2688758412318	2.70154865444366e-06
233610	29224	177.992072638162	0.375571576412011	23.834204679584	2.08745136799433e-06
260878	10158	159.356988714279	0.56470466486924	30.4053862203394	1.67355809852943e-06
242065	11460	177.992072638162	0.375571576412011	23.834204679584	2.01453954135111e-06
184770	13106	104.121590545481	0.678869797185934	26.5150204679242	1.54389041311606e-06
165137	6720	293.121909483527	0.103015259906819	30.4497108723252	4.8630756560456e-06
199356	7455	227.400133060713	0.51347193414496	29.8490261482124	3.12513324494891e-06
223023	16141	141.347279458054	2.12068409601094	35.5422360346327	1.73638064429689e-06
216022	47109	137.568529072556	0.489301860435516	23.5307847158479	1.74473007217246e-06
223019	15833	220.180784183001	0.888021584826137	33.7991407258422	2.70485934005133e-06
224345	14623	141.318468251664	0.632360884570681	21.0526276663669	1.72579681125497e-06
155412	20927	108.426485842978	0.768968188030958	29.6224929359018	1.91142810930448e-06
214836	23200	172.097449112641	0.276754741229702	28.9109060756606	2.19469670158902e-06
207160	15874	193.559012822019	0.572019256439917	34.864920433357	2.55985067226205e-06
244626	16471	162.709791177919	0.233967860607279	24.9712043566369	1.82229300974761e-06
272094	16835	177.992072638162	0.375571576412011	23.834204679584	1.79220972927428e-06
225018	47788	251.559172922801	0.536365374175152	34.7886250661179	3.06288036284709e-06
172401	43326	172.646919238151	0.166249402176176	24.7456580880248	2.74363407513132e-06
185497	13837	232.936142250653	0.816809049434321	36.2005144397037	3.44038562157676e-06
169648	22431	94.4780045666481	2.18094495473243	32.8976410293681	1.52577011298573e-06
166708	12101	195.411005979941	3.14966886374398	44.3751541193561	3.21143927779786e-06
190041	43306	273.6331613865	0.11309971014247	30.4530822947221	3.94483240042722e-06
281835	19198	235.979214566762	0.385287399509248	32.1677208618252	2.29396063680281e-06
246217	16814	224.108821805143	0.216100645160042	26.0583248475683	2.49372209095588e-06
215330	17170	277.046445350903	0.490959896508192	34.5073267915885	3.5249679892526e-06
199927	42095	141.270278779805	0.909003914020099	31.8322912952608	1.93591590765979e-06
168913	4511	144.604801663529	1.53029684958023	35.8161294348179	2.34545321440143e-06
293232	27442	164.92684324848	0.136533388069249	23.3546606150446	1.5409449346058e-06
237544	9919	158.894558578336	0.280484995066045	22.7461470277133	1.83261862117698e-06
168564	30523	164.241595723772	0.493393548942265	25.9921446073069	2.66947257175718e-06
207410	19953	221.352822088904	0.708449942224203	36.308460046503	2.92389994655419e-06
291824	10353	232.187409449236	0.224451609450171	29.1476596905192	2.17984089349065e-06
155149	11180	231.411921166719	0.270087894572687	27.7533572734991	4.08642829454565e-06
259097	25339	219.203378564601	0.310550177722845	28.6913476957129	2.31788558550216e-06
295192	49294	252.882385153195	0.101612501301185	28.165540882106	2.34704345806969e-06
235685	30462	229.586232119584	0.375866976861744	28.0604619742129	2.66883075151195e-06
199811	12510	163.51232966911	0.944402096668577	33.0923723349563	2.24201362985432e-06
196291	32754	156.610153214663	0.504950985529186	23.9619209917783	2.18588174148017e-06
317020	44040	353.114804929292	0.23398990454559	30.9033954006717	3.05166179333824e-06
248193	34565	125.391795128668	0.858683585050148	30.7583963158986	1.38416137738001e-06
175272	45692	123.980408702651	1.16895510549168	32.3316454628847	1.93797270876126e-06
256587	20955	226.560369681692	0.189844848214933	23.7243010196658	2.41911453656528e-06
228023	41897	136.170203154231	0.845181700196979	27.5996694549498	1.63610271655762e-06
241850	22585	139.982443021355	0.351011276175417	21.5107678032805	1.58574960729485e-06
274515	13469	201.232640053856	1.29277065799438	37.9046395780277	2.00835036889574e-06
226584	6945	202.851184860799	0.503052122361507	28.4151990887914	2.45276220232454e-06
170899	13570	184.44465997672	0.837895042074551	26.9084691893673	2.95688000253166e-06
191070	41813	179.260794337167	3.88531757492148	53.5571175462439	2.57039547776963e-06
203592	30261	170.368144716994	2.99467077969073	43.5639555356768	2.29263448622997e-06
146082	11095	202.910615926734	0.43653972810769	33.6238709145096	3.80553042599144e-06
223019	15833	220.180784183001	0.888021584826137	33.7991407258422	2.70485934005133e-06
224345	14623	141.318468251664	0.632360884570681	21.0526276663669	1.72579681125497e-06
225936	22570	188.07309465085	0.471753197498818	29.1678881332076	2.28059606467355e-06
157416	36785	250.510052353654	0.144812035036594	32.8822271259932	4.35996919346163e-06
204641	2041	156.973534405402	0.42505483927929	30.4545890629544	2.101555787076e-06
179905	6694	173.298201325379	0.60149955251984	25.3595000313772	2.63911282439216e-06
249626	27851	251.534170719541	1.09688581558069	29.8616667749807	2.76066881775181e-06
240097	30226	198.37802207038	0.641733710424258	30.026966065925	2.26367439130771e-06
251870	30650	244.354164398449	0.187010348335796	27.9400171834124	2.65797222418446e-06
214057	24445	183.578040451145	0.434690983151236	23.643118628231	2.34962433128834e-06
157788	3010	164.398278417335	3.37965703780337	47.1892392310601	2.85450251121298e-06
174964	16275	206.909665753732	0.882808706741669	31.5829939769539	3.23995677159626e-06
204044	36500	217.983321092135	0.274928869135486	27.9215818503769	2.92689115256815e-06
225643	21601	229.964674776807	0.527892236108211	30.413455921004	2.79219920346727e-06
253711	29731	128.288130253971	0.398801542952105	22.323235593174	1.38533342843997e-06
205696	18432	194.962649642044	0.571741029628302	28.2799541457168	2.59676535078291e-06
250375	27723	107.609416054617	3.90000047389319	44.1489987829256	1.17751499933242e-06
278137	41647	165.477904593524	3.03078766148589	44.4812383292756	1.63000292005033e-06
225695	5419	109.410245780087	0.531186515858949	26.3065604849309	1.32813796507515e-06
267878	7564	274.287665272228	0.825141547367621	36.4953293368742	2.80528096947249e-06
251998	16498	101.017309522037	1.056078253066	31.2639572463525	1.09826170094671e-06
279072	36855	263.623603958914	0.252838103227799	31.6882055402496	2.58806490512307e-06
236006	30281	181.084882177051	0.347144794639258	25.2030254492166	2.10216250802366e-06
195138	21881	191.872578086938	0.97646977526785	32.7473780689407	2.69387969605406e-06
164394	12772	212.56812996456	0.823017594389261	33.7626154596767	3.54257721242301e-06
202465	47385	177.342467396791	0.366970328675938	22.873733794861	2.39977168246284e-06
219376	10126	160.583705776853	0.21339835573186	25.4800956711411	2.00548536892253e-06
118983	2612	109.410245780087	0.531186515858949	26.3065604849309	2.51930190050373e-06
236006	7574	185.986997544713	0.236056793015328	22.0131633253874	2.15906976064473e-06
219826	28478	272.254894653899	0.979754244728108	38.2378833424015	3.39315559110199e-06
216114	26736	187.567560992361	0.473085915465453	26.9692049088487	2.37783636759393e-06
214043	23670	152.16500722609	1.26828498007882	34.9226737789415	1.94769476580132e-06
191200	22878	197.633851447362	0.476494835103773	27.6696613208561	2.83191739908526e-06
218603	36951	141.347279458054	2.12068409601094	35.5422360346327	1.77148904833431e-06
152923	6419	162.778349645327	1.94509276704776	40.2113589294014	2.91629173649532e-06
216263	7568	192.020115704452	0.367953712628216	19.3425180289088	2.43260524814379e-06
351465	11715	121.035252135981	1.7041991219096	28.8741044258681	9.4348919667545e-07
297509	38663	148.300408082042	1.27611284353122	39.4423678930093	1.36568133366051e-06
155219	44102	225.290187212347	1.49799966130578	35.7165805087546	3.97653244527325e-06
262481	8334	115.145036913538	1.76873248320936	27.6350622462986	1.20186167592183e-06
166420	28675	193.670339530632	0.31825869655298	28.5334512702972	3.18834076401236e-06
279395	42404	242.092555778348	2.06705374676768	40.8529617467956	2.37394110884255e-06
175922	17942	182.756708023348	0.666055294035232	27.5513695160217	2.84616653774405e-06
190617	37341	155.971771237392	0.729467238667775	29.5877166146313	2.24177235607702e-06
241047	29151	140.619087337201	0.300493556331096	23.924977190671	1.59826827766609e-06
218308	21406	227.857753691242	0.224376127387657	27.8120861025162	2.85957371389125e-06
191267	12429	241.408797818636	2.81848024366428	47.3818813121241	3.45796173216708e-06
180471	5693	213.196858181452	1.35499954268774	36.0196198158136	3.23653651455938e-06
249337	23653	368.604852520592	0.802592492526947	40.2077141745062	4.05024648678533e-06
183638	17975	218.739058550629	1.20643926848802	37.8905488402899	3.26340458902586e-06
249780	45179	179.965624687303	0.452472641852338	24.4529955595479	1.97396311150857e-06
259372	7375	138.070696039053	1.05609509112931	29.7564392084069	1.45842989821202e-06
182043	5980	379.772093197555	0.107734403925938	29.4927582856564	5.71552593734711e-06
179853	22488	148.675048345184	1.10362378974386	33.0666755438003	2.26478790776827e-06
197751	9947	146.884183975093	0.718385227084682	28.1008154872274	2.03499563516528e-06
235282	49441	195.411005979941	3.14966886374398	44.3751541193561	2.27545081699036e-06
226354	35620	154.874761757903	0.720421530782755	29.0039004539122	1.87456115542503e-06
181972	10396	317.262676689868	0.102351938584838	32.9390098480057	4.77662944216118e-06
201411	41676	173.394526479557	0.147971269874358	25.028669069565	2.3586273699265e-06
315932	17552	141.612892198366	0.544020886528074	31.0174928710184	1.2280507405735e-06
193586	23160	329.250125773121	0.302245321161666	29.7558155881017	4.65971268120856e-06
142527	4404	141.347279458054	2.12068409601094	35.5422360346327	2.71704884290713e-06
223737	34168	196.232731689208	0.602850735774663	31.3478815143644	2.40292809162627e-06
212872	39186	240.517694041312	1.27839860016747	35.9514744832899	3.09553434183243e-06
137453	5489	133.999730544507	0.560679426734842	27.5387948082727	2.67089513824366e-06
308737	32363	141.318468251664	0.632360884570681	21.0526276663669	1.25405729025351e-06
152923	39506	188.598958677546	0.491412648277413	32.3448697568328	3.37888660194276e-06
211407	37327	252.23107843866	0.915323602706655	39.1317363975235	3.26878509470773e-06
363945	38985	164.836305586673	0.565568137349836	28.2159186382827	1.24086418737946e-06
155219	11911	190.290858868545	0.214626077607254	26.3978944624743	3.3587693440747e-06
192708	24898	202.781409749262	0.132702653946211	24.692548518482	2.88293950517032e-06
193109	33601	254.540229263915	0.130538532968248	30.327285746649	3.61127907624199e-06
192308	15101	196.232731689208	0.602850735774663	31.3478815143644	2.79563992364429e-06
201644	46207	161.083141983991	0.97752197274105	29.0874702720904	2.18862786231412e-06
194338	13679	125.087485386311	0.582836785350106	29.8286014926396	1.76345048016626e-06
219464	12205	160.061781013637	0.524131034268609	29.5879612038838	1.99816565557277e-06
165955	14573	208.865677487462	0.242003074749983	29.9988253702489	3.44813192035408e-06
219167	7678	121.035252135981	1.7041991219096	28.8741044258681	1.51301715362959e-06
294928	18176	282.000632969092	0.280606641052108	34.2904693703679	2.6196375857427e-06
195128	1655	235.952945544606	1.35365662666996	36.6638137160309	3.3129352330245e-06
245069	35956	196.16830461578	0.298600518121153	22.3629952141578	2.19304526442041e-06
285331	37137	174.767677581521	0.290267254172322	27.1710258152819	1.67810562125344e-06
283383	30372	184.779194196105	0.536369278016141	29.60087900066	1.78643167607288e-06
218726	24620	227.857753691242	0.224376127387657	27.8120861025162	2.8541088774639e-06
256277	12243	310.198415627966	1.30511412653281	50.5080469720597	3.31617223923072e-06
280845	14775	211.569037578505	0.360794273775062	30.6415896536274	2.06391852746255e-06
202465	19866	116.751407304312	3.99464901478514	47.7275298940865	1.57986254081882e-06
185153	21103	150.253923402967	0.117321783164406	20.0745293101341	2.223321170414e-06
351299	11851	140.619087337201	0.300493556331096	23.924977190671	1.09666629716161e-06
227824	16475	125.353277410762	0.286693531436287	22.9071785186071	1.50745152723951e-06
221865	28018	285.325803935987	0.43162655752479	35.1264714460629	3.52337922309274e-06
186420	15213	179.445328470798	3.3318799418934	50.5770535090381	2.63722259900384e-06
293607	29564	125.353277410762	0.286693531436287	22.9071785186071	1.16970520710274e-06
214629	18000	215.695703435552	1.24955239665147	40.2030283391641	2.75334243135896e-06
249488	20929	195.023573537253	0.965068986924667	32.6814220800308	2.14163070118016e-06
246534	26534	141.318468251664	0.632360884570681	21.0526276663669	1.57046851801779e-06
215247	41259	188.06194956118	0.242018559066417	26.5370302607832	2.3937068482991e-06
207729	38593	128.288130253971	0.398801542952105	22.323235593174	1.69198489119446e-06
210013	32456	275.276039877435	0.444119399049877	36.1083706826515	3.59111546033367e-06
162902	14111	189.078183148197	2.29549905689927	41.8416447682788	3.17996353380622e-06
203995	17040	291.438108062306	3.1024378240407	51.169063461791	3.914118336399e-06
212847	8902	260.539266390204	0.412686148611206	33.3590382534469	3.35361179292276e-06
237952	41937	152.627207754241	0.130375283593466	24.9640628245053	1.75731548200168e-06
299986	2573	214.888323524781	3.75486756371857	53.8233097809533	1.96254202844335e-06
153063	7472	269.266068468778	0.333298893469198	32.7587173163087	4.81968376471678e-06
146745	21762	347.161034267887	1.20838725294022	45.6558374528562	6.48148912250422e-06
170992	35583	155.290021896814	1.11571283125511	28.7755482423502	2.48814046730719e-06
211955	46850	280.165120283047	3.02284982691951	56.419359411096	3.62140865753744e-06
186008	13197	238.068806785198	1.86646197601167	43.2985361346531	3.50653362361198e-06
225088	11598	128.288130253971	0.398801542952105	22.323235593174	1.56149741195859e-06
220717	9444	283.274352751886	0.45843418648284	32.6559984797608	3.51624078402866e-06
225936	22570	188.07309465085	0.471753197498818	29.1678881332076	2.28059606467355e-06
279205	28769	115.145036913538	1.76873248320936	27.6350622462986	1.12987179512415e-06
159665	46023	195.0349739258	0.302722994847273	27.9732597345471	3.34664700665306e-06
286828	30976	138.109986685329	0.741271420414646	24.606760338149	1.31920009610388e-06
174231	19384	169.709867673285	2.94451722599561	43.3220757219335	2.66863268632243e-06
201094	5270	204.753258716656	0.295222649164768	29.6575327632615	2.78958015704311e-06
172867	40135	115.145036913538	1.76873248320936	27.6350622462986	1.82490501112207e-06
191329	46070	165.138196289775	0.867366901914038	34.1912805260865	2.3646881261729e-06
197822	12962	262.784723188763	0.641063362400767	34.3583983847183	3.63942405658945e-06
192285	25784	253.384258555058	0.676007355976018	39.3948070851156	3.6102839436048e-06
296160	22263	168.581516434397	0.160749610139318	24.2059965019376	1.55951907183082e-06
180836	36243	213.196858181452	1.35499954268774	36.0196198158136	3.23000387820482e-06
225427	34993	184.448116538781	1.07353344480017	33.0586955229446	2.24168935214372e-06
195704	26679	197.633851447362	0.476494835103773	27.6696613208561	2.76674266599099e-06
165864	20353	187.567560992361	0.473085915465453	26.9692049088487	3.09822341645079e-06
170192	15950	197.810068364751	0.222604573044466	27.1046835722869	3.18431766933898e-06
249488	46369	405.125501265749	0.305953455746724	35.578786048003	4.44884275067392e-06
263146	12999	151.466768366907	0.200316757920714	26.6887992770495	1.5769855805544e-06
282580	5602	154.256975116776	0.296954986032922	22.8458181959301	1.49558301944583e-06
190986	18512	237.921124785348	1.24020670091369	38.3617561776006	3.41301822145105e-06
204945	36788	195.411005979941	3.14966886374398	44.3751541193561	2.61227460598271e-06
191823	30517	200.924701929826	0.677992623904905	25.6523635489333	2.86972175090673e-06
231219	20051	145.492053872768	3.7734341400776	47.9274667784077	1.72394295786552e-06
193959	9984	190.640397266631	0.54225459194754	30.7116458507978	2.69284982014107e-06
232766	48035	153.203663883246	1.72525452282643	36.3427861832858	1.80325333353475e-06
224843	29949	211.231323600466	1.95609646226338	43.5449614650954	2.57386689854596e-06
201196	19371	235.578259571101	1.11539796273866	38.5111303914733	3.2079161078545e-06
199418	40487	180.623587385378	0.728370780737582	28.9704101243826	2.48151693187969e-06
224618	30544	173.295175371707	1.52617997012374	37.2533812982567	2.11372776174767e-06
195949	29533	122.242209876359	0.664045351579251	27.1477913213923	1.70917005978504e-06
310337	36621	244.354164398449	0.187010348335796	27.9400171834124	2.1572144607486e-06
336687	36628	144.860594290633	0.564902867796123	28.9097548712537	1.17877536264329e-06
215579	32943	136.718029168133	0.738300517510533	30.2649844438468	1.73750663527705e-06
184055	43690	133.999730544507	0.560679426734842	27.5387948082727	1.99463502451444e-06
198102	18825	308.486324540852	0.522105907756733	38.1152130143107	4.26632751027597e-06
212172	15995	191.367663736276	0.441612114035893	29.7819924286723	2.47108463482685e-06
185279	7799	161.274121218058	0.427757399863877	25.0859426726352	2.3847651781731e-06
186136	12395	260.793156907561	1.76230338181032	52.2205534886765	3.83860080665074e-06
204135	6983	199.827412274914	0.23441379866198	25.9079173015283	2.68191325542913e-06
224346	18107	216.331029076435	0.568007945038604	34.5465047769545	2.64184674963825e-06
211543	11619	177.992072638162	0.375571576412011	23.834204679584	2.30520279128667e-06
176050	12217	214.258394662545	0.541990518556031	32.98701830997	3.33433286251252e-06
151190	15609	173.057309785851	0.580162303316317	28.8342258723387	3.13598528905117e-06
235086	34081	240.353680366466	0.806142935500839	37.5857442913909	2.80111633138821e-06
255511	12647	243.922490920592	1.15672571900194	38.4574058041331	2.61546781564284e-06
329854	26947	145.458910766161	3.99219829826515	43.131721325113	1.20816350186115e-06
301010	44654	256.136140576922	0.116104844993722	28.1319588600849	2.3312941460273e-06
232650	9003	170.368144716994	2.99467077969073	43.5639555356768	2.00628429108331e-06
182867	19767	155.812313842062	0.804204615731268	27.40610992211	2.33439085030152e-06
324402	15745	154.186901894828	1.51051835146343	33.9312956858337	1.30218022146907e-06
201951	3686	173.346597218208	0.778607291643354	31.599672418345	2.35167037627679e-06
229858	10474	236.145843616247	0.319187197638099	28.6411900557048	2.81467216288802e-06
165409	14448	241.646437879855	0.135389791808236	26.03825443316	4.00247287201588e-06
165343	4235	261.770729201865	0.254809519914895	32.2735889367252	4.3375291364322e-06
236437	22087	513.357443290671	0.114588262392293	30.3394109565289	5.94855605823777e-06
170236	32549	108.949494275039	0.753606561802162	26.2598058217816	1.7533997811103e-06
182867	19767	155.812313842062	0.804204615731268	27.40610992211	2.33439085030152e-06
324402	15745	154.186901894828	1.51051835146343	33.9312956858337	1.30218022146907e-06
259426	29117	156.005411047361	0.346943776193126	24.786963901311	1.64752987388027e-06
185031	6330	238.604376720383	0.114782080391796	23.8643708131425	3.53297891246188e-06
147796	13217	273.6331613865	0.11309971014247	30.4530822947221	5.07239637209119e-06
277753	19610	155.962393112689	0.745204131380786	32.4633921705965	1.53839644470446e-06
224245	25923	184.126600148056	0.885151541839389	32.5098843197451	2.24957719798344e-06
178133	10581	157.540009414338	0.734890364609731	33.2521448304757	2.42300115166124e-06
456964	15310	214.05891171511	0.509562026231911	27.8695306335573	1.2833894394793e-06
202072	7914	326.83678620294	1.35421314339228	45.4509349556974	4.43130789951635e-06
221040	16545	110.509188760865	1.3556184305514	30.0341387436003	1.36972901155763e-06
212493	39206	109.410245780087	0.531186515858949	26.3065604849309	1.41065398873203e-06
137502	16636	171.325868779811	0.403130283288024	24.7331647753203	3.41366628749033e-06
193400	34279	188.741752802825	0.986048935903681	34.3006206640214	2.67373677668293e-06
161757	12587	195.537876733643	1.18706749243892	33.3626486433493	3.31188270201079e-06
236520	22592	190.640397266631	0.54225459194754	30.7116458507978	2.20828030722452e-06
199927	4450	87.7710379218057	2.25999454864909	35.013431386856	1.20278200066046e-06
242287	26176	252.316963733069	1.93904263352191	42.9760808060809	2.85314256519475e-06
405938	11961	222.523187696397	0.418549435759878	29.9910958259965	1.50183665739897e-06
231989	48532	178.819648362286	0.563132693810385	28.9479943935376	2.11181066700654e-06
251546	20348	143.621384741567	2.13750594448477	39.6479488920172	1.5642596020899e-06
219439	45951	308.486324540852	0.522105907756733	38.1152130143107	3.85149409376041e-06
228606	35483	211.921001147883	0.311476478871357	29.1768438115575	2.53976484692851e-06
179464	13912	231.926304303906	1.69327494901054	44.1307847359374	3.54062392646697e-06
232681	27828	195.989356116777	0.825344452394329	32.3240024217593	2.30769654611234e-06
180049	22643	356.876364571271	0.353102316155653	33.7883253613782	5.43042985286686e-06
186263	48722	185.519113956056	0.849880410599763	34.1064312533393	2.72878427323239e-06
196749	29456	188.75599199708	0.777813689972224	29.4168401519622	2.62842354523575e-06
282676	21041	309.90203245092	0.542594319323822	35.1761715874729	3.00360364604387e-06
288157	20026	126.799468639857	0.257150484363479	27.1316834187889	1.20557822469265e-06
278422	6659	228.917714637773	2.63541409084666	49.620664045547	2.25259433854151e-06
174964	20318	214.888323524781	3.75486756371857	53.8233097809533	3.36489296623651e-06
263850	23130	165.391465503102	0.208737102290467	23.379296931845	1.71736707503591e-06
166948	40415	155.742418904296	0.261013823045788	24.3492686226984	2.55583510219893e-06
152478	43582	136.081108385002	0.651573039738108	25.738094816065	2.44510653654598e-06
185088	46821	168.056125258643	1.73356722060834	40.7584834817229	2.48761529885589e-06
253973	46411	140.619087337201	0.300493556331096	23.924977190671	1.51692413574111e-06
157268	6051	173.346597218208	0.778607291643354	31.599672418345	3.0198272004443e-06
163561	10908	107.609416054617	3.90000047389319	44.1489987829256	1.80250987679126e-06
165137	6720	293.121909483527	0.103015259906819	30.4497108723252	4.8630756560456e-06
289663	23192	185.986997544713	0.236056793015328	22.0131633253874	1.75912497602635e-06
185697	12170	189.21173305212	0.258410079810864	28.4237219532861	2.79158149960331e-06
174039	3851	140.619087337201	0.300493556331096	23.924977190671	2.21362897699124e-06
204065	39456	189.925621691351	0.399461430626536	30.6712430470158	2.54989424456619e-06
256518	16147	184.525899329643	0.447347758132229	26.4605157285038	1.9708184576611e-06
234415	34667	195.0349739258	0.302722994847273	27.9732597345471	2.27947185255747e-06
261230	21922	168.036837186253	0.717829127351999	26.4460236122436	1.76233547601996e-06
296752	17404	204.144655993662	0.561823192694375	30.9018208307424	1.88474021196115e-06
222876	9989	213.901095917479	0.913408554068412	36.6782543224228	2.62940110094364e-06
204262	13402	207.387818723074	0.374036269426798	26.3836988271204	2.78165201907722e-06
213530	21063	205.298064563273	1.43425221826622	40.1409353715475	2.63410504780725e-06
264935	49348	145.696103041102	0.704645021372412	28.2267244218191	1.50666165509299e-06
318091	46082	123.980408702651	1.16895510549168	32.3316454628847	1.06784647352488e-06
198077	46690	248.401599601797	0.366176653290703	32.2581442089908	3.43579682485173e-06
245715	26738	125.391795128668	0.858683585050148	30.7583963158986	1.39812044334321e-06
208506	49505	152.132869295826	3.99702953518879	47.1298419763021	1.99899466505712e-06
187458	21572	218.478060782249	1.07521907164184	35.0007370906897	3.19308874276056e-06
227456	17042	238.406889062207	0.141566738395839	28.2662391454598	2.87163037719181e-06
226774	6146	263.623603958914	0.252838103227799	31.6882055402496	3.18491735914392e-06
180888	12622	183.409343231251	0.538395308704028	30.8273754213932	2.7779142415113e-06
152923	11705	172.051878637672	0.414653280854762	29.51051960726	3.0824337082468e-06
226172	10299	293.121909483527	0.103015259906819	30.4497108723252	3.55072124141097e-06
155673	12669	203.399884544291	1.29714604454993	35.6055259174925	3.57968278157158e-06
180658	12327	513.357443290671	0.114588262392293	30.3394109565289	7.78520048235652e-06
260417	21221	226.285240960189	0.287496168947571	30.2131719576846	2.38064167959269e-06
157811	32974	287.153999829326	0.145455069532899	31.4619345171622	4.98522464976227e-06
259924	21007	160.411994008053	0.109322809619463	22.0697909050297	1.69082083643894e-06
224387	10047	160.036487407868	0.278440892242136	25.7369335097934	1.95401752278238e-06
225427	20049	262.784723188763	0.641063362400767	34.3583983847183	3.1937529476178e-06
219970	31657	142.547454169304	0.131896480981847	23.3979676956332	1.77542833262199e-06
241901	49369	273.026655076953	0.334206678077197	35.2812515870171	3.09224944538279e-06
171766	40973	120.133155143939	1.65634802531435	32.7640323187941	1.91616461873248e-06
244250	2822	216.604110580652	1.48497987286526	43.4108947083978	2.42962505383438e-06
218308	26154	214.874756531558	0.349620956133912	28.8973747928971	2.69663944106565e-06
201826	7683	203.34152071215	1.17094923403712	34.1132597656542	2.76029875608503e-06
344214	18818	187.553316529384	0.365098340470273	27.0698446180584	1.49280593706308e-06
191820	5229	110.509188760865	1.3556184305514	30.0341387436003	1.57838025604576e-06
229731	41636	281.14281916986	0.364186170751421	33.2443121239148	3.35285311558086e-06
150799	28048	111.81033600454	0.140570580311391	22.2093476910015	2.0313774473549e-06
200889	36520	161.447111251848	0.403467713534748	29.3613489625152	2.20181718633071e-06
192019	29517	144.556902011474	0.946022666956554	33.6069599820837	2.06253707643905e-06
140409	17447	274.722071293427	0.251598998832837	31.0985403307575	5.3605054449721e-06
243650	18408	209.085784803437	0.1594278546968	27.7573638095581	2.35106819858305e-06
151190	4061	178.655585739069	0.983239752871879	32.0074802995014	3.23743209332119e-06
152587	7239	163.992588726037	0.429177210050191	28.1226585295899	2.94451534949228e-06
215639	5431	217.604834171393	0.183280202843981	30.673157686209	2.76470224712056e-06
224968	5879	165.56863490376	0.742971005824864	27.4051426087645	2.01634320599581e-06
252894	41519	239.342663456425	0.114901562713705	26.7111070631005	2.59291768305357e-06
155412	4816	405.125501265749	0.305953455746724	35.578786048003	7.14187373034344e-06
198544	3536	232.802221287529	0.62249158512329	32.8156938123251	3.21245822033071e-06
255133	24941	280.689783196662	1.96972883721998	49.7599197750972	3.01416557108798e-06
183572	6820	149.593641473542	3.98152641842311	50.734436827228	2.23261495804479e-06
227285	47867	281.323978970977	0.174665998776231	30.0651676933791	3.39111963973753e-06
144885	8058	252.316963733069	1.93904263352191	42.9760808060809	4.77122788896946e-06
178330	31092	221.736636009652	0.466184863126052	33.5941829257862	3.40659245725989e-06
296887	10643	249.721215396685	1.31559163894833	43.005844626298	2.30447178022472e-06
179682	42198	176.555896973299	0.107421694936639	23.1962601684919	2.692060341204e-06
229500	14620	151.902996786042	1.73412083598812	30.6995147618697	1.81338820886432e-06
232254	13264	151.902996786042	1.73412083598812	30.6995147618697	1.79188558188174e-06
244553	7127	213.069140401381	0.677920714417809	29.9378302618055	2.387012506871e-06
169770	5202	166.219805893228	0.212352296007273	24.6795901104133	2.68243345982563e-06
237588	5019	189.122850641692	3.36960672201898	45.5436868299445	2.18085423623503e-06
161597	14367	158.411003799518	1.99371864519789	41.9582917965528	2.68571044100859e-06
152478	43582	136.081108385002	0.651573039738108	25.738094816065	2.44510653654598e-06
226426	36744	296.935722758213	0.358976183977437	38.6574314557929	3.59288477517906e-06
238990	27233	280.689783196662	1.96972883721998	49.7599197750972	3.21776268734419e-06
225255	17997	154.874761757903	0.720421530782755	29.0039004539122	1.88370697997859e-06
224682	11304	155.812313842062	0.804204615731268	27.40610992211	1.89994326035057e-06
261893	9734	154.66490951321	0.567654116079745	23.4198328578482	1.61798703332423e-06
193466	7370	205.180277932708	0.743852472053853	32.4027575933105	2.90561518696228e-06
175272	45692	123.980408702651	1.16895510549168	32.3316454628847	1.93797270876126e-06
290023	7123	188.07309465085	0.471753197498818	29.1678881332076	1.77664789505688e-06
149044	7106	189.512028161693	0.367746168693413	29.8130929921058	3.48360910911833e-06
141113	10682	263.623603958914	0.252838103227799	31.6882055402496	5.11828427715734e-06
183345	20178	185.986997544713	0.236056793015328	22.0131633253874	2.77920542109532e-06
298776	29777	139.413314634246	1.20729273389078	31.0970802365643	1.27839681456733e-06
231923	45652	185.458948636527	0.652594887379454	27.9216269986018	2.19084225623687e-06
195520	1741	375.673340217884	0.124123943748576	29.0314139996149	5.26412657525676e-06
181967	25976	169.539786686484	0.315897913462444	25.5857246657878	2.55261979515154e-06
157041	10780	151.902996786042	1.73412083598812	30.6995147618697	2.65008879168091e-06
148540	6342	157.736185509646	1.02705742567601	35.5176728459778	2.90934383265881e-06
209651	31927	333.615782931978	0.306176616470929	33.0263800866372	4.35970180752419e-06
179207	33788	173.394526479557	0.147971269874358	25.028669069565	2.6508646269636e-06
209605	8611	239.381765617501	0.204115385064376	28.0215554282755	3.12893515778048e-06
272455	9462	212.501646438799	1.49558174321797	39.8344721243287	2.13685302752068e-06
176647	45569	213.227015693486	1.34906249313769	41.6256799982229	3.30706779418664e-06
150799	26068	171.325868779811	0.403130283288024	24.7331647753203	3.11265951274542e-06
236848	6138	150.946449438759	0.559996254731585	30.4582673550865	1.74606463331154e-06
182640	7120	223.51431822426	0.164328389580214	29.4197839164953	3.35286900533815e-06
155153	19783	158.411003799518	1.99371864519789	41.9582917965528	2.79725657986417e-06
285808	16279	155.742418904296	0.261013823045788	24.3492686226984	1.49293077395282e-06
207285	10411	116.751407304312	3.99464901478514	47.7275298940865	1.54312598271405e-06
191509	10300	277.521810330119	3.11191751524868	59.3994639460043	3.97022451650749e-06
323984	17891	238.889254114763	0.116845643946582	27.5459682443663	2.02013404107528e-06
266680	32621	149.593641473542	3.98152641842311	50.734436827228	1.53684413183665e-06
225053	6849	49.8152244930627	2.03555924656244	29.5690757042494	6.05643285503191e-07
298776	29777	139.413314634246	1.20729273389078	31.0970802365643	1.27839681456733e-06
231923	45652	185.458948636527	0.652594887379454	27.9216269986018	2.19084225623687e-06
258737	18798	161.083141983991	0.97752197274105	29.0874702720904	1.70568444663295e-06
175585	2286	249.721215396685	1.31559163894833	43.005844626298	3.89650433360239e-06
185088	30227	203.239459804132	1.04597979524257	33.5727095583596	3.00840917736179e-06
236458	25819	229.586232119584	0.375866976861744	28.0604619742129	2.66010613161785e-06
131821	22177	217.795489766537	0.994367370503157	37.8312519293979	4.52659266704937e-06
190376	2878	157.736185509646	1.02705742567601	35.5176728459778	2.27000216888232e-06
216821	13235	141.270278779805	0.909003914020099	31.8322912952608	1.7850755216086e-06
178205	12510	206.711348703547	0.651787556503416	29.6498845798153	3.17798300946381e-06
292859	8525	232.273069265629	0.396462653502004	36.7972844922553	2.1729384220068e-06
205065	11346	196.16830461578	0.298600518121153	22.3629952141578	2.6208636769134e-06
140409	26765	161.078563972575	1.16268979948956	32.6817730279817	3.14304021944062e-06
333734	43579	195.537876733643	1.18706749243892	33.3626486433493	1.60523114285377e-06
123571	30774	210.037275677233	0.556534036571829	31.9465580072593	4.6567931868847e-06
131310	32239	113.964589945724	1.44493510298352	30.5710103366138	2.37782159223179e-06
193276	48513	149.593641473542	3.98152641842311	50.734436827228	2.12051984249569e-06
191298	6938	203.34152071215	1.17094923403712	34.1132597656542	2.91221056542994e-06
227667	25226	109.410245780087	0.531186515858949	26.3065604849309	1.31663393477155e-06
230769	36716	158.209566582116	0.39258144129365	30.3258767845181	1.87828897013144e-06
231924	14383	216.550176582441	0.141759625820063	23.7630543871915	2.55811453329706e-06
269981	21096	162.518431002156	3.8753461914999	49.1725864298232	1.64921226067158e-06
223996	24106	178.819648362286	0.563132693810385	28.9479943935376	2.18716782812274e-06
213455	29552	214.05891171511	0.509562026231911	27.8695306335573	2.7474773222563e-06
276406	14174	180.19177888138	2.52728044116183	44.9499540545124	1.78605423371536e-06
275566	32500	175.547254720817	1.26521498153017	34.8023068262026	1.74532192939898e-06
208705	31911	380.998410831584	2.45327419447815	58.3277989910497	5.00146744233384e-06
215251	19746	174.767677581521	0.290267254172322	27.1710258152819	2.22445217452121e-06
168818	34206	217.880030465647	0.218639657989328	30.9576446497721	3.53594753116872e-06
177982	3630	188.598958677546	0.491412648277413	32.3448697568328	2.90315580131077e-06
208315	22308	228.513443000035	0.205328080320343	29.3361736605086	3.00537276431057e-06
229029	3973	234.201898609494	3.82023417585164	51.9337253212984	2.80160607297017e-06
297998	27995	200.818536205586	0.547465891505057	31.8987086688974	1.84628007713563e-06
253674	46912	154.66490951321	0.567654116079745	23.4198328578482	1.6704095733831e-06
203592	12981	150.24403195502	1.30197175922522	31.1063373665179	2.02182543915416e-06
208640	40414	169.456604176658	3.75005046932282	52.0644658760858	2.22519492416193e-06
292179	24146	206.553876013713	0.968523081737535	37.1200903792378	1.93682992335026e-06
321626	31165	128.288130253971	0.398801542952105	22.323235593174	1.09280446687436e-06
223595	28415	207.387818723074	0.374036269426798	26.3836988271204	2.54113823976722e-06
205065	32121	185.580493629761	1.34335611972906	37.0518471798136	2.47940754675195e-06
173250	22284	274.287665272228	0.825141547367621	36.4953293368742	4.33750681408572e-06
220874	16215	145.458910766161	3.99219829826515	43.131721325113	1.80427557676733e-06
160927	36966	194.28338656008	0.42362233065441	27.9489440672714	3.30760687050361e-06
233503	18257	180.179499646418	0.263765825987712	23.7442261846621	2.11407333004161e-06
218117	13822	165.391465503102	0.208737102290467	23.379296931845	2.07745064689238e-06
226712	17485	239.702823588371	0.157326883103285	26.7632512000449	2.89671505974838e-06
157416	36785	250.510052353654	0.144812035036594	32.8822271259932	4.35996919346163e-06
142069	38538	184.856363141223	0.259788432700652	21.5474288545585	3.5648578467365e-06
223405	40498	190.630521155233	1.71972790041797	45.7374514774165	2.33779638067767e-06
282580	5602	154.256975116776	0.296954986032922	22.8458181959301	1.49558301944583e-06
195302	9992	210.046280478144	0.65165042048639	33.5407594197848	2.94656102643064e-06
310872	26542	160.53725613535	2.10112216255572	38.0628073895794	1.41482056602383e-06
156888	20983	213.822868534856	0.579134991413027	34.4648045302354	3.73397632819392e-06
232254	13264	151.902996786042	1.73412083598812	30.6995147618697	1.79188558188174e-06
244553	7127	213.069140401381	0.677920714417809	29.9378302618055	2.387012506871e-06
169770	5202	166.219805893228	0.212352296007273	24.6795901104133	2.68243345982563e-06
237588	5019	189.122850641692	3.36960672201898	45.5436868299445	2.18085423623503e-06
238001	10528	115.145036913538	1.76873248320936	27.6350622462986	1.32548121460682e-06
300062	6946	139.64238244271	0.725989710613333	27.7079378349189	1.27500939707812e-06
178957	19549	289.813222600662	0.375330144335898	33.9111908837933	4.43686935433042e-06
286538	16333	194.962649642044	0.571741029628302	28.2799541457168	1.86413057114463e-06
149980	30848	189.122850641692	3.36960672201898	45.5436868299445	3.45475927642758e-06
207116	50019	162.253754867223	1.05204382861888	30.7598094941274	2.14628920630307e-06
198423	35426	210.046280478144	0.65165042048639	33.5407594197848	2.90021449924634e-06
147768	32947	237.921124785348	1.24020670091369	38.3617561776006	4.41123042906481e-06
181347	19808	206.614163813307	1.52049331338208	38.5895346050381	3.12145335863421e-06
262868	21501	174.021940357967	0.656466425506617	28.7547994292927	1.81373327805931e-06
338240	13305	199.345537697932	0.414309501155914	27.4060507200754	1.61468826299824e-06
182824	48764	187.567560992361	0.473085915465453	26.9692049088487	2.81081110109282e-06
184688	23249	139.476668350407	0.337770058107409	23.117025713224	2.06904540898307e-06
202188	8469	194.076107729605	0.347270867273267	27.1144729293928	2.62980673255957e-06
214689	10713	155.812313842062	0.804204615731268	27.40610992211	1.98837877870821e-06
236859	22840	204.606596659625	0.529953566697138	36.6941662695019	2.36666547712161e-06
224936	26505	192.463087367652	0.642804898643904	30.8184603405956	2.34420515068459e-06
186487	46929	287.153999829326	0.145455069532899	31.4619345171622	4.21864948872379e-06
217162	20439	207.641476597844	0.237476288013901	24.1246705639076	2.61961465542918e-06
213996	11396	199.345537697932	0.414309501155914	27.4060507200754	2.55216059214437e-06
221719	10941	184.44465997672	0.837895042074551	26.9084691893673	2.27913636428388e-06
185279	44942	179.342803984877	0.528868161416183	28.5482176370065	2.65194732216696e-06
150336	6880	203.432356028001	0.50729211839114	31.9793044647548	3.70735499564083e-06
310872	47386	241.646437879855	0.135389791808236	26.03825443316	2.1296386785792e-06
217777	33653	221.462982219526	0.140527084044644	29.7356847768914	2.78609723015678e-06
265346	49031	192.224323926376	0.288126391498463	25.8986245274167	1.9847368468337e-06
223020	19916	191.049048346525	0.98288650467777	33.4618196444204	2.34697359099835e-06
218386	12205	178.819648362286	0.563132693810385	28.9479943935376	2.24335280113277e-06
236775	21023	190.645575108929	3.98697947344688	52.3307703286516	2.20596196445593e-06
209720	7818	225.290187212347	1.49799966130578	35.7165805087546	2.94313079164061e-06
139875	49041	182.051389365786	0.372930394996576	29.4195834325833	3.56583327806453e-06
195509	6198	213.822868534856	0.579134991413027	34.4648045302354	2.99636373863959e-06
169330	17057	203.541927562592	0.359866962011108	27.2146452997947	3.29326827266191e-06
158340	15810	169.956837633438	3.36864862961552	49.24102649145	2.94072989515258e-06
190314	31684	222.349243307818	0.109508966015512	25.5183266835982	3.20089961359918e-06
223271	45287	135.35250953395	1.50712796278997	33.0194418997073	1.66089099454788e-06
174231	39822	284.675950071108	0.357429359156892	31.388915061644	4.47643708515624e-06
174379	6842	197.514989792854	1.6943070219265	41.0942543585602	3.10322319967764e-06
179464	9889	200.924701929826	0.677992623904905	25.6523635489333	3.06734852351547e-06
186263	8155	139.982443021355	0.351011276175417	21.5107678032805	2.05898939952787e-06
234726	41454	112.734275332151	0.836534691967264	27.1949145503532	1.31583645743234e-06
252222	46257	236.152718985305	2.30336389818475	47.1117769818509	2.56517572077246e-06
189774	15394	182.755838877403	0.765035321462621	35.873656648217	2.6384063593076e-06
238660	34724	217.124951376554	0.400655517638535	31.6514356895269	2.4925118598999e-06
207242	5550	165.105436548956	1.91800093933931	42.239623850534	2.1826833449685e-06
201196	30834	312.185088503171	0.277780882964477	33.8834594984483	4.25108656403435e-06
166462	7589	242.092555778348	2.06705374676768	40.8529617467956	3.98449661847787e-06
288974	34653	166.681750505054	0.14270836022541	22.9928204325057	1.5802886424067e-06
169273	5891	205.563427893276	1.05724281852775	35.3844962324033	3.32709571922402e-06
149527	34524	162.778349645327	1.94509276704776	40.2113589294014	2.98252543834942e-06
265563	48281	215.210886231442	0.651815702390296	31.3955671999408	2.2202598494049e-06
224980	42086	184.856363141223	0.259788432700652	21.5474288545585	2.25111471876615e-06
210797	23442	171.29414021686	0.481660742828605	31.875954724417	2.22630784258204e-06
231754	46877	183.284965737543	1.12525802283376	33.7049617309844	2.16673969407976e-06
230422	9132	207.641476597844	0.237476288013901	24.1246705639076	2.46886476899911e-06
233156	40656	206.857368760233	0.384623294059044	30.5197772438693	2.43070097767728e-06
284991	28614	121.035252135981	1.7041991219096	28.8741044258681	1.16355755272811e-06
153063	7472	269.266068468778	0.333298893469198	32.7587173163087	4.81968376471678e-06
193944	9796	162.709791177919	0.233967860607279	24.9712043566369	2.29849982367342e-06
220934	46662	265.718461515084	0.257734433205531	31.2052195591635	3.29508262636277e-06
197148	36978	263.560613535058	0.695363774636039	35.9090909898843	3.66264873444716e-06
203729	48506	283.274352751886	0.45843418648284	32.6559984797608	3.80944351137273e-06
183637	39380	277.700352033149	0.58334102684036	36.6482497701967	4.14308054630929e-06
264331	37875	257.324465066146	1.65264453587923	47.9790807262015	2.66710501011155e-06
164311	6029	241.408797818636	2.81848024366428	47.3818813121241	4.02525677907383e-06
209020	23646	286.637986485212	0.353813954731915	35.7912935105819	3.75710244002622e-06
203228	47828	139.64238244271	0.725989710613333	27.7079378349189	1.88252538875576e-06
261016	6230	97.8503949360044	0.535728392935757	27.3884516475135	1.02707601755169e-06
151505	12922	139.133430005794	1.175863857735	33.3280744623252	2.5160059368861e-06
286760	24507	179.965624687303	0.452472641852338	24.4529955595479	1.71940474959064e-06
222233	47733	188.712264365338	0.446871937504745	23.4376483223494	2.32647672654731e-06
230571	16330	238.604376720383	0.114782080391796	23.8643708131425	2.83518144585284e-06
174426	39622	179.287520358371	1.20858392616083	34.5718226591635	2.81608639717327e-06
222876	23663	104.772301700182	0.761065392489941	31.306791643503	1.28792423553145e-06
163903	28473	257.974987430586	1.59050816456724	42.9693578758093	4.31218945035208e-06
331983	16605	156.353860177791	0.37385831016219	22.7358364949841	1.29032733668027e-06
219831	6689	214.05891171511	0.509562026231911	27.8695306335573	2.66778921909203e-06
308900	26098	237.273927253771	0.469378483762247	30.9665482656945	2.10445307257987e-06
183688	24771	143.872819379487	1.18311803078	33.4765049520938	2.14587838012829e-06
176735	25313	249.484406249573	0.55297358388898	34.2470701459475	3.86747911410704e-06
203011	6422	265.955882607443	2.8791210129503	52.4417738166144	3.58919592395989e-06
178308	5171	173.298201325379	0.60149955251984	25.3595000313772	2.66274980748071e-06
282985	15342	188.937909893686	0.728515741931248	29.2214454389259	1.82920688127558e-06
220755	13748	217.124951376554	0.400655517638535	31.6514356895269	2.694674550899e-06
193631	16907	152.132869295826	3.99702953518879	47.1298419763021	2.15256018732744e-06
362078	19242	164.241595723772	0.493393548942265	25.9921446073069	1.24276253897137e-06
282863	9093	136.081108385002	0.651573039738108	25.738094816065	1.31804072812442e-06
243071	22609	193.687281851937	0.355908263866218	29.7838322167682	2.18310735244262e-06
236063	24186	179.287520358371	1.20858392616083	34.5718226591635	2.08079489760507e-06
296927	42645	189.422831859108	0.225939884278117	23.9745912160534	1.74779209242572e-06
264935	49348	145.696103041102	0.704645021372412	28.2267244218191	1.50666165509299e-06
318091	46082	123.980408702651	1.16895510549168	32.3316454628847	1.06784647352488e-06
142873	25331	171.65877735573	1.70841224204084	36.1420301648172	3.29172076006443e-06
175110	5996	210.532886363639	1.84496929690754	42.6339157834355	3.29394339782726e-06
233986	7262	160.036487407868	0.278440892242136	25.7369335097934	1.8738562558639e-06
218162	28798	236.719154601432	0.116449127460363	29.3428568957611	2.97277082647308e-06
205468	16386	216.419545671455	1.07323919730563	36.7340426283322	2.88575477501886e-06
223380	10424	178.655585739069	0.983239752871879	32.0074802995014	2.19118702743858e-06
318091	13977	165.477904593524	3.03078766148589	44.4812383292756	1.42526548118003e-06
286761	41460	221.580153864272	0.448734987426778	31.4573280834058	2.11698562460249e-06
172046	36801	309.90203245092	0.542594319323822	35.1761715874729	4.93499799035779e-06
267878	7564	274.287665272228	0.825141547367621	36.4953293368742	2.80528096947249e-06
178413	15355	380.354644752814	1.2926128296054	44.0504780715737	5.84076003357784e-06
148961	9927	259.509210933968	0.343101539991806	33.8856413515358	4.77295493145936e-06
224910	31621	237.921124785348	1.24020670091369	38.3617561776006	2.89822016825419e-06
193859	16949	165.477904593524	3.03078766148589	44.4812383292756	2.33862818942653e-06
179258	23092	315.763580981952	0.605271290674101	37.8624428597597	4.82603678117806e-06
290323	14163	274.408854914277	0.172851433765282	28.8507623787405	2.58954709739471e-06
258389	7473	184.525899329643	0.447347758132229	26.4605157285038	1.95654772115806e-06
182608	2602	123.714638205301	2.53661754798826	38.0811517094332	1.85613014906849e-06
199306	22100	157.449219482379	0.480021963239847	28.2078771159863	2.16434891377709e-06
145875	23478	182.752052269177	2.04654918240534	41.1471365245622	3.43232599254244e-06
200174	12853	180.758039965281	0.256308030166053	23.137258752312	2.47398516667596e-06
245103	42811	173.501711263463	0.5785368867257	29.4520302067716	1.93937713592438e-06
212172	15995	191.367663736276	0.441612114035893	29.7819924286723	2.47108463482685e-06
391486	25058	141.318468251664	0.632360884570681	21.0526276663669	9.88985265427109e-07
437073	48830	195.036619548627	0.362814246856255	26.5243704435335	1.22255756560792e-06
210787	30518	208.043710084726	1.05263588468839	45.1815674340103	2.70406983047063e-06
251447	22489	152.51524894758	1.01250971215195	28.9604630482762	1.66178159658559e-06
195550	18440	128.288130253971	0.398801542952105	22.323235593174	1.79736297347448e-06
201888	19454	227.400133060713	0.51347193414496	29.8490261482124	3.08593905125632e-06
206087	11002	234.765693100104	0.570725027407777	34.8510043123592	3.12098133179828e-06
304182	21621	198.832838270135	0.141499697688551	25.3635379608649	1.79086041287768e-06
226267	29707	187.567560992361	0.473085915465453	26.9692049088487	2.27113864923385e-06
260426	14967	176.994867631246	0.396744736525644	26.007819695175	1.86201625630719e-06
248859	27709	168.581516434397	0.160749610139318	24.2059965019376	1.85593917966968e-06
239917	13851	199.167349854518	2.44660959888716	51.339881146601	2.27438644282881e-06
191548	8127	140.619087337201	0.300493556331096	23.924977190671	2.01128580578538e-06
201550	30034	251.534170719541	1.09688581558069	29.8616667749807	3.4191749655178e-06
171272	34970	115.145036913538	1.76873248320936	27.6350622462986	1.84189975336096e-06
312275	42682	156.256640556179	0.337011032756451	25.4327898270553	1.37090828623944e-06
245925	21817	168.581516434397	0.160749610139318	24.2059965019376	1.87808140007489e-06
329388	22180	142.702491054484	0.419262848356109	27.6878598877754	1.18694587816312e-06
197805	49960	200.818536205586	0.547465891505057	31.8987086688974	2.78146543528355e-06
164683	34527	221.64502413817	0.559621577685654	34.9127206237504	3.68736688956625e-06
206604	9844	226.197624512962	0.297864504711724	29.1699846192492	2.99955237659288e-06
228394	39228	206.909665753732	0.882808706741669	31.5829939769539	2.48200826898065e-06
207797	40019	158.618294108773	1.97381115146751	37.4761431470343	2.09132311241817e-06
179358	24211	203.239459804132	1.04597979524257	33.5727095583596	3.10451966357531e-06
149527	10146	271.965037823876	1.14143775832742	43.7845779009643	4.98311136228342e-06
135017	12054	180.221981084012	0.477875907120852	28.4040353332303	3.65701246720757e-06
203659	22677	149.10281379228	3.75217176269291	50.7622684121807	2.00580804042481e-06
189410	20331	173.501711263463	0.5785368867257	29.4520302067716	2.50962015810398e-06
241653	7116	215.559586429487	0.455711191031351	35.8424502242622	2.44389355561841e-06
176767	3074	189.122850641692	3.36960672201898	45.5436868299445	2.93123035565806e-06
227680	47952	205.660955878809	0.312608268620836	26.8471849242149	2.47476578373407e-06
295320	33072	139.982443021355	0.351011276175417	21.5107678032805	1.29863721564493e-06
268580	39414	163.030426661358	0.33432178797966	24.0227942222115	1.6630378404267e-06
192529	45738	214.05891171511	0.509562026231911	27.8695306335573	3.04610096049021e-06
206085	14190	179.342803984877	0.528868161416183	28.5482176370065	2.38421111630527e-06
302708	43607	356.876364571271	0.353102316155653	33.7883253613782	3.22998884925018e-06
185153	19881	195.989356116777	0.825344452394329	32.3240024217593	2.90007258886415e-06
226426	36744	296.935722758213	0.358976183977437	38.6574314557929	3.59288477517906e-06
208705	47007	224.408721202245	0.312323538069032	28.7319808807804	2.94587295106838e-06
175272	17616	152.627207754241	0.130375283593466	24.9640628245053	2.38575889801716e-06
202273	16114	159.732100731409	1.66833292888788	38.6688442174382	2.16352253530962e-06
149640	23885	173.043758487576	0.187097733516908	25.5690068782438	3.16822032215355e-06
364074	43745	155.307112090646	0.802249054526932	31.9262996256015	1.16871552825702e-06
201370	2780	164.836305586673	0.565568137349836	28.2159186382827	2.2426692986831e-06
243132	14443	217.417855131927	0.694613336154606	32.7950753589773	2.44996691725411e-06
183366	17157	194.617594078005	0.455709399216099	32.20279836605	2.90783944616202e-06
258200	16648	195.537876733643	1.18706749243892	33.3626486433493	2.07482653070937e-06
191545	17153	145.458910766161	3.99219829826515	43.131721325113	2.0805427640654e-06
212863	8822	198.993813221665	0.158392134635052	27.3288156528244	2.56121791656805e-06
235796	21180	265.485535981313	0.271018463529202	32.2813254284043	3.08469029510897e-06
330207	43672	176.472468868749	0.357334525078546	23.648677503254	1.46419129842421e-06
205468	27223	247.342447939458	0.694471540193603	35.3269697235184	3.29808311902527e-06
223334	10019	149.12833998041	0.849293429518118	34.0673708409244	1.82941600681883e-06
163769	47808	189.422831859108	0.225939884278117	23.9745912160534	3.16889437334107e-06
230456	11979	110.338975715947	0.197287536148795	22.3232979459205	1.31174091195427e-06
146082	17800	237.648283822259	0.376993692251413	32.6298807646182	4.4570254278702e-06
166948	40415	155.742418904296	0.261013823045788	24.3492686226984	2.55583510219893e-06
216343	12252	151.902996786042	1.73412083598812	30.6995147618697	1.92367025480076e-06
185088	46821	168.056125258643	1.73356722060834	40.7584834817229	2.48761529885589e-06
253973	46411	140.619087337201	0.300493556331096	23.924977190671	1.51692413574111e-06
281835	19198	235.979214566762	0.385287399509248	32.1677208618252	2.29396063680281e-06
246217	16814	224.108821805143	0.216100645160042	26.0583248475683	2.49372209095588e-06
192372	14154	197.633851447362	0.476494835103773	27.6696613208561	2.8146643311142e-06
217976	8707	120.133155143939	1.65634802531435	32.7640323187941	1.50994573669213e-06
165864	27528	169.956837633438	3.36864862961552	49.24102649145	2.80733113634339e-06
358475	7327	202.910615926734	0.43653972810769	33.6238709145096	1.55079014070628e-06
314526	24143	218.827805372223	0.309772695707657	25.7194062025882	1.90613251017881e-06
241090	30114	179.965624687303	0.452472641852338	24.4529955595479	2.04511388275171e-06
178068	13569	229.422842092508	2.15046842210523	47.2277537251382	3.52986348900586e-06
174964	2512	308.486324540852	0.522105907756733	38.1152130143107	4.83052520770382e-06
176735	12350	171.65877735573	1.70841224204084	36.1420301648172	2.66103499676173e-06
146731	13244	188.741752802825	0.986048935903681	34.3006206640214	3.52414072425377e-06
273529	42031	173.057309785851	0.580162303316317	28.8342258723387	1.73337969959912e-06
230547	29128	158.589285348107	0.582941843595115	28.6066177383115	1.88461004799256e-06
461302	13762	212.705299809576	0.526367302194366	31.8912317601366	1.26328142096421e-06
174231	19384	169.709867673285	2.94451722599561	43.3220757219335	2.66863268632243e-06
293851	26678	145.458910766161	3.99219829826515	43.131721325113	1.35618923788895e-06
167720	17653	200.961402166194	0.56274910845374	26.7672412598799	3.28272826148921e-06
145311	21036	199.790503227267	0.669296017502508	33.2483626977505	3.76689474106255e-06
234141	25012	218.222284913505	0.49534407810518	33.2330724275221	2.5534582740128e-06
186263	48722	185.519113956056	0.849880410599763	34.1064312533393	2.72878427323239e-06
188751	48664	195.101321838103	1.08707529667538	37.197181065147	2.83190112592495e-06
262642	8210	165.058631686391	0.536295548771799	30.7551946808797	1.72179403628431e-06
281492	8081	196.505580060919	0.361377179081008	31.5947865769957	1.91256395287147e-06
192372	43290	166.56942600672	3.72077287298636	55.580985662334	2.37225059675646e-06
256199	4523	108.949494275039	0.753606561802162	26.2598058217816	1.16507779162718e-06
200409	34480	236.563857608877	0.945554496014835	36.9583640929885	3.23398728516454e-06
254748	20287	166.99664210272	3.30736905102726	48.512004051227	1.79599073145527e-06
226267	27621	241.646437879855	0.135389791808236	26.03825443316	2.92594605173213e-06
147060	4203	237.065263953365	1.31378876109595	43.6774797605962	4.4165230099608e-06
147768	32947	237.921124785348	1.24020670091369	38.3617561776006	4.41123042906481e-06
240843	11140	184.448116538781	1.07353344480017	33.0586955229446	2.09820217147977e-06
230769	13703	291.438108062306	3.1024378240407	51.169063461791	3.4599992634787e-06
264350	27536	124.472959085912	2.36458875770853	38.6340179170939	1.29003898511378e-06
225251	4017	183.578040451145	0.434690983151236	23.643118628231	2.23285816925381e-06
209095	21676	245.718609267775	0.309663140992009	31.4212567947805	3.21959716505311e-06
285046	47562	174.021940357967	0.656466425506617	28.7547994292927	1.6726157860026e-06
167973	4569	164.061544165412	0.175408547166995	27.2703180799958	2.67592817086653e-06
153878	31479	155.812313842062	0.804204615731268	27.40610992211	2.77416558326783e-06
238299	34907	164.92684324848	0.136533388069249	23.3546606150446	1.89616559475419e-06
204212	22441	192.231438746351	0.676703967035919	31.457334295753	2.57899377126418e-06
246449	5030	212.705299809576	0.526367302194366	31.8912317601366	2.36460381682877e-06
249777	35658	140.619087337201	0.300493556331096	23.924977190671	1.54240692107992e-06
265105	44815	192.340726075885	3.87982977175851	54.2304336126868	1.98774407634179e-06
234365	29712	197.791659617387	1.12646424287267	35.5127551904228	2.31218380669407e-06
140409	37748	145.458910766161	3.99219829826515	43.131721325113	2.83826224631546e-06
179201	23559	213.737877056042	1.10107134921315	35.414106567082	3.26774529612599e-06
209463	36516	206.711348703547	0.651787556503416	29.6498845798153	2.7037350854399e-06
185122	25295	112.734275332151	0.836534691967264	27.1949145503532	1.6684188173597e-06
242260	38965	153.871655533264	0.493287975178645	26.515406784689	1.74013943508292e-06
231617	15395	139.64238244271	0.725989710613333	27.7079378349189	1.65178665515077e-06
232543	27532	294.852317084726	0.827505990420299	45.1884259016701	3.47382878588224e-06
213406	16417	168.581516434397	0.160749610139318	24.2059965019376	2.16426514865288e-06
192349	16161	236.909978843171	1.8455867165088	43.4645363781473	3.37443103518485e-06
203567	13894	152.132869295826	3.99702953518879	47.1298419763021	2.04749483773107e-06
150401	28733	136.081108385002	0.651573039738108	25.738094816065	2.47887284312909e-06
260098	47060	173.057309785851	0.580162303316317	28.8342258723387	1.82288835689489e-06
196681	27352	147.392988929794	1.6075552549386	34.6257656748269	2.05315413297082e-06
