HSC_pop_size	HSCT_bottleneck	number_drivers_per_year	gamma_shape	gamma_rate	dpcpd
294910	16853	192.020115704452	0.367953712628216	19.3425180289088	1.78387477121603e-06
294743	9094	147.097092626801	3.47896517041409	51.6722514875729	1.36731231352097e-06
246122	25818	196.16830461578	0.298600518121153	22.3629952141578	2.18366261409482e-06
336861	19945	162.709791177919	0.233967860607279	24.9712043566369	1.32333588572888e-06
283564	6646	350.323626941152	0.100817106568503	31.9480326309752	3.38474121800681e-06
176059	6313	291.438108062306	3.1024378240407	51.169063461791	4.53518746575702e-06
299160	20387	154.081209187255	0.747500514838934	33.4137010477018	1.41108536951185e-06
237723	20593	151.466768366907	0.200316757920714	26.6887992770495	1.74563440466664e-06
201644	3953	313.25702877327	1.47926661371862	47.2229070286796	4.25620616033832e-06
322461	15245	111.81033600454	0.140570580311391	22.2093476910015	9.49974377315927e-07
169487	5392	193.289012951962	0.626797670909095	37.5952176277907	3.12448116725422e-06
282169	22489	142.547454169304	0.131896480981847	23.3979676956332	1.38406759894553e-06
222620	36427	139.600610888951	0.689967253123347	28.6274240647133	1.71802815152734e-06
253695	15213	155.742418904296	0.261013823045788	24.3492686226984	1.68190763965355e-06
209745	31142	189.497586570183	0.233510056549932	29.2159354760393	2.47525075713507e-06
136556	27671	317.506367778167	0.242608499809347	34.8335113408031	6.3701372306322e-06
172046	36801	309.90203245092	0.542594319323822	35.1761715874729	4.93499799035779e-06
184067	6506	202.362456386436	1.08684947557443	34.9134177577617	3.01204283619531e-06
371589	6985	177.814836571838	2.18635409288723	45.4752389855005	1.3110289481477e-06
301679	7594	148.571650343713	0.854333686276803	30.3873053561246	1.3492673251371e-06
244966	4376	246.05076174961	0.409159789661357	33.6449020718687	2.75185811919339e-06
206709	12039	192.020115704452	0.367953712628216	19.3425180289088	2.54503920380497e-06
201175	46207	94.4780045666481	2.18094495473243	32.8976410293681	1.28666011247821e-06
420054	1814	156.78887297287	0.313670644635272	24.479543254737	1.02262698626856e-06
189110	32225	204.486084786846	0.348899267256869	30.2227889445903	2.96248664127272e-06
212907	3304	160.411994008053	0.109322809619463	22.0697909050297	2.06421073562897e-06
186992	8772	189.497586570183	0.233510056549932	29.2159354760393	2.77643679973098e-06
233653	15620	204.144655993662	0.561823192694375	30.9018208307424	2.39372243189643e-06
170532	47170	379.772093197555	0.107734403925938	29.4927582856564	6.10132695454507e-06
188547	6021	149.60885128796	1.08093580372939	32.7502923073127	2.17392620302964e-06
188065	5178	213.453337163214	0.433120781989392	32.7554649853703	3.10958266270098e-06
169315	4808	206.553876013713	0.968523081737535	37.1200903792378	3.34229708043916e-06
230032	4047	165.477904593524	3.03078766148589	44.4812383292756	1.97087414870122e-06
148961	46859	265.390068495917	0.252166871516816	29.7218406676519	4.88111705796152e-06
299154	35039	171.034396896291	1.08174090579977	33.778672600708	1.56637514041919e-06
181858	1846	185.519113956056	0.849880410599763	34.1064312533393	2.79488141893722e-06
212324	35602	164.836305586673	0.565568137349836	28.2159186382827	2.12696782594439e-06
372832	3750	236.563857608877	0.945554496014835	36.9583640929885	1.73837052032159e-06
262249	7132	265.390068495917	0.252166871516816	29.7218406676519	2.7725408984248e-06
210783	48962	169.456604176658	3.75005046932282	52.0644658760858	2.20257169210584e-06
195072	6165	212.705299809576	0.526367302194366	31.8912317601366	2.98738028037664e-06
314874	41569	249.71401807969	0.414139690513575	31.7485879987273	2.17276750299763e-06
167724	41801	226.966636512493	0.573977386998259	37.3946846373684	3.70743841909381e-06
327537	9242	155.585433132164	0.520976061595011	33.1748999005821	1.30141468181019e-06
225255	46308	209.085784803437	0.1594278546968	27.7573638095581	2.54306349064287e-06
149980	43292	252.316963733069	1.93904263352191	42.9760808060809	4.60914357043166e-06
389101	33739	141.318468251664	0.632360884570681	21.0526276663669	9.95047264388931e-07
276268	23455	203.399884544291	1.29714604454993	35.6055259174925	2.01709918505072e-06
234293	12391	185.020446959097	3.23940725266379	50.5322397573844	2.1635530474001e-06
142177	33083	166.122507102868	0.913082802558144	32.2763146069353	3.20115177874209e-06
323964	3557	151.902996786042	1.73412083598812	30.6995147618697	1.2846260508401e-06
200225	7777	101.017309522037	1.056078253066	31.2639572463525	1.38224373637243e-06
227217	7859	216.242935446505	2.06446552687928	42.3919548885243	2.60740348866315e-06
312994	48981	145.551697289367	0.130728588193713	18.8128904834374	1.2740556476978e-06
276914	19272	194.715575645591	0.343721264618172	27.7523178064751	1.92647295021511e-06
217908	17397	217.604834171393	0.183280202843981	30.673157686209	2.73591436692012e-06
182653	3577	362.96570982368	2.27739521221326	51.2294337376541	5.44434858587955e-06
200889	20672	183.578040451145	0.434690983151236	23.643118628231	2.50363900204884e-06
201693	17500	145.696103041102	0.704645021372412	28.2267244218191	1.97908408121283e-06
231368	11741	316.232454729375	0.104918759337747	32.6506801455374	3.74464181273899e-06
246615	35384	109.410245780087	0.531186515858949	26.3065604849309	1.21547390883618e-06
226354	42308	159.361401332348	0.96648203945653	31.3041924105007	1.92886619627987e-06
236807	8293	156.158458047721	2.87516278844942	45.5593018382569	1.8066669984906e-06
237295	7178	139.600610888951	0.689967253123347	28.6274240647133	1.61178038767364e-06
220484	4081	231.663536596008	0.819661378056764	39.5899148235607	2.87864253556258e-06
199356	3545	204.264370055083	1.11864027784601	37.0674497999005	2.80718117894529e-06
194389	3546	135.492117827906	1.74047203497468	39.0502352874004	1.90963110937497e-06
327180	3851	217.417855131927	0.694613336154606	32.7950753589773	1.82060442730554e-06
225824	11961	328.721683123225	1.25593396495948	48.5917672590113	3.98809405121924e-06
223413	9782	192.770584132035	0.786968321908	33.282153204614	2.36395637972325e-06
224457	3915	155.812313842062	0.804204615731268	27.40610992211	1.9018477998997e-06
274201	2606	147.357097254281	0.251537086872157	26.431117761327	1.47234355333957e-06
228016	2184	94.4195561352591	1.02423151469193	23.7429979680614	1.13449808539342e-06
326094	4477	199.647213859074	1.57410831187853	39.7625516820632	1.67736501777724e-06
183846	20276	170.373016193518	0.483398060128575	30.7417016919887	2.53894774339151e-06
243826	3209	136.081108385002	0.651573039738108	25.738094816065	1.52906152124653e-06
228694	15862	172.646919238151	0.166249402176176	24.7456580880248	2.06828888465248e-06
205630	33211	237.442413809504	3.54151268958222	54.4572582884188	3.16358100044706e-06
154410	12297	164.398278417335	3.37965703780337	47.1892392310601	2.91694995297762e-06
324765	22661	226.099578746844	0.352512279275489	32.1052680436126	1.90738195518694e-06
216114	49294	188.741752802825	0.986048935903681	34.3006206640214	2.392721862584e-06
237295	2517	337.826389959867	0.820743267016207	40.853222240631	3.90042669805392e-06
195969	18219	260.959547005137	0.511061755486031	35.8252003580731	3.64832020895026e-06
243612	42836	179.342803984877	0.528868161416183	28.5482176370065	2.01693737543213e-06
222117	6247	287.153999829326	0.145455069532899	31.4619345171622	3.54193189716966e-06
236709	47014	190.948385424689	0.664004893203874	30.8511998042129	2.21008183650602e-06
277609	16259	182.342050921196	0.664842087582968	32.1893273200664	1.79953554386852e-06
196362	10849	155.742418904296	0.261013823045788	24.3492686226984	2.17298437906472e-06
351287	17496	156.390294851616	0.585849385977945	28.8993961600528	1.21970514490233e-06
245069	2370	166.362668201835	1.02524719568284	35.502609644062	1.85983593216532e-06
219153	3110	241.391894118866	0.240460811021818	28.0825006197406	3.01774401956706e-06
341417	41183	97.8503949360044	0.535728392935757	27.3884516475135	7.85207748288083e-07
237747	6299	208.865677487462	0.242003074749983	29.9988253702489	2.40690621897379e-06
214748	10726	196.189848760746	1.05300476031349	36.2002962188879	2.50296363626645e-06
199812	3832	210.724526375057	0.888243328946053	38.330682068458	2.88935333974288e-06
196789	5081	225.012280616484	0.99983490418056	39.070195760244	3.13265478095319e-06
165908	10771	190.636239481423	0.647298389359255	33.1383461718757	3.14807644641845e-06
218883	4724	226.035249258941	0.590174527880773	34.1311559979482	2.82924966993301e-06
197856	30107	226.560369681692	0.189844848214933	23.7243010196658	3.13719746479094e-06
237937	28502	197.391691485813	1.53054615935892	35.8167525705132	2.2728669973802e-06
308121	38677	137.349773444103	0.942851186502022	29.9186549582596	1.22127589213954e-06
296160	22768	247.022664823373	0.694584518530479	40.1286504711094	2.2851648574204e-06
207192	11717	212.455479415848	1.43363028790109	41.3518003333908	2.80932568158405e-06
342976	11599	189.122850641692	3.36960672201898	45.5436868299445	1.51073193540833e-06
204426	10494	217.631646383042	0.537387216148224	29.2684401302006	2.91670866710172e-06
218415	6100	138.968032323371	1.60246091786569	34.1112939065143	1.74316935710699e-06
216636	5667	288.756914724896	0.364981222274474	35.8684089566636	3.65181611026205e-06
192432	42231	213.532852925034	0.548190657738883	31.6778327179453	3.04014672644418e-06
214558	21622	193.847172943361	0.79536933453235	31.7594478218249	2.47526610543678e-06
263525	6739	180.758039965281	0.256308030166053	23.137258752312	1.87924298170646e-06
347298	19583	183.743723418621	1.73440364893686	35.9789564688815	1.44949715063398e-06
334913	27422	190.73764762512	1.02353974105603	36.1332886913167	1.56031237247604e-06
252497	28228	166.329696231082	1.05176411984309	35.7806768302798	1.80476519678798e-06
206804	15287	266.386552933797	0.271698613865134	30.6042257389626	3.52907183817219e-06
276555	11874	145.458910766161	3.99219829826515	43.131721325113	1.44100654026471e-06
228084	32733	183.578040451145	0.434690983151236	23.643118628231	2.20512414497549e-06
328114	23242	154.006036743761	0.234447766452356	25.1916143623911	1.28593826305242e-06
282359	11762	194.755689849407	0.498810295786068	35.943239663329	1.88971214823728e-06
308112	5349	194.471399688461	0.697527503846799	33.5407062644884	1.72923597688779e-06
228743	46090	134.6195372184	1.30384631503205	32.3588933456312	1.61238005059575e-06
189247	8757	153.030709576251	0.615065005004291	29.3260562620255	2.21542332516302e-06
142965	2610	294.521956436448	2.6699951851933	54.4248661085772	5.64410498855593e-06
246393	4181	161.078563972575	1.16268979948956	32.6817730279817	1.79108633025873e-06
225564	16262	260.539266390204	0.412686148611206	33.3590382534469	3.16453959536198e-06
322108	4515	377.41618862008	2.64584486007754	62.5689915975915	3.21015608157359e-06
223308	8111	203.856928605529	0.424816191742743	31.0479748500391	2.50108430134985e-06
261351	9530	192.020115704452	0.367953712628216	19.3425180289088	2.01293474591381e-06
314726	1670	188.012983257666	0.489099194370416	28.1553753298925	1.6366746430852e-06
216114	49294	188.741752802825	0.986048935903681	34.3006206640214	2.392721862584e-06
363891	8313	142.441389931784	3.35911722532009	47.2957038067402	1.07243757986526e-06
221780	9808	188.712264365338	0.446871937504745	23.4376483223494	2.33122870579308e-06
294145	5812	236.145843616247	0.319187197638099	28.6411900557048	2.19951015321394e-06
334511	13842	294.824107889309	0.660865412927292	37.8777269998785	2.4146807784752e-06
233393	6974	195.411005979941	3.14966886374398	44.3751541193561	2.29386750726511e-06
243132	37971	164.92684324848	0.136533388069249	23.3546606150446	1.85847344267447e-06
127588	10310	216.212534586079	1.10960407386452	38.4284766197076	4.64278073529651e-06
195580	2928	185.519113956056	0.849880410599763	34.1064312533393	2.5987910066729e-06
182854	33073	149.430228470803	1.83353065679773	34.9993230482448	2.23893317193705e-06
168764	36478	178.819648362286	0.563132693810385	28.9479943935376	2.90297009331481e-06
222488	3352	115.145036913538	1.76873248320936	27.6350622462986	1.41790053646776e-06
286513	40295	251.534170719541	1.09688581558069	29.8616667749807	2.40524763029989e-06
329958	2487	157.013939981656	0.911117466130898	29.9058633048595	1.3037270744517e-06
166670	6726	173.346597218208	0.778607291643354	31.599672418345	2.84947611543453e-06
235847	7892	159.858165942661	1.65202681829127	36.7993273328838	1.85699872343129e-06
225072	32059	159.555160765499	1.90694170780666	40.9343314989802	1.94221150011904e-06
273560	32107	280.165120283047	3.02284982691951	56.419359411096	2.80587685337165e-06
275655	24387	341.84555706699	0.206231175163317	35.2304441515893	3.39759180877019e-06
168348	2463	225.012280616484	0.99983490418056	39.070195760244	3.66189085518686e-06
331964	9639	153.604332326286	0.460455112056789	26.6540499343453	1.26770911061231e-06
188637	40677	229.964674776807	0.527892236108211	30.413455921004	3.3399609030464e-06
209671	16860	137.000960543079	1.75434045274648	39.2638849108088	1.79016219400059e-06
131310	2803	245.600294098085	0.97526008734468	38.5584185389561	5.12434329507993e-06
217976	1088	293.121909483527	0.103015259906819	30.4497108723252	3.68423002813339e-06
249916	9129	136.081108385002	0.651573039738108	25.738094816065	1.49180106307502e-06
228124	9813	215.015356835282	0.598511188955391	32.6634513527483	2.58229370610603e-06
211922	16074	164.940788964364	1.74545585074398	37.9171620034294	2.13235328330757e-06
237669	19719	206.574521191122	1.36597871542892	41.3505903154183	2.38128486384191e-06
142873	2649	160.583705776853	0.21339835573186	25.4800956711411	3.07934570067646e-06
300249	46691	177.046368639951	0.369054142981128	24.2028077299627	1.61552093169018e-06
199537	3546	147.504989872735	1.14608447983202	32.224519756399	2.02530488042469e-06
303913	21517	251.621454054661	0.49485075605875	34.8215111513463	2.26832628655273e-06
244524	21071	263.560613535058	0.695363774636039	35.9090909898843	2.95301840595929e-06
158267	2898	164.115409966755	1.29935291098844	37.9025394298232	2.84096659558146e-06
270371	11074	148.81308457826	1.22021751686993	35.913501016381	1.50795418530955e-06
269575	37853	163.239992220169	0.753947896081324	33.5799511608662	1.65902941814977e-06
229891	16463	181.874312714838	0.484398898059264	29.1418245368839	2.16748714938745e-06
202188	4499	157.013939981656	0.911117466130898	29.9058633048595	2.12759994674231e-06
218920	17478	188.070126951356	0.774418825715326	32.6394478385712	2.35364800742069e-06
210283	36469	185.986997544713	0.236056793015328	22.0131633253874	2.42317932467542e-06
191299	28015	231.411921166719	0.270087894572687	27.7533572734991	3.31421106995051e-06
161041	10274	203.34152071215	1.17094923403712	34.1132597656542	3.45936784263397e-06
251653	31660	216.550176582441	0.141759625820063	23.7630543871915	2.35756440424071e-06
280556	31257	249.484406249573	0.55297358388898	34.2470701459475	2.43630120628932e-06
200002	2085	164.047414001768	2.27462519408764	45.0407095743381	2.24720237731551e-06
225072	32059	159.555160765499	1.90694170780666	40.9343314989802	1.94221150011904e-06
273560	32107	280.165120283047	3.02284982691951	56.419359411096	2.80587685337165e-06
245759	1643	189.422831859108	0.225939884278117	23.9745912160534	2.11168934862078e-06
246625	33234	159.249278451669	1.42754534281344	31.2720899700738	1.76908015415417e-06
189247	28368	125.353277410762	0.286693531436287	22.9071785186071	1.814737547976e-06
200463	11124	216.555141195757	0.315042190124193	29.6861754945853	2.95965717713844e-06
226338	43849	116.751407304312	3.99464901478514	47.7275298940865	1.41322654316501e-06
263018	4800	207.641476597844	0.237476288013901	24.1246705639076	2.16289667552149e-06
263303	20139	184.44465997672	0.837895042074551	26.9084691893673	1.91918753509325e-06
179275	11436	166.027295276057	3.35836928535681	45.7760717310678	2.53727124320839e-06
226937	5613	155.742418904296	0.261013823045788	24.3492686226984	1.88022031948033e-06
319252	4929	256.136140576922	0.116104844993722	28.1319588600849	2.1980844314074e-06
228637	26872	132.450226122655	0.837178414311623	29.8576764146837	1.5871330180281e-06
246013	31202	156.78887297287	0.313670644635272	24.479543254737	1.74608071967764e-06
182479	4631	278.253394346917	0.365283349894263	32.5295297884896	4.1776756048854e-06
305442	47815	122.242209876359	0.664045351579251	27.1477913213923	1.09647711855219e-06
217130	27034	224.443330295805	0.779637653207602	37.185411991862	2.83200494490461e-06
226186	586	258.902398643068	1.0310738156566	45.4843095430073	3.13601036367412e-06
174379	15057	136.081108385002	0.651573039738108	25.738094816065	2.1380152110028e-06
225255	13639	265.14688497544	1.38051352932417	48.3727187120368	3.22492207431809e-06
200470	11310	263.623603958914	0.252838103227799	31.6882055402496	3.6028156292837e-06
262102	4048	167.651444411081	0.594239726553807	31.0889142679088	1.75244380349552e-06
258147	12835	192.020115704452	0.367953712628216	19.3425180289088	2.03791835186665e-06
201995	9428	184.856363141223	0.259788432700652	21.5474288545585	2.50726893946884e-06
160503	27219	217.983321092135	0.274928869135486	27.9215818503769	3.72089355547632e-06
232250	48486	143.59167232095	0.960227127069752	32.7939566453789	1.6938723012926e-06
176396	40531	138.386338624059	0.661790102153387	27.3641634073263	2.14937217263739e-06
245580	41090	231.805907429272	0.897080804938591	35.8634323822717	2.58606025689558e-06
278728	41387	160.53725613535	2.10112216255572	38.0628073895794	1.57798319150196e-06
199811	9600	227.400133060713	0.51347193414496	29.8490261482124	3.11801684181569e-06
229242	49021	184.44465997672	0.837895042074551	26.9084691893673	2.20434229134564e-06
271689	33336	237.273927253771	0.469378483762247	30.9665482656945	2.39268264125497e-06
145311	5181	202.178399282216	1.00159898162332	34.5147603232849	3.81191666626066e-06
176556	4191	148.300408082042	1.27611284353122	39.4423678930093	2.30126695153949e-06
246550	21237	329.250125773121	0.302245321161666	29.7558155881017	3.65871076497441e-06
212863	6908	197.499639674887	0.611732864592195	34.1551451480625	2.54198664501989e-06
195197	25943	110.828854298461	0.788182047015398	28.0802728567606	1.55556026326282e-06
208385	3272	176.826455944153	0.551810185028693	29.1929989126378	2.3248124561874e-06
192012	1592	241.554800351618	1.35300850756135	44.9681790814343	3.44662819806094e-06
247675	1891	140.619087337201	0.300493556331096	23.924977190671	1.55549721823591e-06
304603	42624	180.179499646418	0.263765825987712	23.7442261846621	1.62060933341007e-06
219218	30282	157.736185509646	1.02705742567601	35.5176728459778	1.97134328797425e-06
168402	1105	186.228011097244	0.853747358552381	35.9018850595754	3.0297367551071e-06
189475	33890	274.591401323454	0.427969482901413	35.8126524425187	3.97047214199949e-06
341518	4785	197.810068364751	0.222604573044466	27.1046835722869	1.58687212029861e-06
277753	8081	167.441776331576	0.185687782455262	24.8358711388125	1.65162785888631e-06
222768	25722	182.756708023348	0.666055294035232	27.5513695160217	2.2476446781091e-06
200218	13204	164.681855033783	0.153973812769634	27.4483686182852	2.25345955146949e-06
236448	35366	248.078759628179	0.271496986345966	31.7232499559261	2.87449178930569e-06
137502	10771	263.623603958914	0.252838103227799	31.6882055402496	5.25269777314151e-06
247205	43121	280.265370284535	0.577025599214295	39.1071358454383	3.10612782729585e-06
225130	32015	191.367663736276	0.441612114035893	29.7819924286723	2.32885430258287e-06
233969	40794	179.965624687303	0.452472641852338	24.4529955595479	2.10735826537965e-06
170200	19429	185.020446959097	3.23940725266379	50.5322397573844	2.97829220995601e-06
215436	4394	160.89772060515	0.652591024442325	26.8163945902899	2.0461560411947e-06
156407	17533	144.367056940322	1.04474920262301	32.0189381170314	2.52882660877162e-06
194254	5302	230.533590779651	2.63698854543085	49.4288160844112	3.25140732673901e-06
176555	5510	223.616763641989	0.258900318037811	28.3861539985802	3.47001595826965e-06
310766	17108	224.108821805143	0.216100645160042	26.0583248475683	1.97575272735397e-06
189727	19508	211.816138443268	0.856653443332582	36.8571150251251	3.05870112064072e-06
221429	41968	227.205100403702	1.7967676649493	42.9729257611249	2.81119332668002e-06
156444	28602	316.802900887459	0.378934486452639	38.778540977443	5.54801176853268e-06
241815	11034	278.896998193987	1.33238152671545	45.4442381727994	3.15985925155608e-06
289818	7195	216.242935446505	2.06446552687928	42.3919548885243	2.04420152814378e-06
178983	2726	231.859881329948	0.663901266159397	37.3339493815368	3.54912227188559e-06
167460	15392	176.555896973299	0.107421694936639	23.1962601684919	2.88853927044199e-06
222692	5484	218.827805372223	0.309772695707657	25.7194062025882	2.69218577181264e-06
216122	7237	177.342467396791	0.366970328675938	22.873733794861	2.24812732479728e-06
264359	38565	156.610153214663	0.504950985529186	23.9619209917783	1.6230539263535e-06
216343	18517	243.675093784017	0.618076189493434	36.3987055618495	3.08585439172305e-06
293868	8249	150.005435517478	0.47334205154002	29.000690474493	1.39849795125123e-06
222271	21435	184.709344558368	0.732254197061305	33.2073360943823	2.27673875039951e-06
371714	31726	138.109986685329	0.741271420414646	24.606760338149	1.0179426256888e-06
199722	17391	191.608848430259	0.483804214244665	32.5580837125193	2.62843226647038e-06
168913	2515	166.777852504122	0.384558723887723	26.9238054764015	2.70509447644032e-06
299876	5370	209.640133376238	0.509888390422194	28.8710580551158	1.91531342887698e-06
183345	15160	105.314630172437	0.503558634619731	30.0346527026078	1.57371749079136e-06
193127	5442	223.51431822426	0.164328389580214	29.4197839164953	3.17080467844972e-06
396137	3100	197.791659617387	1.12646424287267	35.5127551904228	1.36794835588661e-06
223015	3219	238.726526332658	0.31499548586765	30.7992468850175	2.93274119509325e-06
273482	5331	148.675048345184	1.10362378974386	33.0666755438003	1.48941758351865e-06
228969	36424	191.32960097867	0.665216299502917	34.9952552461952	2.28935221629476e-06
232938	14056	242.092555778348	2.06705374676768	40.8529617467956	2.84739834679212e-06
156419	10590	173.394526479557	0.147971269874358	25.028669069565	3.03705750071453e-06
249717	8796	110.338975715947	0.197287536148795	22.3232979459205	1.21056461356389e-06
220072	49595	164.273553288402	0.304017637761802	23.9735985970816	2.04507856318507e-06
197884	2770	274.722071293427	0.251598998832837	31.0985403307575	3.80355768542726e-06
172518	1918	225.290187212347	1.49799966130578	35.7165805087546	3.5777912427855e-06
205818	4460	229.586232119584	0.375866976861744	28.0604619742129	3.05611450733217e-06
160439	9777	139.982443021355	0.351011276175417	21.5107678032805	2.39040097809298e-06
236016	19945	285.325803935987	0.43162655752479	35.1264714460629	3.31212515817348e-06
215350	2532	180.907762671076	0.350408385455536	30.7460858838445	2.30154495448411e-06
362186	5966	182.956411898993	0.946586609190187	35.6084170556644	1.38395863881786e-06
183688	10567	368.552113300722	3.09543775402584	57.2199289894432	5.4969939095763e-06
250201	4654	108.949494275039	0.753606561802162	26.2598058217816	1.19300788221107e-06
189664	3641	162.709791177919	0.233967860607279	24.9712043566369	2.35036828181689e-06
244882	40292	181.084882177051	0.347144794639258	25.2030254492166	2.02596746542675e-06
280556	31257	249.484406249573	0.55297358388898	34.2470701459475	2.43630120628932e-06
200002	2085	164.047414001768	2.27462519408764	45.0407095743381	2.24720237731551e-06
269557	16387	238.889254114763	0.116845643946582	27.5459682443663	2.42802489701152e-06
167724	41801	226.966636512493	0.573977386998259	37.3946846373684	3.70743841909381e-06
195236	33761	107.015579356213	1.0359840593927	30.7756213638918	1.50173824550397e-06
221418	5239	222.523187696397	0.418549435759878	29.9910958259965	2.75340111929123e-06
212576	49238	181.084882177051	0.347144794639258	25.2030254492166	2.33386160652488e-06
236659	3853	112.734275332151	0.836534691967264	27.1949145503532	1.30508887600836e-06
332287	19284	237.622178366006	0.411886043875108	34.6114900520522	1.95920895718515e-06
248111	16080	150.253923402967	0.117321783164406	20.0745293101341	1.65915491318669e-06
262837	8484	245.718609267775	0.309663140992009	31.4212567947805	2.5612895795751e-06
172599	35042	211.816138443268	0.856653443332582	36.8571150251251	3.3622337760694e-06
200016	41859	132.203269321957	0.388483570753738	23.8388622448674	1.81085882063623e-06
172823	7171	214.066488364723	0.163054227422018	24.233337408441	3.39355022055146e-06
219167	43184	154.66490951321	0.567654116079745	23.4198328578482	1.9334091269141e-06
178280	43018	145.492053872768	3.7734341400776	47.9274667784077	2.23585577055591e-06
220666	10303	220.180784183001	0.888021584826137	33.7991407258422	2.7337017264051e-06
151125	20621	190.290858868545	0.214626077607254	26.3978944624743	3.44975893345199e-06
248013	2302	218.585535632005	0.168800164435615	29.8011232195105	2.41464955943267e-06
264909	41176	202.362456386436	1.08684947557443	34.9134177577617	2.09286090215871e-06
195209	13916	222.27663011367	0.118813946518474	23.1332616549989	3.11961573905186e-06
320155	8286	183.578040451145	0.434690983151236	23.643118628231	1.57096886034136e-06
273209	48967	214.258394662545	0.541990518556031	32.98701830997	2.14857234002294e-06
307129	6833	183.578040451145	0.434690983151236	23.643118628231	1.63759702106473e-06
225953	6574	260.959547005137	0.511061755486031	35.8252003580731	3.16418752142159e-06
235685	15465	107.609416054617	3.90000047389319	44.1489987829256	1.25090827994083e-06
179890	21464	322.548833464155	1.19505163727494	48.1503553193868	4.91242111372711e-06
175348	11206	120.436762007244	0.615332222641514	27.4177978735414	1.88176501315496e-06
296405	10111	295.334878380727	1.28863521290608	44.6149386260473	2.72983469610122e-06
274707	9542	194.097182444703	1.65481904917456	38.7148930323893	1.93578286169711e-06
286901	17656	176.438968224885	0.572185376141303	31.0487770015069	1.68488235834952e-06
202013	5412	189.925621691351	0.399461430626536	30.6712430470158	2.57579546374441e-06
207164	5091	235.732351552635	0.100440844379364	27.3368273217266	3.11754001201133e-06
197517	18412	127.212562757771	1.599950041528	34.6055486391876	1.76454466805071e-06
195797	7115	216.550176582441	0.141759625820063	23.7630543871915	3.03011872000279e-06
207371	24264	150.245359685426	0.108281166801013	24.3043840791235	1.98499849268135e-06
200463	11124	216.555141195757	0.315042190124193	29.6861754945853	2.95965717713844e-06
291951	13495	134.711278297614	1.11520602108001	34.3393822925564	1.26415732549616e-06
340429	22085	198.758735507615	0.741856262703609	33.8557718600244	1.59958311672267e-06
171272	4931	227.24946460899	0.141243325671084	29.5024949118221	3.63516087218776e-06
291312	19482	257.494821139893	1.10246621864197	46.9379277266091	2.42168281223213e-06
192413	8011	140.311421620445	3.76457340960234	51.123396291696	1.99786320963055e-06
275088	37807	215.966137231166	0.931130563352212	32.7716829667787	2.1509046094656e-06
312663	3007	246.766682197011	0.442408897355468	30.8739444596144	2.1623060672661e-06
209368	25793	156.353860177791	0.37385831016219	22.7358364949841	2.04599910307748e-06
372288	3700	309.90203245092	0.542594319323822	35.1761715874729	2.28061786640745e-06
246776	7146	278.701787839809	1.94114141313062	46.991081405717	3.09416856593378e-06
279727	27263	244.354164398449	0.187010348335796	27.9400171834124	2.39327438575947e-06
185150	22508	147.740622230062	1.03906439097973	34.9145493848999	2.18616704308705e-06
228253	18871	196.192918336487	1.04862727889449	35.1786503471738	2.35490812719876e-06
190694	13596	141.318468251664	0.632360884570681	21.0526276663669	2.03034120434307e-06
239637	12227	268.310875989542	0.635403589205949	38.3244551562208	3.06754921144192e-06
226937	2513	133.800754922734	0.67052934281196	31.7088925116239	1.61532676798943e-06
263156	17264	513.357443290671	0.114588262392293	30.3394109565289	5.34458172620637e-06
216557	1801	230.51822709881	0.100697659760777	25.6999765382802	2.91635360007796e-06
233241	3499	204.486084786846	0.348899267256869	30.2227889445903	2.40196127066461e-06
190986	44580	156.411833369059	0.136011593672692	25.1305499478583	2.24375383993661e-06
180240	14295	291.610256271431	0.612769255788853	33.9281867866704	4.43260213583458e-06
149950	28864	217.716380400988	1.78106440176872	39.5385268774206	3.97788085345321e-06
210283	36469	185.986997544713	0.236056793015328	22.0131633253874	2.42317932467542e-06
191299	28015	231.411921166719	0.270087894572687	27.7533572734991	3.31421106995051e-06
161041	10274	203.34152071215	1.17094923403712	34.1132597656542	3.45936784263397e-06
226394	40488	224.108821805143	0.216100645160042	26.0583248475683	2.71207175132241e-06
282985	1247	141.270278779805	0.909003914020099	31.8322912952608	1.36771157365478e-06
188699	1459	120.284059951043	0.89540307743708	31.0436543077411	1.74640761068625e-06
195750	11658	153.104192524621	0.212546902571236	26.7083666114382	2.14285333927635e-06
212172	8786	246.846763278415	3.82433734463868	61.1322669185937	3.1874729093973e-06
275682	46391	183.382607603511	0.889852557936198	35.3443716460687	1.82245523111164e-06
174161	2410	238.343977295803	0.523548329261554	38.5933562524815	3.74938819868221e-06
200889	10880	324.771615672846	1.21464393659546	47.7436668267497	4.4292382779483e-06
222154	4829	238.889254114763	0.116845643946582	27.5459682443663	2.94611443936969e-06
265926	12073	159.039184329633	1.16194832534307	38.6782557086399	1.63851519852864e-06
192809	22830	269.266068468778	0.333298893469198	32.7587173163087	3.82614533594824e-06
229027	2514	138.968032323371	1.60246091786569	34.1112939065143	1.66239934650728e-06
319252	25447	200.989554403157	0.179792008146383	27.5067155939058	1.7248327760932e-06
313961	19498	203.34152071215	1.17094923403712	34.1132597656542	1.77442439266538e-06
212297	11138	180.19177888138	2.52728044116183	44.9499540545124	2.32540312168485e-06
240659	36473	139.982443021355	0.351011276175417	21.5107678032805	1.59359734115184e-06
185697	7132	316.1852685854	1.02000328492075	41.0193608470212	4.66491655666496e-06
236043	2969	229.349968112284	0.759975111421056	33.9133839371222	2.66204071724201e-06
223048	25617	147.701742233109	1.37184737739174	33.0279473826437	1.81423867278778e-06
182653	5031	191.872578086938	0.97646977526785	32.7473780689407	2.8780162172458e-06
265062	4490	388.068001195148	0.896725327170487	45.2434941502006	4.01113702935305e-06
272049	6881	207.445145064283	1.07468613352633	40.2004568025954	2.08911947182242e-06
296145	16783	161.274121218058	0.427757399863877	25.0859426726352	1.49199516266266e-06
200225	32755	156.78887297287	0.313670644635272	24.479543254737	2.14537922881785e-06
241815	11034	278.896998193987	1.33238152671545	45.4442381727994	3.15985925155608e-06
264932	17476	241.963516713611	0.463978361850198	31.922538506997	2.50220337452951e-06
226081	22965	199.827412274914	0.23441379866198	25.9079173015283	2.42157617135905e-06
245302	2520	159.356988714279	0.56470466486924	30.4053862203394	1.77982441899439e-06
263654	6244	205.660955878809	0.312608268620836	26.8471849242149	2.13709890098604e-06
253598	37355	284.510242075377	0.584667192139989	33.9951663080315	3.07368400095823e-06
198181	15874	124.472959085912	2.36458875770853	38.6340179170939	1.72075933472345e-06
249216	17215	223.616763641989	0.258900318037811	28.3861539985802	2.45830391111445e-06
203567	5894	161.048064034711	0.486572796597825	28.4398298300867	2.16748084266034e-06
190318	19234	185.986997544713	0.236056793015328	22.0131633253874	2.67737900740193e-06
170532	29177	164.398278417335	3.37965703780337	47.1892392310601	2.64118313418757e-06
176555	4347	188.712264365338	0.446871937504745	23.4376483223494	2.92837870562028e-06
211951	9878	153.876210455564	0.721500537039603	32.0557368089168	1.98903830971483e-06
211600	17068	184.44465997672	0.837895042074551	26.9084691893673	2.38812776726209e-06
230099	3058	201.527298991966	1.09359591430245	36.5276269439984	2.39953057718356e-06
229576	22863	180.623587385378	0.728370780737582	28.9704101243826	2.15553517580925e-06
212680	9402	145.551697289367	0.130728588193713	18.8128904834374	1.87498482882982e-06
365850	9325	125.185872210125	0.864783830844661	29.2185540001824	9.37474353851324e-07
257090	10092	196.192918336487	1.04862727889449	35.1786503471738	2.09076527580808e-06
369476	40789	184.525899329643	0.447347758132229	26.4605157285038	1.3682902519306e-06
269972	23832	208.899493970728	0.857642781806994	40.7702936737951	2.11995088654275e-06
242065	11460	177.992072638162	0.375571576412011	23.834204679584	2.01453954135111e-06
336164	35056	232.043411846929	0.237985294040808	34.257999420579	1.89114650861809e-06
230693	15919	146.351362486113	2.68231813725228	44.7690034735846	1.73807890550756e-06
231993	16933	231.313787835709	0.124529159882078	27.6736737842869	2.73170485760062e-06
265152	10750	155.971771237392	0.729467238667775	29.5877166146313	1.61160361301568e-06
325645	6294	178.49486556376	1.80429557876834	38.9633757213579	1.50171821751235e-06
130157	8337	188.485094032152	0.780653593091126	35.0672544846011	3.96749708349383e-06
208738	22389	246.766682197011	0.442408897355468	30.8739444596144	3.23885972803045e-06
228023	4428	194.484781532831	0.530708907146176	33.1189293742022	2.3367599667497e-06
206897	8516	168.410726221704	0.724509481791933	32.3953376121503	2.23009154276029e-06
222154	4829	238.889254114763	0.116845643946582	27.5459682443663	2.94611443936969e-06
264336	16617	263.004490972532	0.379295805252666	36.1619247417791	2.72592552372667e-06
277190	33794	240.517694041312	1.27839860016747	35.9514744832899	2.37725959238989e-06
227550	26207	218.619378594924	0.148270099154079	24.932486990091	2.63220040268042e-06
228066	8922	260.182156773981	2.59086042272761	52.7478380906249	3.12553307717078e-06
200409	2673	175.204319020155	1.04659460567529	35.3031710740342	2.39516106029136e-06
311686	13711	251.811440506006	0.357190712561162	30.6335269704229	2.21342748006231e-06
147144	15704	200.841252551221	0.943827158340121	38.8732044615484	3.73953410937345e-06
213448	11585	191.775266917091	0.90713077398734	38.566357331323	2.46154421771959e-06
163561	39312	49.8152244930627	2.03555924656244	29.5690757042494	8.33339477823867e-07
217098	14281	184.428988815545	0.759639466054731	34.1051428013984	2.32745074051584e-06
170621	13833	224.399272710465	1.58018399154475	40.642775134285	3.60326412325491e-06
164311	9264	185.986997544713	0.236056793015328	22.0131633253874	3.1011521926756e-06
371714	25917	158.1815166804	1.63749599752317	36.8155655253631	1.16588026897686e-06
261626	29343	238.344605969884	3.37806576054443	57.8519084187974	2.4959251774114e-06
250151	30134	308.486324540852	0.522105907756733	38.1152130143107	3.37863135642348e-06
288671	6997	266.386552933797	0.271698613865134	30.6042257389626	2.52822823359936e-06
199869	3073	290.146100089254	0.537735186857549	37.6234596584801	3.97720918282645e-06
275088	37807	215.966137231166	0.931130563352212	32.7716829667787	2.1509046094656e-06
312663	3007	246.766682197011	0.442408897355468	30.8739444596144	2.1623060672661e-06
209368	25793	156.353860177791	0.37385831016219	22.7358364949841	2.04599910307748e-06
257797	23777	166.99664210272	3.30736905102726	48.512004051227	1.77474930606938e-06
243612	20117	200.818536205586	0.547465891505057	31.8987086688974	2.25845923200115e-06
208953	8891	162.518431002156	3.8753461914999	49.1725864298232	2.13089056078818e-06
234751	16867	241.144622384335	1.65737938297025	44.2239860415502	2.81434455364725e-06
179604	2776	183.382607603511	0.889852557936198	35.3443716460687	2.79736588841739e-06
172599	1365	184.965783558778	1.24553005799069	37.3317469764371	2.93602843234267e-06
250273	7159	192.551278955302	1.45488023284491	36.6264712173788	2.10784923088975e-06
256518	7745	198.945567164346	0.332187584601528	28.4468529120204	2.12482690647623e-06
345554	13917	208.26878577069	0.410918704502461	30.1887898673182	1.65125975410611e-06
159205	12029	185.458948636527	0.652594887379454	27.9216269986018	3.19152481764533e-06
175272	27767	188.139356268374	0.3343379500366	30.9591680345091	2.94085929952434e-06
200554	27298	222.349243307818	0.109508966015512	25.5183266835982	3.03746626376195e-06
212936	3337	244.481485453959	0.713666842362357	36.3640589366562	3.14560379135025e-06
228743	9239	164.273553288402	0.304017637761802	23.9735985970816	1.96755542052551e-06
231759	1313	184.525899329643	0.447347758132229	26.4605157285038	2.18136257544393e-06
249366	14381	247.957881358246	0.427148696241024	33.6616140129552	2.72425535660623e-06
200463	11124	216.555141195757	0.315042190124193	29.6861754945853	2.95965717713844e-06
212854	33372	294.507840577009	2.44529252539649	53.2574972977464	3.79072414002741e-06
192183	2646	156.973534405402	0.42505483927929	30.4545890629544	2.23778626529412e-06
213083	5922	213.901095917479	0.913408554068412	36.6782543224228	2.75024473925144e-06
178330	31216	160.53725613535	2.10112216255572	38.0628073895794	2.46637188919957e-06
222488	3352	115.145036913538	1.76873248320936	27.6350622462986	1.41790053646776e-06
256587	20955	226.560369681692	0.189844848214933	23.7243010196658	2.41911453656528e-06
179795	4880	166.777852504122	0.384558723887723	26.9238054764015	2.54137002307608e-06
226961	8503	267.543939001327	0.563288824325758	35.3355213134512	3.22961695249105e-06
205178	6485	164.241595723772	0.493393548942265	25.9921446073069	2.19310537477545e-06
269830	14746	171.358031435449	0.929078274095528	29.2255835835899	1.73988829532394e-06
253326	43356	160.411994008053	0.109322809619463	22.0697909050297	1.73485909496284e-06
338706	35182	207.387818723074	0.374036269426798	26.3836988271204	1.67751916033596e-06
408244	30436	289.813222600662	0.375330144335898	33.9111908837933	1.94493692263183e-06
258976	7339	152.994568582965	1.43469947924955	35.1280965766479	1.61854072036468e-06
199844	9529	176.472468868749	0.357334525078546	23.648677503254	2.41931814854969e-06
166343	1346	324.161029523604	1.10352395926084	57.1363964770682	5.33904287919365e-06
254612	578	195.101321838103	1.08707529667538	37.197181065147	2.09936754520392e-06
255694	18553	197.625714646208	0.484194001390546	31.8631621707756	2.11753233982495e-06
227580	14137	144.367056940322	1.04474920262301	32.0189381170314	1.73796547762608e-06
272495	17499	228.450325260901	0.566089104310067	32.3960357026297	2.29689095977783e-06
337376	41259	216.550176582441	0.141759625820063	23.7630543871915	1.75853692918402e-06
265941	4082	368.604852520592	0.802592492526947	40.2077141745062	3.79736974846148e-06
293342	2603	197.622133596876	1.90295745448212	44.9839767274731	1.84573127272992e-06
168913	2515	166.777852504122	0.384558723887723	26.9238054764015	2.70509447644032e-06
299876	5370	209.640133376238	0.509888390422194	28.8710580551158	1.91531342887698e-06
183345	15160	105.314630172437	0.503558634619731	30.0346527026078	1.57371749079136e-06
203592	30261	170.368144716994	2.99467077969073	43.5639555356768	2.29263448622997e-06
230204	6464	154.186901894828	1.51051835146343	33.9312956858337	1.83502401437424e-06
238802	9661	234.717958618317	1.5605122582595	42.8516276574237	2.69287066408219e-06
185422	7866	168.036837186253	0.717829127351999	26.4460236122436	2.48284937278582e-06
130157	8337	188.485094032152	0.780653593091126	35.0672544846011	3.96749708349383e-06
200797	24056	178.655585739069	0.983239752871879	32.0074802995014	2.43762286383377e-06
304182	41615	282.000632969092	0.280606641052108	34.2904693703679	2.5399414623085e-06
193330	26061	162.709791177919	0.233967860607279	24.9712043566369	2.30579966793833e-06
313649	9984	127.212562757771	1.599950041528	34.6055486391876	1.11120255189518e-06
225824	11961	328.721683123225	1.25593396495948	48.5917672590113	3.98809405121924e-06
223413	9782	192.770584132035	0.786968321908	33.282153204614	2.36395637972325e-06
224457	3915	155.812313842062	0.804204615731268	27.40610992211	1.9018477998997e-06
274201	2606	147.357097254281	0.251537086872157	26.431117761327	1.47234355333957e-06
228016	2184	94.4195561352591	1.02423151469193	23.7429979680614	1.13449808539342e-06
411979	25314	184.198221894439	0.160535338941174	23.6662789470359	1.22494754034669e-06
255317	8761	213.411136181587	1.24397406595012	37.0897674111207	2.29004744820406e-06
230495	9034	152.977558872045	0.363830370379439	24.8681749633423	1.81833271719316e-06
200896	14283	198.945567164346	0.332187584601528	28.4468529120204	2.71312693331609e-06
224730	6223	157.643986957282	0.801660112573064	32.1462750295097	1.92186772629173e-06
290211	13062	176.846524238814	0.435630423453307	30.1707667481566	1.66951295888791e-06
174037	15182	215.559586429487	0.455711191031351	35.8424502242622	3.39338307024285e-06
171272	2954	138.109986685329	0.741271420414646	24.606760338149	2.20925501637912e-06
177465	1320	162.709791177919	0.233967860607279	24.9712043566369	2.51193333785545e-06
231035	4955	166.819783158641	1.78689247484845	33.8464891109073	1.97823057893607e-06
202186	12886	160.023316257723	0.177439273799778	26.6763948542207	2.16839961491749e-06
169079	13450	207.824379919988	0.459075070379376	30.9818038648285	3.36754926865245e-06
241417	37543	254.620921449123	0.432120350923554	32.6315350592077	2.88957101452688e-06
260499	5002	216.90842285742	0.965718974466971	38.7318086398231	2.28127421473466e-06
214057	24445	183.578040451145	0.434690983151236	23.643118628231	2.34962433128834e-06
314656	15173	175.086703405105	1.06036191891739	33.963148152643	1.52448896054787e-06
153807	3415	177.342467396791	0.366970328675938	22.873733794861	3.15895748366354e-06
169487	5392	193.289012951962	0.626797670909095	37.5952176277907	3.12448116725422e-06
282169	22489	142.547454169304	0.131896480981847	23.3979676956332	1.38406759894553e-06
222620	36427	139.600610888951	0.689967253123347	28.6274240647133	1.71802815152734e-06
211888	6386	189.122850641692	3.36960672201898	45.5436868299445	2.4453711219069e-06
305467	20302	168.036837186253	0.717829127351999	26.4460236122436	1.50711826940617e-06
300632	17518	173.057309785851	0.580162303316317	28.8342258723387	1.57710960859671e-06
199811	9600	227.400133060713	0.51347193414496	29.8490261482124	3.11801684181569e-06
265124	11852	169.539786686484	0.315897913462444	25.5857246657878	1.7519823413359e-06
214287	47629	177.191495199305	0.528249404070161	34.1605300371006	2.26544844638719e-06
279905	18539	228.513443000035	0.205328080320343	29.3361736605086	2.23670255049876e-06
199927	7381	184.00957753905	0.924895772771313	30.9634882180128	2.52159952819834e-06
226937	19583	168.581516434397	0.160749610139318	24.2059965019376	2.03522197047382e-06
179890	5605	330.733671135398	0.254236523648104	31.6566591267132	5.03707625185556e-06
247084	4052	404.48097478079	0.797568337911041	48.0093899742835	4.48498103557472e-06
164094	6810	207.15264307053	0.800650375089887	34.9344390941393	3.45863643926326e-06
186136	41732	121.951311416673	2.50808898606324	43.0104358999573	1.79499496047776e-06
176555	8111	145.551697289367	0.130728588193713	18.8128904834374	2.25862633964219e-06
206341	15577	189.122850641692	3.36960672201898	45.5436868299445	2.51110926223391e-06
215639	15101	169.709867673285	2.94451722599561	43.3220757219335	2.15618947208364e-06
249366	14381	247.957881358246	0.427148696241024	33.6616140129552	2.72425535660623e-06
182824	28109	153.835846413787	1.00439725408855	32.5201839581364	2.30532136025106e-06
266572	4226	188.712264365338	0.446871937504745	23.4376483223494	1.93951316106264e-06
239967	3812	183.284965737543	1.12525802283376	33.7049617309844	2.09258185942968e-06
228969	26061	247.759334180781	0.403176251075269	36.0920457009485	2.96456156241981e-06
205585	9349	132.334376700291	0.936245824491605	28.1979445247856	1.76355247788108e-06
223118	14190	94.4195561352591	1.02423151469193	23.7429979680614	1.15940316531641e-06
242722	6209	134.76900629123	1.18155322344417	31.9515040813671	1.52120596494157e-06
222256	7152	224.221764619609	0.34489413491674	32.703446291089	2.76395779838243e-06
381148	2203	225.290187212347	1.49799966130578	35.7165805087546	1.61940608273654e-06
218868	3336	275.210753067969	0.552729864507838	40.1513570551703	3.44500823875539e-06
221316	42117	192.576105809257	0.948932523455119	32.9495491964593	2.38394770075562e-06
189533	9414	183.489891715837	3.49981972248071	52.2533960696516	2.65237205182308e-06
261251	33261	155.290021896814	1.11571283125511	28.7755482423502	1.62851860772128e-06
218491	36149	101.017309522037	1.056078253066	31.2639572463525	1.2666871958807e-06
207192	11717	212.455479415848	1.43363028790109	41.3518003333908	2.80932568158405e-06
253217	3710	155.313376707684	0.735583254426252	30.1593033268305	1.68044049399921e-06
182854	34799	149.593641473542	3.98152641842311	50.734436827228	2.24138161089283e-06
221016	24257	111.81033600454	0.140570580311391	22.2093476910015	1.38600683970243e-06
194846	24745	160.411994008053	0.109322809619463	22.0697909050297	2.25555010157025e-06
232507	4676	198.018068187847	1.23965866445204	38.1337688744295	2.33332869680986e-06
241901	48597	379.772093197555	0.107734403925938	29.4927582856564	4.30122855305468e-06
203717	8929	180.623587385378	0.728370780737582	28.9704101243826	2.42914996549912e-06
253700	43474	120.133155143939	1.65634802531435	32.7640323187941	1.2973272838045e-06
301451	4394	195.323527852933	0.323513163021917	30.4888151322832	1.77519050532834e-06
265062	28405	155.812313842062	0.804204615731268	27.40610992211	1.61050264323852e-06
334264	1106	186.836081520879	0.584840515296971	34.2916664698711	1.5313634594203e-06
179102	29383	104.121590545481	0.678869797185934	26.5150204679242	1.59274955964453e-06
288594	8574	141.318468251664	0.632360884570681	21.0526276663669	1.34158674685197e-06
192676	12616	215.194119106501	0.285768193247267	28.3105310073924	3.05991887447792e-06
253515	14352	132.334376700291	0.936245824491605	28.1979445247856	1.43013208751033e-06
202965	2685	202.604907975762	0.937137617682826	34.2759091736079	2.73486531993015e-06
197610	16978	252.526798413976	0.39001409742717	36.4557167207013	3.50110946930859e-06
197196	5717	239.381765617501	0.204115385064376	28.0215554282755	3.32583041109646e-06
214737	11642	217.124951376554	0.400655517638535	31.6514356895269	2.77019274965986e-06
176050	10440	190.645575108929	3.98697947344688	52.3307703286516	2.96686534583387e-06
345299	11015	226.099578746844	0.352512279275489	32.1052680436126	1.79395509594955e-06
269720	6675	236.145843616247	0.319187197638099	28.6411900557048	2.39869091656946e-06
179703	4034	182.756708023348	0.666055294035232	27.5513695160217	2.7862824196202e-06
258978	22219	139.982443021355	0.351011276175417	21.5107678032805	1.48087305687842e-06
223015	16762	182.764047941941	0.283850273034218	27.4078749285033	2.24524547236292e-06
427489	26182	234.466618337379	1.56381546214341	43.5582940195599	1.5026685992265e-06
280556	31257	249.484406249573	0.55297358388898	34.2470701459475	2.43630120628932e-06
200002	2085	164.047414001768	2.27462519408764	45.0407095743381	2.24720237731551e-06
168402	1105	186.228011097244	0.853747358552381	35.9018850595754	3.0297367551071e-06
296111	3676	166.371813138674	0.946536075510044	33.6263039597541	1.53933216490201e-06
235862	12737	247.331674695793	0.707312292567756	38.5403580280807	2.87295548483357e-06
209806	10341	112.734275332151	0.836534691967264	27.1949145503532	1.47212676619002e-06
267025	17186	157.013939981656	0.911117466130898	29.9058633048595	1.61099214692233e-06
238544	8301	152.512574766579	1.64545559961214	34.6116929832108	1.7516377296992e-06
183398	28258	137.568529072556	0.489301860435516	23.5307847158479	2.05509372867119e-06
282162	11847	112.734275332151	0.836534691967264	27.1949145503532	1.09462304742404e-06
164394	12772	212.56812996456	0.823017594389261	33.7626154596767	3.54257721242301e-06
234555	15561	123.980408702651	1.16895510549168	32.3316454628847	1.44815652026178e-06
229027	7734	302.636872756365	0.294706736049669	32.7856594075304	3.62028108974368e-06
394842	3168	142.547454169304	0.131896480981847	23.3979676956332	9.89106960067217e-07
256488	27501	233.888772550977	0.391101971768259	32.0986166517012	2.49832802187202e-06
182430	2276	207.387818723074	0.374036269426798	26.3836988271204	3.11454149383737e-06
211331	16062	222.349243307818	0.109508966015512	25.5183266835982	2.88256814694728e-06
148540	10578	178.819648362286	0.563132693810385	28.9479943935376	3.29821492411593e-06
267546	35683	149.992429603016	0.855736271388886	31.1610324968542	1.53595330633212e-06
180462	9030	166.219805893228	0.212352296007273	24.6795901104133	2.52350482913077e-06
193466	2625	213.532852925034	0.548190657738883	31.6778327179453	3.02389833284974e-06
209174	29534	230.533590779651	2.63698854543085	49.4288160844112	3.01949037092736e-06
214350	2999	195.989356116777	0.825344452394329	32.3240024217593	2.50504847233947e-06
439757	7075	139.133430005794	1.175863857735	33.3280744623252	8.66813898284572e-07
243461	49932	249.71401807969	0.414139690513575	31.7485879987273	2.81009276532536e-06
148540	15597	238.068806785198	1.86646197601167	43.2985361346531	4.39102804807336e-06
238219	1890	310.871706988484	0.431648467541317	33.5045860397943	3.57529545005967e-06
324719	13480	121.951311416673	2.50808898606324	43.0104358999573	1.02893018875855e-06
190576	29133	171.90798161903	1.02119226229006	36.6087885336729	2.47135406115663e-06
246393	4181	161.078563972575	1.16268979948956	32.6817730279817	1.79108633025873e-06
171888	6163	316.922939641178	0.473119041802329	36.3972891568797	5.05144062653697e-06
235270	1108	202.065428186531	2.10750093899243	46.3673555379417	2.35305781799554e-06
255846	596	270.902969414764	0.666301760577388	38.516251282828	2.90096353355078e-06
261079	5485	356.876364571271	0.353102316155653	33.7883253613782	3.74500999536089e-06
229994	14152	160.091344859749	0.702623325683512	29.6286852745104	1.90703420208042e-06
187224	10695	110.828854298461	0.788182047015398	28.0802728567606	1.62180434510593e-06
218688	29684	153.604332326286	0.460455112056789	26.6540499343453	1.92435701636717e-06
320300	16491	174.931150614531	0.343843882372521	31.4013109155184	1.49629543035024e-06
228273	27044	163.988924898402	1.20696301553932	37.746076930937	1.9681903937349e-06
218282	2036	180.907762671076	0.350408385455536	30.7460858838445	2.27063022121913e-06
235701	48952	156.78887297287	0.313670644635272	24.479543254737	1.82247235306619e-06
181390	46652	191.775266917091	0.90713077398734	38.566357331323	2.89658575546508e-06
264769	27535	87.7710379218057	2.25999454864909	35.013431386856	9.08220362074272e-07
178298	5214	159.732100731409	1.66833292888788	38.6688442174382	2.45444252759247e-06
224303	46261	124.949333936633	0.881133115128218	30.7597596760402	1.52618084596347e-06
130157	2769	120.920780634065	0.898917747238709	30.810584611356	2.54530920316497e-06
141694	26544	182.56413909121	0.409319152923851	28.8839286598094	3.5299710893726e-06
174231	7965	260.430486982419	0.230492499145313	29.3058155255105	4.09518503316561e-06
249021	30502	132.450226122655	0.837178414311623	29.8576764146837	1.45721578438321e-06
261394	7237	184.448116538781	1.07353344480017	33.0586955229446	1.93323988150341e-06
351147	6303	86.1561811084095	0.970431832023444	30.5655194358226	6.72209450184286e-07
247932	2195	150.005435517478	0.47334205154002	29.000690474493	1.65760690809696e-06
300063	12571	160.89772060515	0.652591024442325	26.8163945902899	1.46907707011801e-06
268319	18588	316.232454729375	0.104918759337747	32.6506801455374	3.22895615640262e-06
236006	43491	167.441776331576	0.185687782455262	24.8358711388125	1.94378360164254e-06
345251	7234	163.030426661358	0.33432178797966	24.0227942222115	1.29372167837835e-06
260878	30615	94.4780045666481	2.18094495473243	32.8976410293681	9.92202669936917e-07
305467	20302	168.036837186253	0.717829127351999	26.4460236122436	1.50711826940617e-06
243014	1084	187.138736565252	0.514339628365719	34.7634396135262	2.10979148239221e-06
221658	44371	177.992072638162	0.375571576412011	23.834204679584	2.20000863527216e-06
244029	3687	164.92684324848	0.136533388069249	23.3546606150446	1.8516420796886e-06
261488	33351	162.518431002156	3.8753461914999	49.1725864298232	1.7027778534708e-06
186248	20338	156.411833369059	0.136011593672692	25.1305499478583	2.3008331411566e-06
331405	46700	180.758039965281	0.256308030166053	23.137258752312	1.49432720313271e-06
263834	5725	178.750079237164	0.575111783376604	35.527989914622	1.85619080363176e-06
355541	20260	155.313376707684	0.735583254426252	30.1593033268305	1.19681302738361e-06
243492	23287	314.042908744993	0.255481265346152	31.4964057194184	3.53355153683981e-06
208271	1466	198.792986439594	0.817517781858944	37.7524127127912	2.61504635312927e-06
315841	16802	69.8742341498851	1.06875444435143	27.4235811576011	6.06115918911385e-07
178381	1805	171.325868779811	0.403130283288024	24.7331647753203	2.63136736458757e-06
221429	41968	227.205100403702	1.7967676649493	42.9729257611249	2.81119332668002e-06
243125	9461	226.560369681692	0.189844848214933	23.7243010196658	2.55306258753183e-06
152208	23779	141.347279458054	2.12068409601094	35.5422360346327	2.5442343400677e-06
173616	1592	247.187346174157	0.11463085058664	30.2179721100873	3.90070964632634e-06
226530	25343	87.7710379218057	2.25999454864909	35.013431386856	1.06153091001652e-06
315519	21592	274.486702975059	0.358614140230681	35.5668813777382	2.38343289727474e-06
247800	10240	156.256640556179	0.337011032756451	25.4327898270553	1.72760445958604e-06
222418	1971	179.238797972492	0.668154052762241	31.2772630644521	2.20784828532149e-06
320300	16491	174.931150614531	0.343843882372521	31.4013109155184	1.49629543035024e-06
272455	6322	192.224323926376	0.288126391498463	25.8986245274167	1.93295033440361e-06
301262	26407	198.328222237922	0.26525564456606	26.558253213239	1.8036293738761e-06
188065	33074	225.334217051306	0.979351314688397	36.7076860853861	3.28266301182382e-06
196789	5081	225.012280616484	0.99983490418056	39.070195760244	3.13265478095319e-06
165908	10771	190.636239481423	0.647298389359255	33.1383461718757	3.14807644641845e-06
318125	14261	192.601674579516	0.631678006676131	35.8018517174847	1.65870591989249e-06
237067	24241	113.253112566672	0.14692426929834	22.7368361808417	1.30883885223444e-06
189111	44559	207.387818723074	0.374036269426798	26.3836988271204	3.00450954582626e-06
222255	24943	150.253923402967	0.117321783164406	20.0745293101341	1.85217243556124e-06
269007	26338	150.24403195502	1.30197175922522	31.1063373665179	1.53017387952088e-06
200889	20672	183.578040451145	0.434690983151236	23.643118628231	2.50363900204884e-06
319158	47551	174.214721354876	0.3128393543695	27.5113955400471	1.49549942803162e-06
210547	20477	285.325803935987	0.43162655752479	35.1264714460629	3.71277924326384e-06
256518	7745	198.945567164346	0.332187584601528	28.4468529120204	2.12482690647623e-06
345554	13917	208.26878577069	0.410918704502461	30.1887898673182	1.65125975410611e-06
159205	12029	185.458948636527	0.652594887379454	27.9216269986018	3.19152481764533e-06
223359	27207	209.640133376238	0.509888390422194	28.8710580551158	2.57145013094575e-06
223388	17382	208.619254542974	0.355919969523842	29.7885229162068	2.55859581305889e-06
244386	3922	223.616763641989	0.258900318037811	28.3861539985802	2.50688937791976e-06
225977	38364	150.24403195502	1.30197175922522	31.1063373665179	1.82154593081718e-06
187933	3886	248.180868288154	0.341116323679602	30.8562565371896	3.6180318749294e-06
234141	44608	218.827805372223	0.309772695707657	25.7194062025882	2.56054357800001e-06
223959	24528	284.613601017743	0.674536089849977	38.2330697045916	3.48172339785215e-06
261928	40770	317.506367778167	0.242608499809347	34.8335113408031	3.3210670858641e-06
268786	8231	180.758039965281	0.256308030166053	23.137258752312	1.84246019790538e-06
353010	16100	142.033244989068	0.30977883529903	27.8743369082256	1.1023262175356e-06
246122	34385	188.012983257666	0.489099194370416	28.1553753298925	2.09288102534366e-06
200928	21433	169.956837633438	3.36864862961552	49.24102649145	2.31742301520177e-06
293374	12802	148.81308457826	1.22021751686993	35.913501016381	1.38971783810538e-06
228694	2680	180.19177888138	2.52728044116183	44.9499540545124	2.15867537637336e-06
167037	27252	173.463685842309	1.78555004381607	38.5176889145819	2.84513595736535e-06
239531	38946	238.910438101801	0.416688496796038	37.5328156680053	2.73262811696351e-06
190694	12652	103.782741754602	0.548440408721308	27.2494800628133	1.49106043598504e-06
268784	6900	166.122507102868	0.913082802558144	32.2763146069353	1.69329333757297e-06
166343	27942	183.578040451145	0.434690983151236	23.643118628231	3.02359303056088e-06
209605	37354	229.349968112284	0.759975111421056	33.9133839371222	2.99781053419506e-06
232091	3853	236.145843616247	0.319187197638099	28.6411900557048	2.78759156545112e-06
225636	9350	195.0349739258	0.302722994847273	27.9732597345471	2.36816108385745e-06
235685	31566	184.779194196105	0.536369278016141	29.60087900066	2.14797024698458e-06
282959	16093	188.712264365338	0.446871937504745	23.4376483223494	1.82719016667004e-06
164870	37556	250.690643213231	0.114371317314259	30.8541010613544	4.16584994259871e-06
211407	5211	195.023573537253	0.965068986924667	32.6814220800308	2.52740524380004e-06
237952	23041	228.277996974025	3.23239575885575	57.6974785084801	2.62834172350663e-06
236006	20527	149.12833998041	0.849293429518118	34.0673708409244	1.73118816668592e-06
257090	7643	145.696103041102	0.704645021372412	28.2267244218191	1.55263684154211e-06
294702	3060	150.005435517478	0.47334205154002	29.000690474493	1.39454023365398e-06
475712	18604	214.06841245836	0.135424426996186	27.5107791813998	1.23286526565607e-06
238577	3793	266.971907717877	2.33611327078011	55.8967138478307	3.06580216935651e-06
237669	2384	104.772301700182	0.761065392489941	31.306791643503	1.20776122219687e-06
246689	23832	196.16830461578	0.298600518121153	22.3629952141578	2.1786435954025e-06
211543	3635	183.578040451145	0.434690983151236	23.643118628231	2.37754752217085e-06
203127	17279	220.774029230744	0.768955962861689	35.0948160768417	2.97774473140859e-06
221658	44371	177.992072638162	0.375571576412011	23.834204679584	2.20000863527216e-06
241266	42993	196.609630865876	1.10136049325268	34.3770199368174	2.23262508152913e-06
319753	13702	206.943523026088	0.803291588376707	38.4349647825372	1.77314538483097e-06
270353	3145	213.822868534856	0.579134991413027	34.4648045302354	2.16685621457016e-06
228023	13158	179.342803984877	0.528868161416183	28.5482176370065	2.15482713543709e-06
214576	43341	185.986997544713	0.236056793015328	22.0131633253874	2.37469902473119e-06
210716	36940	191.367663736276	0.441612114035893	29.7819924286723	2.4881592719133e-06
393088	941	201.622666008803	0.579123848967045	31.1442899476718	1.40526005825042e-06
296333	36188	255.028635903858	0.316754097203292	31.3982616319466	2.35784941777466e-06
207779	36695	129.844048283522	0.499536804325492	26.2327317743287	1.7120937081466e-06
327537	16234	212.501646438799	1.49558174321797	39.8344721243287	1.77749778380198e-06
331847	15383	224.221764619609	0.34489413491674	32.703446291089	1.85117299369072e-06
205128	1771	212.705299809576	0.526367302194366	31.8912317601366	2.84092979044125e-06
205213	16644	282.350607300635	0.90345188555711	43.7571792897575	3.76956288184946e-06
257141	2112	156.296457293355	2.76352808731046	43.1489995984083	1.6652710848779e-06
313706	26398	193.884019627243	1.00758425903549	38.0915128860688	1.69327043432118e-06
230746	3313	192.551278955302	1.45488023284491	36.6264712173788	2.28622706596202e-06
237481	11608	192.770584132035	0.786968321908	33.282153204614	2.22391933107537e-06
242340	2356	216.551972159598	0.276036491887481	30.0125283328767	2.44818467611561e-06
247748	22657	190.330128966091	1.02759735194945	35.9090566167121	2.10476939521722e-06
203567	1321	193.174891198772	0.357532207590626	29.273260665107	2.59986283266399e-06
193586	23160	329.250125773121	0.302245321161666	29.7558155881017	4.65971268120856e-06
313585	757	363.991506820522	0.533740215708273	35.857646150109	3.18011704956465e-06
381148	4394	192.020115704452	0.367953712628216	19.3425180289088	1.38025782315353e-06
330153	30183	172.620798397195	0.251490731308085	26.5324706212771	1.43246826240831e-06
259466	23605	176.472468868749	0.357334525078546	23.648677503254	1.86338948486031e-06
243612	42836	179.342803984877	0.528868161416183	28.5482176370065	2.01693737543213e-06
169273	38306	134.6195372184	1.30384631503205	32.3588933456312	2.17885102711847e-06
238585	29428	220.319042618334	0.720300496589968	33.815629009074	2.52997386840202e-06
313321	27780	157.540009414338	0.734890364609731	33.2521448304757	1.37755357652015e-06
273482	5331	148.675048345184	1.10362378974386	33.0666755438003	1.48941758351865e-06
255655	11943	397.929745998401	0.108904411583284	33.8248441319343	4.26441290875359e-06
192308	15101	196.232731689208	0.602850735774663	31.3478815143644	2.79563992364429e-06
227267	18417	237.273927253771	0.469378483762247	30.9665482656945	2.86036051921273e-06
270853	12916	189.422831859108	0.225939884278117	23.9745912160534	1.91604546609302e-06
194338	13679	125.087485386311	0.582836785350106	29.8286014926396	1.76345048016626e-06
208277	22810	197.633851447362	0.476494835103773	27.6696613208561	2.59972347741278e-06
251917	23201	259.509210933968	0.343101539991806	33.8856413515358	2.82229519859762e-06
180741	5313	241.391894118866	0.240460811021818	28.0825006197406	3.65909038414184e-06
282162	14368	231.411921166719	0.270087894572687	27.7533572734991	2.24695481131571e-06
232992	44209	258.137846722113	0.730448316439348	36.4633381455067	3.03541313573366e-06
253835	2963	162.414209840225	0.914933383034631	35.7162724056535	1.75299087170179e-06
259817	14565	226.035249258941	0.590174527880773	34.1311559979482	2.38350321766454e-06
325447	5566	137.349773444103	0.942851186502022	29.9186549582596	1.15625815927609e-06
196681	13068	134.711278297614	1.11520602108001	34.3393822925564	1.87650050251895e-06
205586	7425	132.334376700291	0.936245824491605	28.1979445247856	1.76354389970709e-06
169487	25711	153.876210455564	0.721500537039603	32.0557368089168	2.48738049987531e-06
331218	6554	146.884183975093	0.718385227084682	28.1008154872274	1.21497751284523e-06
274533	25429	148.300408082042	1.27611284353122	39.4423678930093	1.47997686214774e-06
249114	20021	125.034402458168	1.18710650697423	35.6831193631055	1.37511342893096e-06
205431	23750	177.749003058085	1.57283354579389	37.3350304807074	2.37054568211298e-06
201693	17500	145.696103041102	0.704645021372412	28.2267244218191	1.97908408121283e-06
266174	32554	182.864169278166	0.414335821114012	26.3139056582556	1.88221886453887e-06
231018	3760	156.005411047361	0.346943776193126	24.786963901311	1.85012460094565e-06
210780	27977	185.580493629761	1.34335611972906	37.0518471798136	2.41218193649629e-06
227236	4144	232.187409449236	0.224451609450171	29.1476596905192	2.7994238980708e-06
159156	7369	244.465912837453	1.1336066044366	40.1623906502175	4.20825871605343e-06
226954	10866	132.203269321957	0.388483570753738	23.8388622448674	1.59592136674558e-06
213258	10651	202.283832420195	1.01018625438969	37.3209851456175	2.59874087069781e-06
154499	32799	182.051389365786	0.372930394996576	29.4195834325833	3.22831170278951e-06
183149	12342	145.492053872768	3.7734341400776	47.9274667784077	2.17641574223559e-06
179101	11002	175.809510267197	3.83769671322686	52.8816431780077	2.6893757775948e-06
217494	37394	108.949494275039	0.753606561802162	26.2598058217816	1.37241379135559e-06
214337	8609	224.221764619609	0.34489413491674	32.703446291089	2.86607633977001e-06
325645	12766	175.204319020155	1.04659460567529	35.3031710740342	1.47403409520162e-06
319739	15082	233.203064826969	0.290135413413169	33.5440442085441	1.99823138990007e-06
180215	41521	156.610153214663	0.504950985529186	23.9619209917783	2.38087236310454e-06
223299	6553	188.937909893686	0.728515741931248	29.2214454389259	2.31813894955987e-06
215737	2007	162.709791177919	0.233967860607279	24.9712043566369	2.0663133806557e-06
426534	3197	108.949494275039	0.753606561802162	26.2598058217816	6.9980767098776e-07
223996	36120	206.793087208655	0.542317484072564	34.4212800862643	2.52931482397625e-06
227202	7137	309.609900701457	0.361724031752099	38.5819795493452	3.73344558274867e-06
428611	7968	94.4195561352591	1.02423151469193	23.7429979680614	6.03539609200571e-07
339747	25381	162.454762168966	0.527643975526872	29.7777469682358	1.310038176022e-06
380591	21351	180.831196195514	0.130694520107771	26.2013096138596	1.3017331854464e-06
294471	27021	159.361401332348	0.96648203945653	31.3041924105007	1.48268107553115e-06
194389	6100	188.06194956118	0.242018559066417	26.5370302607832	2.65055233565601e-06
224938	46424	302.636872756365	0.294706736049669	32.7856594075304	3.68609179925458e-06
178860	3474	208.238435535585	1.17348409732541	34.9185287317273	3.18973645164558e-06
277928	39067	217.147475508001	0.143667314887345	26.8640311894644	2.14057090481304e-06
207147	2214	244.354164398449	0.187010348335796	27.9400171834124	3.23182794877715e-06
245103	15005	188.012983257666	0.489099194370416	28.1553753298925	2.10158204395553e-06
319753	13702	206.943523026088	0.803291588376707	38.4349647825372	1.77314538483097e-06
185329	14725	172.287273072325	1.1248034074737	40.0122325726892	2.54692965604707e-06
198217	26533	198.153266990332	0.316467136074513	29.0504912590091	2.73884511917349e-06
318223	31286	145.551697289367	0.130728588193713	18.8128904834374	1.25312052678633e-06
192768	7011	198.709586378047	1.51382981699247	40.8206538527508	2.82417115752241e-06
270278	27595	192.463087367652	0.642804898643904	30.8184603405956	1.95093988328458e-06
228795	45398	152.48439677007	0.917489906597101	30.403550662037	1.82593793834188e-06
128466	19729	182.932030755634	0.352388685300825	27.6153835104771	3.90129408486173e-06
228066	22411	211.921001147883	0.311476478871357	29.1768438115575	2.54577833871309e-06
266527	21585	198.687552458162	0.867101436267021	34.5027591115198	2.04238016707307e-06
203567	39745	191.943214808796	0.726518008960013	38.7283801824398	2.58328619763499e-06
238544	7262	271.965037823876	1.14143775832742	43.7845779009643	3.12357339806557e-06
263611	1859	164.241595723772	0.493393548942265	25.9921446073069	1.7069734365625e-06
382583	15200	204.701632094201	0.660774450332138	33.7722696769303	1.46589469291417e-06
191233	25693	291.438108062306	3.1024378240407	51.169063461791	4.17532836923395e-06
256359	46879	274.611875469096	0.269852370763864	32.2550261413956	2.93479574602435e-06
135603	2937	154.749273388337	2.07316878940774	41.4245440968901	3.12655776068996e-06
337376	41259	216.550176582441	0.141759625820063	23.7630543871915	1.75853692918402e-06
257117	11346	162.928130702194	1.49225344352346	38.4197762216753	1.73609073021225e-06
237294	23139	110.828854298461	0.788182047015398	28.0802728567606	1.27959702608626e-06
314485	3606	177.191495199305	0.528249404070161	34.1605300371006	1.54365439124592e-06
234483	2565	171.90798161903	1.02119226229006	36.6087885336729	2.00859239927409e-06
251804	14524	211.521629028711	1.35918763774587	40.0957654723132	2.30143807249856e-06
178957	16626	214.06841245836	0.135424426996186	27.5107791813998	3.27726102502713e-06
166613	48545	206.176348471348	0.474386528014368	31.1402541416482	3.39029192284323e-06
214609	40559	198.910520817851	1.63131779260773	38.1955913120544	2.53931722811164e-06
248975	20593	177.992072638162	0.375571576412011	23.834204679584	1.95862843288345e-06
259588	1013	208.865677487462	0.242003074749983	29.9988253702489	2.20439593834215e-06
189898	922	192.340726075885	3.87982977175851	54.2304336126868	2.7749681058178e-06
219243	8775	237.273927253771	0.469378483762247	30.9665482656945	2.96504588114522e-06
181630	6707	140.311421620445	3.76457340960234	51.123396291696	2.11647224442352e-06
212680	3877	168.270673062562	0.731871606843789	31.4436019381387	2.16764878050196e-06
321039	29513	156.353860177791	0.37385831016219	22.7358364949841	1.33431371332806e-06
236966	4941	122.242209876359	0.664045351579251	27.1477913213923	1.41332581064296e-06
234619	24483	112.734275332151	0.836534691967264	27.1949145503532	1.31643655589387e-06
213333	4077	204.753258716656	0.295222649164768	29.6575327632615	2.62954082162829e-06
227263	3936	239.342663456425	0.114901562713705	26.7111070631005	2.88535012095304e-06
277753	32973	237.107851687289	0.709212087086598	31.3722718613013	2.33880661079418e-06
185279	34298	211.602907765423	0.407003849692209	29.8676047359516	3.12897842646966e-06
212493	39206	109.410245780087	0.531186515858949	26.3065604849309	1.41065398873203e-06
202186	12886	160.023316257723	0.177439273799778	26.6763948542207	2.16839961491749e-06
181858	1846	185.519113956056	0.849880410599763	34.1064312533393	2.79488141893722e-06
168348	35021	95.8575267159693	0.892446447256806	30.5629759911848	1.56000285637887e-06
272727	35262	252.882385153195	0.101612501301185	28.165540882106	2.54037353278006e-06
179853	27245	261.744554446663	2.05717697111264	47.0611859979746	3.98719158616771e-06
161502	1243	177.046368639951	0.369054142981128	24.2028077299627	3.00342128406486e-06
249400	10281	187.168004982259	0.141638976699722	28.2688758412318	2.05609083699244e-06
248859	6316	94.4195561352591	1.02423151469193	23.7429979680614	1.0394790441136e-06
151507	22799	162.886902820106	0.554669051464009	30.105299989532	2.94551068385205e-06
237013	6829	207.824379919988	0.459075070379376	30.9818038648285	2.40232334426587e-06
255222	10013	195.989356116777	0.825344452394329	32.3240024217593	2.10388265919852e-06
188989	25644	205.59356528838	0.644606309983652	35.3044105384397	2.98043823654272e-06
232681	27828	195.989356116777	0.825344452394329	32.3240024217593	2.30769654611234e-06
211425	15205	227.112395760569	0.652260726378693	33.4621364025563	2.94300930263582e-06
223308	8111	203.856928605529	0.424816191742743	31.0479748500391	2.50108430134985e-06
261351	9530	192.020115704452	0.367953712628216	19.3425180289088	2.01293474591381e-06
225291	6592	380.354644752814	1.2926128296054	44.0504780715737	4.62542897794729e-06
266536	18256	225.290187212347	1.49799966130578	35.7165805087546	2.31575993345315e-06
258457	9373	268.310875989542	0.635403589205949	38.3244551562208	2.84418023262015e-06
256043	5129	188.598958677546	0.491412648277413	32.3448697568328	2.01805741937445e-06
174964	1472	210.037275677233	0.556534036571829	31.9465580072593	3.28893138529371e-06
269815	31442	265.390068495917	0.252166871516816	29.7218406676519	2.69479487082262e-06
197758	35035	194.715575645591	0.343721264618172	27.7523178064751	2.69757648507704e-06
211213	3033	149.60885128796	1.08093580372939	32.7502923073127	1.94063463803189e-06
223959	24528	284.613601017743	0.674536089849977	38.2330697045916	3.48172339785215e-06
290013	2057	206.005742192272	1.1698036918335	43.5141809201268	1.94611722121925e-06
230693	15919	146.351362486113	2.68231813725228	44.7690034735846	1.73807890550756e-06
231993	16933	231.313787835709	0.124529159882078	27.6736737842869	2.73170485760062e-06
185697	12170	189.21173305212	0.258410079810864	28.4237219532861	2.79158149960331e-06
204356	2505	265.718461515084	0.257734433205531	31.2052195591635	3.56239006915791e-06
303793	3897	261.795029061133	3.00721141414891	48.9344411107016	2.36097163187436e-06
275172	14339	146.351362486113	2.68231813725228	44.7690034735846	1.45713458109203e-06
266464	17054	198.37802207038	0.641733710424258	30.026966065925	2.03968052093269e-06
218703	14749	218.827805372223	0.309772695707657	25.7194062025882	2.74128948343873e-06
208640	33459	227.400133060713	0.51347193414496	29.8490261482124	2.98607200527241e-06
213455	3735	213.069140401381	0.677920714417809	29.9378302618055	2.73477346322562e-06
276914	49919	198.832838270135	0.141499697688551	25.3635379608649	1.96720823833377e-06
152923	8921	155.313376707684	0.735583254426252	30.1593033268305	2.78255135309271e-06
176396	4687	164.92684324848	0.136533388069249	23.3546606150446	2.56159076772902e-06
276268	5627	224.602260655769	0.341478608339551	29.908097901257	2.22736132788044e-06
278465	19769	217.716380400988	1.78106440176872	39.5385268774206	2.14204023477029e-06
266953	29813	214.232459258844	0.437779581664482	29.5926340064837	2.19865760843586e-06
232382	9630	278.308210425197	0.396006142168713	30.3328451187903	3.28118463452533e-06
201552	2186	149.593641473542	3.98152641842311	50.734436827228	2.03344840576227e-06
260417	21221	226.285240960189	0.287496168947571	30.2131719576846	2.38064167959269e-06
211506	44804	164.061544165412	0.175408547166995	27.2703180799958	2.12515806948722e-06
311185	7949	142.547454169304	0.131896480981847	23.3979676956332	1.25501219636827e-06
187954	46546	204.753258716656	0.295222649164768	29.6575327632615	2.98460172223218e-06
265410	15888	94.4780045666481	2.18094495473243	32.8976410293681	9.75260344854387e-07
171766	40973	120.133155143939	1.65634802531435	32.7640323187941	1.91616461873248e-06
244250	2822	216.604110580652	1.48497987286526	43.4108947083978	2.42962505383438e-06
287071	2714	167.441776331576	0.185687782455262	24.8358711388125	1.59801788647843e-06
286513	40295	251.534170719541	1.09688581558069	29.8616667749807	2.40524763029989e-06
329958	2487	157.013939981656	0.911117466130898	29.9058633048595	1.3037270744517e-06
294743	9094	147.097092626801	3.47896517041409	51.6722514875729	1.36731231352097e-06
246122	25818	196.16830461578	0.298600518121153	22.3629952141578	2.18366261409482e-06
245665	48337	164.273553288402	0.304017637761802	23.9735985970816	1.83202543934735e-06
179831	23476	251.830016483604	0.102676268049156	28.3373595383972	3.83663134075888e-06
251602	7218	309.881862188956	0.419092876820007	37.5311173123535	3.3743428242121e-06
280201	5207	200.989554403157	0.179792008146383	27.5067155939058	1.96521894437674e-06
234141	44608	218.827805372223	0.309772695707657	25.7194062025882	2.56054357800001e-06
270256	5522	177.749003058085	1.57283354579389	37.3350304807074	1.8019343512157e-06
377611	1908	244.481485453959	0.713666842362357	36.3640589366562	1.77381561690458e-06
223966	48430	254.690498399144	0.681444885145847	43.1633675622333	3.11557195018402e-06
272213	19451	147.392988929794	1.6075552549386	34.6257656748269	1.48345746906589e-06
178797	38141	185.986997544713	0.236056793015328	22.0131633253874	2.84989914780852e-06
255511	1141	178.405619707572	1.13491086260519	42.0930178482977	1.91296077173496e-06
257090	5939	291.617310967755	0.656939488346222	33.7905418692862	3.10767255396149e-06
239843	14806	117.529523185308	2.22084400943807	40.08180256038	1.34253946814532e-06
178330	31092	221.736636009652	0.466184863126052	33.5941829257862	3.40659245725989e-06
243680	2331	189.497586570183	0.233510056549932	29.2159354760393	2.13054608525647e-06
145181	6879	191.775266917091	0.90713077398734	38.566357331323	3.61901137327757e-06
225866	24108	253.384258555058	0.676007355976018	39.3948070851156	3.07351902497963e-06
307205	7345	226.285240960189	0.287496168947571	30.2131719576846	2.01806469385098e-06
323911	10548	157.406132881467	0.356520610584333	28.6115119725704	1.33138324764305e-06
426955	8035	242.564950182475	0.11037765728179	27.507981780937	1.55651416975851e-06
161597	14367	158.411003799518	1.99371864519789	41.9582917965528	2.68571044100859e-06
214265	3897	193.174891198772	0.357532207590626	29.273260665107	2.47005473248972e-06
229051	2412	273.6331613865	0.11309971014247	30.4530822947221	3.27298241094599e-06
215089	20020	156.158458047721	2.87516278844942	45.5593018382569	1.98909005998245e-06
243461	49932	249.71401807969	0.414139690513575	31.7485879987273	2.81009276532536e-06
214808	2585	185.458948636527	0.652594887379454	27.9216269986018	2.36539937336237e-06
188563	11729	217.880030465647	0.218639657989328	30.9576446497721	3.16568780893834e-06
203426	1283	139.133430005794	1.175863857735	33.3280744623252	1.8738385430964e-06
172401	30672	190.630521155233	1.71972790041797	45.7374514774165	3.02942210558695e-06
264331	4981	165.647176920027	2.52509394899624	44.1694040100314	1.71689238860624e-06
212803	4555	188.090556470957	0.660558779513029	30.5301276748621	2.42156639272527e-06
341417	41183	97.8503949360044	0.535728392935757	27.3884516475135	7.85207748288083e-07
224935	6918	220.900980977267	1.21729430832917	37.0326946597343	2.69059135777449e-06
203774	43040	138.070696039053	1.05609509112931	29.7564392084069	1.85635007193778e-06
261341	4219	160.036487407868	0.278440892242136	25.7369335097934	1.6777165844034e-06
255272	10936	214.888323524781	3.75486756371857	53.8233097809533	2.30630516838747e-06
225255	13639	265.14688497544	1.38051352932417	48.3727187120368	3.22492207431809e-06
145181	16813	232.823689407587	0.274601199726181	32.2856029610483	4.39364050161262e-06
254124	20598	152.512574766579	1.64545559961214	34.6116929832108	1.64424718087771e-06
205545	11304	153.604332326286	0.460455112056789	26.6540499343453	2.0474046422696e-06
284905	16042	128.288130253971	0.398801542952105	22.323235593174	1.23365447943326e-06
162396	30045	104.121590545481	0.678869797185934	26.5150204679242	1.75659887947643e-06
259207	35547	194.076107729605	0.347270867273267	27.1144729293928	2.05131560352442e-06
260878	5532	188.712264365338	0.446871937504745	23.4376483223494	1.98184554608203e-06
236659	3853	112.734275332151	0.836534691967264	27.1949145503532	1.30508887600836e-06
331342	14839	198.945567164346	0.332187584601528	28.4468529120204	1.64499625280064e-06
265891	7575	273.6331613865	0.11309971014247	30.4530822947221	2.8195008263145e-06
230196	2308	121.035252135981	1.7041991219096	28.8741044258681	1.44052646661774e-06
207725	11500	135.098260261938	0.67508198402663	28.0775557902738	1.78183762135381e-06
303568	4462	311.657618830125	0.289648219773607	33.9648180013567	2.81273549895097e-06
229994	21543	115.145036913538	1.76873248320936	27.6350622462986	1.37162645354939e-06
169625	26595	150.005435517478	0.47334205154002	29.000690474493	2.42283741157433e-06
236458	25819	229.586232119584	0.375866976861744	28.0604619742129	2.66010613161785e-06
241849	8969	146.351362486113	2.68231813725228	44.7690034735846	1.65790487845e-06
166341	31448	130.834292049112	3.21676461222721	41.8067300415899	2.15491138807057e-06
215680	15483	211.816138443268	0.856653443332582	36.8571150251251	2.69064441541081e-06
198096	6532	194.244999590082	1.07161635092306	33.7822122913578	2.68646555745052e-06
195949	34894	139.476668350407	0.337770058107409	23.117025713224	1.9501393653158e-06
293149	1520	151.902996786042	1.73412083598812	30.6995147618697	1.41966233531195e-06
178205	12510	206.711348703547	0.651787556503416	29.6498845798153	3.17798300946381e-06
225824	11961	328.721683123225	1.25593396495948	48.5917672590113	3.98809405121924e-06
223413	9782	192.770584132035	0.786968321908	33.282153204614	2.36395637972325e-06
224457	3915	155.812313842062	0.804204615731268	27.40610992211	1.9018477998997e-06
274201	2606	147.357097254281	0.251537086872157	26.431117761327	1.47234355333957e-06
199968	14190	309.881862188956	0.419092876820007	37.5311173123535	4.24563631809796e-06
236016	11250	122.242209876359	0.664045351579251	27.1477913213923	1.41901466021295e-06
264378	6848	251.443434950495	1.20125745475842	39.789333731541	2.6056862641825e-06
369487	28117	189.512028161693	0.367746168693413	29.8130929921058	1.4052213908999e-06
228516	32870	293.852743260674	2.09618903807969	45.5783837375338	3.52306188158971e-06
224572	2061	260.430486982419	0.230492499145313	29.3058155255105	3.17719120599842e-06
325475	14170	141.318468251664	0.632360884570681	21.0526276663669	1.18956566747368e-06
3e+05	25283	139.476668350407	0.337770058107409	23.117025713224	1.27375952831422e-06
253043	41112	147.504989872735	1.14608447983202	32.224519756399	1.59705370203997e-06
297246	15496	263.560613535058	0.695363774636039	35.9090909898843	2.42924672728578e-06
327119	6359	204.753258716656	0.295222649164768	29.6575327632615	1.71487389023697e-06
233503	16272	141.612892198366	0.544020886528074	31.0174928710184	1.66156548982611e-06
238383	25804	368.552113300722	3.09543775402584	57.2199289894432	4.23575429985465e-06
322591	13859	139.600610888951	0.689967253123347	28.6274240647133	1.18561096587635e-06
382742	42965	150.245359685426	0.108281166801013	24.3043840791235	1.07547936318937e-06
195584	11446	152.512574766579	1.64545559961214	34.6116929832108	2.13638472775568e-06
252636	19459	212.705299809576	0.526367302194366	31.8912317601366	2.3066951901298e-06
243725	16858	173.346597218208	0.778607291643354	31.599672418345	1.94859856050661e-06
261251	8316	192.619658390436	0.534913144906786	35.8849819236745	2.01999261813599e-06
190617	11835	291.008640848375	0.351572195784386	37.7713104540076	4.18264870147885e-06
246144	25468	163.5704510838	0.917026602058231	36.9797017054209	1.82063435284792e-06
393711	11491	204.144655993662	0.561823192694375	30.9018208307424	1.42058623553799e-06
221622	7183	251.534170719541	1.09688581558069	29.8616667749807	3.10950498732126e-06
350558	32134	193.670339530632	0.31825869655298	28.5334512702972	1.51359737888434e-06
217229	39791	172.051878637672	0.414653280854762	29.51051960726	2.16994512687636e-06
223179	16686	276.269413444602	0.224243000285097	33.2396426431621	3.39145933348546e-06
239237	20342	186.228011097244	0.853747358552381	35.9018850595754	2.13267065309106e-06
204947	1267	194.28338656008	0.42362233065441	27.9489440672714	2.59717512746971e-06
315726	6473	164.047414001768	2.27462519408764	45.0407095743381	1.42352853381685e-06
177595	33526	212.005361705103	0.420237689896214	28.8662395325361	3.27056846989634e-06
245374	29873	245.047098445481	0.894383461075658	38.1415849646575	2.73607600458591e-06
351908	17446	145.458910766161	3.99219829826515	43.131721325113	1.13244815049077e-06
200797	24056	178.655585739069	0.983239752871879	32.0074802995014	2.43762286383377e-06
245940	11307	216.536399655605	1.20784753378784	41.2925823915972	2.41217536803837e-06
192432	4467	194.962649642044	0.571741029628302	28.2799541457168	2.77575582852458e-06
379854	23182	238.604376720383	0.114782080391796	23.8643708131425	1.72095231628924e-06
426534	3197	108.949494275039	0.753606561802162	26.2598058217816	6.9980767098776e-07
215612	15454	197.791659617387	1.12646424287267	35.5127551904228	2.51328756217583e-06
243014	2164	163.16730492467	0.817613664491557	32.4673223756128	1.83953892418702e-06
310869	8793	169.539786686484	0.315897913462444	25.5857246657878	1.4941746081608e-06
211603	39247	94.4195561352591	1.02423151469193	23.7429979680614	1.222495500721e-06
142069	5253	87.7105149677115	1.00447253311175	26.1258039345416	1.69145120141239e-06
253295	2891	160.978815683837	0.885151080149995	31.5445052936763	1.74120235768015e-06
264475	49210	166.027295276057	3.35836928535681	45.7760717310678	1.71989527224193e-06
225640	1150	133.999730544507	0.560679426734842	27.5387948082727	1.62702778513121e-06
151775	16971	211.710698411062	0.290650391124357	32.6155336250624	3.82163933925375e-06
270256	38586	293.121909483527	0.103015259906819	30.4497108723252	2.97152967783288e-06
202465	33112	215.820862562288	1.99034019568748	47.1342604061385	2.9204555573419e-06
223373	10113	182.764047941941	0.283850273034218	27.4078749285033	2.24164701651057e-06
290553	7625	213.737877056042	1.10107134921315	35.414106567082	2.0154093222616e-06
200295	44343	197.514989792854	1.6943070219265	41.0942543585602	2.70169978450079e-06
202188	8469	194.076107729605	0.347270867273267	27.1144729293928	2.62980673255957e-06
202695	11191	178.311613854103	1.43769907792931	40.9358663101142	2.41014810164679e-06
186178	25624	165.647176920027	2.52509394899624	44.1694040100314	2.4376020903258e-06
164755	3423	293.265913975834	0.465472979682506	31.6616585096896	4.87674581935625e-06
216361	15682	218.244070842946	0.313602360941634	28.3232507585958	2.76357088945582e-06
189774	18561	124.138908025575	1.20063045978303	32.9696911607715	1.79216645763035e-06
288924	14596	158.894558578336	0.280484995066045	22.7461470277133	1.50671996008939e-06
211069	7078	244.465912837453	1.1336066044366	40.1623906502175	3.17322593186209e-06
255050	11723	194.076107729605	0.347270867273267	27.1144729293928	2.08474951438053e-06
139875	49041	182.051389365786	0.372930394996576	29.4195834325833	3.56583327806453e-06
357814	32120	275.276039877435	0.444119399049877	36.1083706826515	2.10774573150032e-06
234204	32919	146.351362486113	2.68231813725228	44.7690034735846	1.71202300963372e-06
267283	788	189.595730883143	0.699103931005631	37.4779406015746	1.94340963916131e-06
216122	27957	180.693323302691	1.61566716499231	37.5920367559092	2.29060531009934e-06
192432	42231	213.532852925034	0.548190657738883	31.6778327179453	3.04014672644418e-06
203375	33469	154.256975116776	0.296954986032922	22.8458181959301	2.07804228462202e-06
265923	26789	197.499639674887	0.611732864592195	34.1551451480625	2.03478038085787e-06
187855	4366	206.005742192272	1.1698036918335	43.5141809201268	3.00444115768788e-06
183217	37473	286.637986485212	0.353813954731915	35.7912935105819	4.28622645286343e-06
303349	13185	239.879760595893	1.70086810989532	44.4963245764978	2.16649741238768e-06
225636	37169	150.005435517478	0.47334205154002	29.000690474493	1.82140170867369e-06
191329	6639	156.256640556179	0.337011032756451	25.4327898270553	2.23750913392858e-06
238577	40679	244.465912837453	1.1336066044366	40.1623906502175	2.80735202560264e-06
169986	4187	213.069140401381	0.677920714417809	29.9378302618055	3.43411263040971e-06
259470	3871	161.083141983991	0.97752197274105	29.0874702720904	1.70086590614895e-06
252358	26015	171.034396896291	1.08174090579977	33.778672600708	1.85683587901696e-06
207416	10717	239.327698769793	0.34624097580796	34.3298214641206	3.16124274596315e-06
240869	27110	128.559002646489	1.67228607700395	33.6262024724602	1.46227387337856e-06
264331	37875	257.324465066146	1.65264453587923	47.9790807262015	2.66710501011155e-06
237613	16246	182.172092270643	2.45372661704834	43.8789808790904	2.10048112964903e-06
230542	2865	136.081108385002	0.651573039738108	25.738094816065	1.61716717335435e-06
341417	39842	159.858298498952	0.935691156011591	31.8369786980037	1.28279476737544e-06
