HSC_pop_size	HSCT_bottleneck	number_drivers_per_year	gamma_shape	gamma_rate	dpcpd
261384	1285	194.481637620499	0.77052016291697	39.2483475003476	2.03848133183257e-06
251917	686	212.501646438799	1.49558174321797	39.8344721243287	2.31106392825077e-06
358190	1298	216.212534586079	1.10960407386452	38.4284766197076	1.6537678563193e-06
257875	821	151.466768366907	0.200316757920714	26.6887992770495	1.60921937985678e-06
314550	658	262.784723188763	0.641063362400767	34.3583983847183	2.28885120242454e-06
277609	760	231.874291618391	0.162265072703831	32.9662444020897	2.28836972803911e-06
259818	978	245.497196076578	0.346904271559034	35.8380487114041	2.58871616956504e-06
233528	1802	159.389963387837	0.699095419863804	32.837262889808	1.86994634990046e-06
191299	586	275.529693156529	0.104088194801086	28.9172526561332	3.9460523665138e-06
351311	876	330.047888209464	1.46135032304079	48.4674380268294	2.57390400418709e-06
209095	708	186.154750390685	0.1178343532739	25.2744759123088	2.43914495692867e-06
227285	5103	179.287520358371	1.20858392616083	34.5718226591635	2.16115751551288e-06
306664	2094	182.756708023348	0.666055294035232	27.5513695160217	1.63274238141095e-06
184970	526	215.067355631615	1.97845054687824	49.3292030232384	3.18551998630826e-06
236865	730	232.427553938998	0.241680332991057	32.2052143985896	2.68839980162098e-06
212907	3304	160.411994008053	0.109322809619463	22.0697909050297	2.06421073562897e-06
182580	1611	218.244070842946	0.313602360941634	28.3232507585958	3.27488750801594e-06
314726	1676	240.19703361311	0.295258351264076	32.72096878428	2.09094280324299e-06
366599	2147	161.817390445063	1.58555253543431	39.7058645802195	1.20931949156393e-06
282342	1469	198.395068966732	1.20860076200822	39.449933337438	1.92514090767732e-06
309511	1035	239.381765617501	0.204115385064376	28.0215554282755	2.11895685047245e-06
155321	1724	227.603068961078	0.58455459614307	35.0300289622327	4.01471824124335e-06
218731	1054	181.644634038988	0.698869011180731	32.6585715587538	2.27519890465305e-06
194907	1764	198.328222237922	0.26525564456606	26.558253213239	2.78781671480585e-06
183203	612	189.078183148197	2.29549905689927	41.8416447682788	2.82758699139262e-06
350137	695	141.347279458054	2.12068409601094	35.5422360346327	1.10600370835708e-06
216971	2477	206.553876013713	0.968523081737535	37.1200903792378	2.60818740833824e-06
275739	1198	285.325803935987	0.43162655752479	35.1264714460629	2.83497993149852e-06
342520	1765	138.246530847796	0.439235958850403	25.8065125543653	1.10579708852355e-06
384115	1686	161.078563972575	1.16268979948956	32.6817730279817	1.14890367252369e-06
192929	818	231.859881329948	0.663901266159397	37.3339493815368	3.29257162784702e-06
197835	752	180.907762671076	0.350408385455536	30.7460858838445	2.50530849419038e-06
205647	1809	310.967429158712	0.393760046590233	35.366924883307	4.14285430538222e-06
295603	1185	181.815891541436	0.752794075394291	34.0566396639545	1.68511730344587e-06
227325	8659	171.325868779811	0.403130283288024	24.7331647753203	2.06482323485097e-06
233156	805	363.463410980418	1.51873751302099	44.3223014236733	4.27091804229631e-06
318379	1427	248.04726997858	0.112382659272263	30.022744364124	2.13450498175178e-06
217927	1113	232.013259718752	1.18662328470098	40.5793721313721	2.91681510942997e-06
298598	995	251.830016483604	0.102676268049156	28.3373595383972	2.310615779878e-06
215090	1633	207.387818723074	0.374036269426798	26.3836988271204	2.64161887917035e-06
208731	1974	123.714638205301	2.53661754798826	38.0811517094332	1.62383265667821e-06
195035	1004	187.553316529384	0.365098340470273	27.0698446180584	2.63462815812664e-06
262102	550	228.917714637773	2.63541409084666	49.620664045547	2.39285400693396e-06
250649	1180	125.185872210125	0.864783830844661	29.2185540001824	1.36834773869637e-06
210210	1299	296.441584493246	0.279316088464988	37.3112633783331	3.8636065108179e-06
186296	954	178.819648362286	0.563132693810385	28.9479943935376	2.62977651065069e-06
233680	2913	183.743723418621	1.73440364893686	35.9789564688815	2.15425993418726e-06
255197	1327	203.003976480597	0.418010206535669	30.8886595776324	2.17939583156947e-06
189774	1818	158.894558578336	0.280484995066045	22.7461470277133	2.29392623725519e-06
186278	738	161.083141983991	0.97752197274105	29.0874702720904	2.36916692614516e-06
267878	510	168.68632985666	0.365615151773301	27.0710168904118	1.72524182043472e-06
227176	6540	154.256975116776	0.296954986032922	22.8458181959301	1.86032789394568e-06
269614	3147	146.351362486113	2.68231813725228	44.7690034735846	1.48717290996853e-06
260366	1298	275.276039877435	0.444119399049877	36.1083706826515	2.89661834176142e-06
325181	1266	243.03877378901	1.1484716902106	42.678379267736	2.04765854775176e-06
195152	1325	130.121729940657	0.541735913642959	28.877765980065	1.82677036488673e-06
242926	802	356.082865780741	0.336913642748267	37.1755397129469	4.01591223372427e-06
196613	876	206.614163813307	1.52049331338208	38.5895346050381	2.87908837273343e-06
230313	518	141.612892198366	0.544020886528074	31.0174928710184	1.68457936187217e-06
152617	1428	214.473771312249	0.601335157151601	34.3532276856439	3.85015675487145e-06
343607	559	284.613601017743	0.674536089849977	38.2330697045916	2.26934634759935e-06
200192	3303	306.859386650601	2.09455658207327	52.5848913401552	4.19952170095614e-06
198325	524	254.540229263915	0.130538532968248	30.327285746649	3.51630148056984e-06
225016	2991	191.775266917091	0.90713077398734	38.566357331323	2.33499702325084e-06
236006	1422	124.472959085912	2.36458875770853	38.6340179170939	1.44497091478533e-06
204330	788	277.334958366736	0.31165990511415	33.6596263729086	3.71860130056517e-06
236856	776	123.980408702651	1.16895510549168	32.3316454628847	1.43408802230048e-06
279576	2031	282.15493427607	0.932737053728463	41.3734546739151	2.76499848769105e-06
226944	2032	285.325803935987	0.43162655752479	35.1264714460629	3.44452610041011e-06
250139	6294	200.961402166194	0.56274910845374	26.7672412598799	2.20109292839969e-06
346579	1967	230.51822709881	0.100697659760777	25.6999765382802	1.82225924413217e-06
200665	2057	241.391894118866	0.240460811021818	28.0825006197406	3.29577980774017e-06
391022	3816	222.523187696397	0.418549435759878	29.9910958259965	1.55912600577774e-06
294199	944	156.296457293355	2.76352808731046	43.1489995984083	1.45550961096601e-06
226712	1939	210.037275677233	0.556534036571829	31.9465580072593	2.53821849260969e-06
178280	995	182.971400556889	0.344058869057705	28.2253671940997	2.81182133932599e-06
280201	1025	214.06841245836	0.135424426996186	27.5107791813998	2.09310031461622e-06
270307	2841	208.133845523491	1.20347152656265	35.1744435152253	2.10956325127721e-06
209114	848	178.030416815316	0.373809676239082	27.2040570608651	2.33248164454462e-06
363888	652	197.514989792854	1.6943070219265	41.0942543585602	1.48709756391139e-06
226338	1529	132.450226122655	0.837178414311623	29.8576764146837	1.60325412366854e-06
197196	1689	312.808954210555	0.365176949534853	35.104436379154	4.34598487521844e-06
241979	613	244.111439932857	1.09625367270623	43.855851386583	2.76386986296113e-06
185214	769	200.961402166194	0.56274910845374	26.7672412598799	2.97266504701032e-06
260546	825	160.653371040736	0.443297283103846	27.62241578335	1.68932250746284e-06
213654	1005	239.702823588371	0.157326883103285	26.7632512000449	3.07375506485099e-06
267627	1201	186.275246578672	2.02359590915653	46.9204705044607	1.90691948611848e-06
206313	3098	329.827858287153	0.558644670108271	36.61269158404	4.37993712422391e-06
203097	782	158.411003799518	1.99371864519789	41.9582917965528	2.13692349042904e-06
161541	3284	301.45012973665	1.01576662172498	40.323759622264	5.11257678485202e-06
185296	730	347.646403212285	0.587938305438521	42.8160762713337	5.14018596845987e-06
219439	577	212.096014563523	1.58692234554677	41.7527693137969	2.64804784658567e-06
252591	1021	158.618294108773	1.97381115146751	37.4761431470343	1.7204519115533e-06
197369	782	152.75504265858	1.73479559996596	39.644415515548	2.12042907542669e-06
150155	592	174.622266176617	0.652030599419552	33.1055012749696	3.18615542344357e-06
316761	1762	175.26428959304	1.40827524333387	35.8752858634867	1.51589411534672e-06
216990	4438	513.357443290671	0.114588262392293	30.3394109565289	6.48167541703104e-06
267118	754	156.158458047721	2.87516278844942	45.5593018382569	1.60165691533916e-06
161654	714	316.232454729375	0.104918759337747	32.6506801455374	5.359535099223e-06
236775	8256	286.637986485212	0.353813954731915	35.7912935105819	3.31669117100319e-06
249777	1396	206.176348471348	0.474386528014368	31.1402541416482	2.26148407635883e-06
266224	1010	131.917593210047	1.14254110360936	31.5703514342829	1.35757130682872e-06
302917	539	180.907762671076	0.350408385455536	30.7460858838445	1.63621621087015e-06
217276	505	241.408797818636	2.81848024366428	47.3818813121241	3.04402679829526e-06
258147	772	193.847172943361	0.79536933453235	31.7594478218249	2.0573089946825e-06
337293	2210	166.361772967558	0.900593476708723	32.1595331577607	1.35130488733289e-06
202431	665	158.1815166804	1.63749599752317	36.8155655253631	2.1408480830627e-06
222411	1036	177.992072638162	0.375571576412011	23.834204679584	2.1925602334289e-06
189462	881	147.740622230062	1.03906439097973	34.9145493848999	2.13641167108743e-06
306664	2094	182.756708023348	0.666055294035232	27.5513695160217	1.63274238141095e-06
234318	708	133.999730544507	0.560679426734842	27.5387948082727	1.56677058287031e-06
253917	1368	283.349610048399	0.225321601237169	30.5305250930494	3.05729943840886e-06
265691	638	166.361772967558	0.900593476708723	32.1595331577607	1.71547278365911e-06
188699	961	182.956411898993	0.946586609190187	35.6084170556644	2.65634923109759e-06
394203	853	156.005411047361	0.346943776193126	24.786963901311	1.08424361321772e-06
238324	646	255.324188311192	0.202938194336906	28.2156884104008	2.9351568626754e-06
240421	1322	113.964589945724	1.44493510298352	30.5710103366138	1.2986875242843e-06
241448	641	176.438968224885	0.572185376141303	31.0487770015069	2.00206435130063e-06
146082	1203	306.859386650601	2.09455658207327	52.5848913401552	5.75505981816932e-06
182293	655	351.077783374002	1.07761312468402	42.0016769576273	5.27643376734538e-06
223714	760	163.988924898402	1.20696301553932	37.746076930937	2.00829955098495e-06
173616	2921	228.948829781311	0.867019153436815	35.4871593543046	3.61289897183441e-06
226584	1020	255.028635903858	0.316754097203292	31.3982616319466	3.08366253361852e-06
297069	610	211.602907765423	0.407003849692209	29.8676047359516	1.95151292756185e-06
267369	2154	141.612892198366	0.544020886528074	31.0174928710184	1.45110512651379e-06
312330	698	143.663084835577	0.587942132315509	29.5355588787386	1.26019752409378e-06
221717	805	229.422842092508	2.15046842210523	47.2277537251382	2.83494604274952e-06
280677	1179	304.144509776097	0.389870332345725	38.6270432883669	2.96879555333552e-06
286538	762	244.168760332813	0.576022818942147	37.1984472242563	2.33461358619496e-06
294499	2585	280.532464734132	1.57276065758139	43.77341807376	2.6097952630128e-06
343987	748	192.529526727358	0.192648586745004	28.8981225118409	1.53342468005308e-06
287224	613	193.670339530632	0.31825869655298	28.5334512702972	1.84735143980634e-06
157811	2173	222.827356316598	0.647938869033937	36.3710905032576	3.86846232339132e-06
232237	5889	207.445145064283	1.07468613352633	40.2004568025954	2.44725372438421e-06
242354	1092	146.943594640096	3.45435520177287	53.9230170237484	1.66114522885854e-06
174426	1012	195.753249883469	0.600048646735835	36.2862963363865	3.07471520102129e-06
216013	26788	197.633851447362	0.476494835103773	27.6696613208561	2.5066204659215e-06
197696	1541	141.612892198366	0.544020886528074	31.0174928710184	1.96251075677235e-06
265447	635	115.769159365035	0.681644108365273	31.8219880623489	1.19487422755687e-06
211467	681	135.027522844165	0.548977034957874	29.5532361992548	1.74939077374312e-06
335207	928	197.633851447362	0.476494835103773	27.6696613208561	1.61530817287557e-06
159796	568	238.078427571695	1.58728249984231	41.5294948599681	4.08188981313666e-06
224589	509	159.039184329633	1.16194832534307	38.6782557086399	1.94009409491972e-06
283988	1076	222.27663011367	0.118813946518474	23.1332616549989	2.14437606097643e-06
192313	1006	269.266068468778	0.333298893469198	32.7587173163087	3.83601345763856e-06
242852	584	152.512574766579	1.64545559961214	34.6116929832108	1.72056507911554e-06
174037	808	236.642667912371	0.684986742982407	34.5492952480321	3.72527724835667e-06
246995	878	223.51431822426	0.164328389580214	29.4197839164953	2.47927284007757e-06
244861	1864	231.805907429272	0.897080804938591	35.8634323822717	2.59365386030612e-06
176396	2414	173.043758487576	0.187097733516908	25.5690068782438	2.68766008870415e-06
238008	2191	282.8301887283	0.863104242349413	40.7726495473694	3.25567724359098e-06
430769	576	168.285789946688	0.852537069789034	36.7464214963969	1.07031137049799e-06
194735	1956	341.84555706699	0.206231175163317	35.2304441515893	4.80942393533031e-06
279711	597	244.290212910774	0.19063970338872	30.3162926112268	2.39278489065523e-06
249968	1064	326.83678620294	1.35421314339228	45.4509349556974	3.58223152511949e-06
203013	940	209.153779784662	1.16217562949185	38.9951347778578	2.82259783464386e-06
234149	804	159.858165942661	1.65202681829127	36.7993273328838	1.87046529314709e-06
179036	2122	204.753258716656	0.295222649164768	29.6575327632615	3.13326834882609e-06
326566	1569	173.295175371707	1.52617997012374	37.2533812982567	1.45386017646736e-06
314526	739	227.377156528444	1.05765143800008	41.562664057684	1.98060291923898e-06
215436	519	194.755689849407	0.498810295786068	35.943239663329	2.47673198752357e-06
277556	2472	123.980408702651	1.16895510549168	32.3316454628847	1.22379754935942e-06
336394	2213	263.560748218372	0.803030710807034	41.2093959854664	2.14654316573473e-06
338533	1404	226.560369681692	0.189844848214933	23.7243010196658	1.83353865529705e-06
299817	1463	142.702491054484	0.419262848356109	27.6878598877754	1.30401454526059e-06
254726	1218	198.018068187847	1.23965866445204	38.1337688744295	2.12979929535725e-06
280677	1179	304.144509776097	0.389870332345725	38.6270432883669	2.96879555333552e-06
294815	1580	232.187409449236	0.224451609450171	29.1476596905192	2.15772565473947e-06
160668	925	263.295167596799	1.3077416270252	43.7948562529286	4.48973425668381e-06
161502	638	187.942049921626	1.39214587895417	37.2443030484094	3.1882560328211e-06
315748	3301	147.357097254281	0.251537086872157	26.431117761327	1.27860849370151e-06
235990	2101	350.077645834463	2.6465907914346	64.692323505869	4.06422661088452e-06
255990	1916	148.81308457826	1.22021751686993	35.913501016381	1.59266799889187e-06
234119	584	180.868703000514	0.626831717103168	31.9822421028801	2.11657615636532e-06
270935	806	173.043758487576	0.187097733516908	25.5690068782438	1.74983848158067e-06
205128	1931	170.373016193518	0.483398060128575	30.7417016919887	2.27553228633612e-06
202306	1031	241.391894118866	0.240460811021818	28.0825006197406	3.26904617322364e-06
257016	971	225.62108722012	0.420549368579901	28.2409821739406	2.4050641399237e-06
228073	1380	190.948385424689	0.664004893203874	30.8511998042129	2.29376673888406e-06
245446	1420	173.805031361797	0.684045647275475	33.7301123936911	1.94005267192993e-06
212847	1012	213.737877056042	1.10107134921315	35.414106567082	2.75119322711184e-06
230341	1342	228.698101663737	0.326524312448503	32.5627001527747	2.72018503672592e-06
264219	662	180.19177888138	2.52728044116183	44.9499540545124	1.86843529997589e-06
288516	970	333.615782931978	0.306176616470929	33.0263800866372	3.16799014144538e-06
272505	1492	205.247224266513	0.385336576034541	33.0413237778453	2.06352603575717e-06
287916	822	125.185872210125	0.864783830844661	29.2185540001824	1.1912328330364e-06
394363	954	209.153779784662	1.16217562949185	38.9951347778578	1.45303706028343e-06
182001	1918	165.647176920027	2.52509394899624	44.1694040100314	2.49354609025597e-06
179358	580	101.017309522037	1.056078253066	31.2639572463525	1.54305775106307e-06
316251	1409	140.311421620445	3.76457340960234	51.123396291696	1.2155371959445e-06
237789	1642	212.684860899335	1.47407528884526	40.9424316996074	2.45048445907621e-06
206038	1071	155.971771237392	0.729467238667775	29.5877166146313	2.07398596957034e-06
273807	1566	219.440936884061	0.536667576877636	30.5214703488828	2.19573658181749e-06
232265	2393	225.62108722012	0.420549368579901	28.2409821739406	2.66135648929727e-06
263850	968	139.133430005794	1.175863857735	33.3280744623252	1.44471282724248e-06
236775	1033	184.779194196105	0.536369278016141	29.60087900066	2.13808200891379e-06
232375	1319	212.705299809576	0.526367302194366	31.8912317601366	2.50781816483543e-06
247695	2199	152.48439677007	0.917489906597101	30.403550662037	1.68661244919329e-06
236519	2505	309.399204902113	0.915485136135289	49.1765543499368	3.58393640479766e-06
390687	1202	174.931150614531	0.343843882372521	31.4013109155184	1.22671966648796e-06
227097	1189	234.508207974911	0.615552996319339	35.2836332506344	2.82913574828004e-06
193155	893	268.893430814478	0.43600531912808	36.4437017972477	3.81400601070938e-06
217748	976	127.212562757771	1.599950041528	34.6055486391876	1.60060055292987e-06
280692	878	158.645346299301	0.369946953453494	29.5179575338944	1.54847585389554e-06
308857	748	245.600294098085	0.97526008734468	38.5584185389561	2.17860536778168e-06
177595	530	156.296457293355	2.76352808731046	43.1489995984083	2.41115725125476e-06
286896	883	247.342447939458	0.694471540193603	35.3269697235184	2.36200763447342e-06
249627	1030	285.488582929903	0.554901712854974	36.403331746983	3.13331691354628e-06
242809	3950	174.021940357967	0.656466425506617	28.7547994292927	1.96356988141665e-06
209368	753	252.172983377392	0.643734941452938	34.9213048224329	3.29985903273403e-06
324230	668	118.482212497246	1.24241655497173	31.1179302326953	1.00116831065083e-06
196687	546	204.753258716656	0.295222649164768	29.6575327632615	2.85208393081611e-06
187645	825	124.949333936633	0.881133115128218	30.7597596760402	1.82433287480159e-06
366169	558	315.392715870554	0.163364866142024	33.6202628073249	2.35981099580266e-06
378392	1260	185.458948636527	0.652594887379454	27.9216269986018	1.34280510315552e-06
265436	1126	363.463410980418	1.51873751302099	44.3223014236733	3.7515264209438e-06
242522	1096	246.752540798009	0.24084796508944	29.9478600285976	2.7875176616996e-06
360193	795	190.645575108929	3.98697947344688	52.3307703286516	1.45010215116355e-06
203590	736	220.19655262168	1.43015812337288	40.4987304996111	2.96320166197145e-06
308456	1253	184.856363141223	0.259788432700652	21.5474288545585	1.64190610468919e-06
223324	2615	113.068599183313	0.582843343570134	29.6808746017629	1.38711909183013e-06
205022	1276	177.690192155788	0.413715400206001	31.0201440543246	2.37448880735937e-06
230679	566	126.840184013036	0.478178306562073	26.7233542960097	1.50645422192906e-06
330522	2170	198.687552458162	0.867101436267021	34.5027591115198	1.64693865700161e-06
202072	684	220.997645484343	0.402497591483226	31.8544307283869	2.99632309932582e-06
162902	1073	168.738730484954	1.66755809920068	39.0866569698672	2.83788960073909e-06
237870	2447	218.87917638133	0.280555924851229	29.5493452399987	2.52099456168161e-06
393088	1295	148.675048345184	1.10362378974386	33.0666755438003	1.0362282735058e-06
244480	782	215.745168381145	0.31632995577613	31.4030495586509	2.41771373158961e-06
248576	1248	193.256053676615	0.633025764653755	34.1977723076887	2.13000708117398e-06
383816	2651	216.598189058286	1.02422922591719	39.6316841722969	1.54610463360073e-06
336962	820	137.000960543079	1.75434045274648	39.2638849108088	1.11390927575898e-06
221616	826	187.553316529384	0.365098340470273	27.0698446180584	2.31862637544324e-06
363026	1735	189.285740438843	0.810436720540332	34.2939215749107	1.42852321788373e-06
195607	906	165.105436548956	1.91800093933931	42.239623850534	2.31251264923015e-06
210002	1767	179.967006663103	0.478092390870597	29.1172651078451	2.34788379266711e-06
206257	708	217.604834171393	0.183280202843981	30.673157686209	2.89046009525413e-06
294124	1028	218.827805372223	0.309772695707657	25.7194062025882	2.03835196684562e-06
195607	906	165.105436548956	1.91800093933931	42.239623850534	2.31251264923015e-06
210002	1767	179.967006663103	0.478092390870597	29.1172651078451	2.34788379266711e-06
158545	850	172.646919238151	0.166249402176176	24.7456580880248	2.98341327816529e-06
254476	1010	133.999730544507	0.560679426734842	27.5387948082727	1.4426607988062e-06
285775	1277	274.408854914277	0.172851433765282	28.8507623787405	2.63075875061473e-06
234486	688	244.290212910774	0.19063970338872	30.3162926112268	2.85427809997213e-06
209020	942	139.64238244271	0.725989710613333	27.7079378349189	1.83036010767417e-06
239522	1843	217.631646383042	0.537387216148224	29.2684401302006	2.48933745535248e-06
249716	845	345.812875261999	1.42797434452845	50.252207422835	3.79404016949006e-06
245883	1219	178.41949908323	0.870360537922205	32.7140197127676	1.98802091008125e-06
306130	1136	133.525629765148	0.11855757167595	22.6718643605027	1.19499442456534e-06
259471	1103	173.346597218208	0.778607291643354	31.599672418345	1.83034783910138e-06
203150	2133	194.471399688461	0.697527503846799	33.5407062644884	2.62268449574626e-06
178798	1389	211.331910939134	1.9168541331913	42.9938769067722	3.23824392230084e-06
220593	2023	170.487335424803	0.162293383362159	24.5507489590466	2.11742253926888e-06
232838	2328	181.788441917658	0.740816682538509	31.766257237968	2.13904313643736e-06
246737	1289	265.14688497544	1.38051352932417	48.3727187120368	2.94414628471012e-06
286847	905	164.273553288402	0.304017637761802	23.9735985970816	1.56900553102269e-06
270497	526	184.856363141223	0.259788432700652	21.5474288545585	1.87231573521336e-06
240860	3392	190.290858868545	0.214626077607254	26.3978944624743	2.16451390358686e-06
245315	1609	244.465912837453	1.1336066044366	40.1623906502175	2.73024325545605e-06
237717	538	164.398278417335	3.37965703780337	47.1892392310601	1.89471616350229e-06
185035	2066	167.728412161234	1.727728913241	43.59458633	2.48347553885561e-06
309390	680	270.235948064116	0.259941578188867	31.8337370208304	2.39300707989797e-06
274948	1232	180.831196195514	0.130694520107771	26.2013096138596	1.80189684879406e-06
369228	1608	204.527278511397	0.168855262437663	27.7094561339615	1.51762246701334e-06
212126	1343	196.189848760746	1.05300476031349	36.2002962188879	2.5339017138915e-06
291182	1238	204.765254521998	0.99749196614112	35.142178068536	1.9266324749488e-06
205022	1513	248.622556050884	0.395955870604594	30.7382247587875	3.32236388197677e-06
254252	2294	194.715575645591	0.343721264618172	27.7523178064751	2.09818341856058e-06
193798	1108	222.349243307818	0.109508966015512	25.5183266835982	3.14335549934734e-06
260047	7853	227.857753691242	0.224376127387657	27.8120861025162	2.40059611659496e-06
249916	769	189.274351525469	1.88791340861854	40.611423974683	2.07493664748582e-06
316501	2225	192.529526727358	0.192648586745004	28.8981225118409	1.66659238175367e-06
321256	862	257.639612339423	0.117332397018625	26.1886040659947	2.19719460995237e-06
369476	1013	216.242935446505	2.06446552687928	42.3919548885243	1.60347735301772e-06
288516	2128	226.197624512962	0.297864504711724	29.1699846192492	2.14795546594849e-06
174964	766	190.645575108929	3.98697947344688	52.3307703286516	2.98528065278601e-06
215983	1479	188.598958677546	0.491412648277413	32.3448697568328	2.39236178694107e-06
369478	553	112.785483769416	0.620455866807868	27.4313983453732	8.3631860461424e-07
202477	1316	242.002363423914	0.211295975801396	32.2692827946091	3.27454562130093e-06
328449	1010	159.841604480299	1.29442721986093	37.616791420252	1.33330350847655e-06
249370	1475	130.121729940657	0.541735913642959	28.877765980065	1.42959413822182e-06
236187	564	152.75504265858	1.73479559996596	39.644415515548	1.77193057275756e-06
236529	1446	206.614163813307	1.52049331338208	38.5895346050381	2.39322113663964e-06
237522	965	173.394526479557	0.147971269874358	25.028669069565	2.00003998452466e-06
284086	1112	241.737360342532	0.325088238855816	33.2623059428941	2.33131565062955e-06
263817	1003	105.314630172437	0.503558634619731	30.0346527026078	1.09368703817094e-06
178298	545	147.740622230062	1.03906439097973	34.9145493848999	2.27018153892678e-06
216878	1492	194.316037725247	0.323995553391832	30.1170177342517	2.45471051050161e-06
385414	5169	173.848200639008	0.238129505587833	26.6616927936743	1.23580471935859e-06
226426	2520	315.392715870554	0.163364866142024	33.6202628073249	3.8162120627581e-06
221804	1337	214.232459258844	0.437779581664482	29.5926340064837	2.64620225309182e-06
157416	795	310.983791309141	0.43787607903126	36.3985064296238	5.41247641375928e-06
263515	1616	254.038073229972	0.609476928370939	38.597553663824	2.64119583772463e-06
223309	713	249.973727076866	0.582648721974002	34.6231173106033	3.06686934354634e-06
198960	964	202.362456386436	1.08684947557443	34.9134177577617	2.78657865264355e-06
191823	932	140.619087337201	0.300493556331096	23.924977190671	2.00840239974653e-06
139491	1763	290.146100089254	0.537735186857549	37.6234596584801	5.69872480778215e-06
323317	3091	202.362456386436	1.08684947557443	34.9134177577617	1.71478050560274e-06
250786	515	49.8152244930627	2.03555924656244	29.5690757042494	5.43498593750646e-07
255846	1753	226.170148731147	1.0829830455017	37.0635637756463	2.42194227425495e-06
208708	835	172.097449112641	0.276754741229702	28.9109060756606	2.25913649971529e-06
267709	1882	405.510051221864	1.48096085860143	50.7501687416859	4.14997793015452e-06
232237	2555	251.830016483604	0.102676268049156	28.3373595383972	2.97086704805871e-06
234757	1194	263.623603958914	0.252838103227799	31.6882055402496	3.07661304754493e-06
271853	2095	231.484397662937	0.277910673553736	31.1253093725959	2.33289251622578e-06
192733	1836	142.547454169304	0.131896480981847	23.3979676956332	2.02633161070943e-06
239438	1872	214.06841245836	0.135424426996186	27.5107791813998	2.44943910847811e-06
181573	906	238.068806785198	1.86646197601167	43.2985361346531	3.59218224218808e-06
245140	1377	271.756825900139	0.469228029586862	36.3800490982072	3.03720016742056e-06
221013	16821	164.047414001768	2.27462519408764	45.0407095743381	2.03356802481238e-06
202143	615	168.036837186253	0.717829127351999	26.4460236122436	2.2774713762074e-06
278276	899	213.513667935551	0.241724914035959	32.3247060013789	2.10211787307596e-06
411204	974	220.269446141403	1.11527311129617	37.1761957363719	1.46758770496878e-06
292859	886	204.186773086254	0.502830728289687	31.0681759374541	1.910188236232e-06
294928	1361	225.818412099362	0.205836573801488	31.0469857490558	2.09773429818173e-06
161294	529	138.16155670214	1.36817125467844	38.3273627758429	2.34680033282438e-06
198612	1011	150.393688888883	0.846203893119091	30.7762762321557	2.07458513989668e-06
287330	701	152.512574766579	1.64545559961214	34.6116929832108	1.45422570073911e-06
372832	7195	203.086914395227	0.457761323747314	31.3811352990631	1.49236789007489e-06
310373	3240	154.874761757903	0.720421530782755	29.0039004539122	1.36711123639968e-06
214388	587	208.26878577069	0.410918704502461	30.1887898673182	2.66152682552374e-06
276528	2697	160.411994008053	0.109322809619463	22.0697909050297	1.58929625604118e-06
285569	1104	199.61404671805	0.340518776600042	27.2975561137214	1.91508111604388e-06
215154	1567	160.091344859749	0.702623325683512	29.6286852745104	2.03856969553569e-06
298500	1682	215.210886231442	0.651815702390296	31.3955671999408	1.97527258421277e-06
193758	1430	125.363423093705	0.716855501246409	29.1858993030734	1.77263097850638e-06
217855	1678	204.486084786846	0.348899267256869	30.2227889445903	2.5715996820412e-06
133990	1028	290.146100089254	0.537735186857549	37.6234596584801	5.93268767939652e-06
235446	649	228.592304913108	0.391600394801052	32.518659131311	2.65997420823957e-06
249045	772	236.439597676799	0.153978620333473	28.9041100768891	2.60105490839994e-06
192218	3187	172.328988222902	1.55140129995539	38.1680305775453	2.45624350637984e-06
250800	1149	220.319042618334	0.720300496589968	33.815629009074	2.40675364989113e-06
259786	1014	200.924701929826	0.677992623904905	25.6523635489333	2.11896959583727e-06
320453	1129	166.122507102868	0.913082802558144	32.2763146069353	1.42027116752289e-06
250745	1944	244.290212910774	0.19063970338872	30.3162926112268	2.6691988057591e-06
275459	1664	293.485875326725	0.626386477043095	36.2853851495362	2.91902203705849e-06
253037	1964	182.051389365786	0.372930394996576	29.4195834325833	1.97113833063653e-06
236721	630	194.28338656008	0.42362233065441	27.9489440672714	2.24856793799255e-06
299546	1958	137.553266638145	0.893821657608493	31.3103763220666	1.25809813772189e-06
217134	1004	250.815073950374	0.781273150361727	42.0786299212686	3.16470283864069e-06
258661	2200	183.284965737543	1.12525802283376	33.7049617309844	1.94134636091936e-06
183161	1077	170.487335424803	0.162293383362159	24.5507489590466	2.55015309047745e-06
316251	1707	256.504186919027	1.27376278417836	44.3897548503619	2.22213114595189e-06
236775	690	176.472468868749	0.357334525078546	23.648677503254	2.0419648023599e-06
268362	1349	215.78778285815	0.632300729310202	31.959927258764	2.20299224588735e-06
285621	648	315.763580981952	0.605271290674101	37.8624428597597	3.02885887704481e-06
299499	1595	171.976921927438	1.91932998482409	44.2889477596649	1.57319272891151e-06
220214	1410	159.356988714279	0.56470466486924	30.4053862203394	1.98259188620234e-06
238093	724	193.588533569645	1.14451204490176	33.0211356081956	2.22761502449221e-06
215680	787	197.625714646208	0.484194001390546	31.8631621707756	2.51038721299703e-06
183426	1008	255.683141222174	0.201131330003733	32.4581821560423	3.81898834828803e-06
259470	2352	254.90404111998	0.596926026993891	36.8366681747823	2.69151437910028e-06
182293	684	139.64238244271	0.725989710613333	27.7079378349189	2.09871947746789e-06
209851	794	194.617594078005	0.455709399216099	32.20279836605	2.54084511336589e-06
235506	1447	169.956837633438	3.36864862961552	49.24102649145	1.97716903857422e-06
272700	5198	121.035252135981	1.7041991219096	28.8741044258681	1.21600084528616e-06
217212	886	164.273553288402	0.304017637761802	23.9735985970816	2.07200582636901e-06
204784	2935	235.732351552635	0.100440844379364	27.3368273217266	3.15377206738962e-06
188923	2475	205.660955878809	0.312608268620836	26.8471849242149	2.98245673443981e-06
312330	698	143.663084835577	0.587942132315509	29.5355588787386	1.26019752409378e-06
259094	1266	127.904287400567	1.37487478621839	33.7211742458924	1.35249255176512e-06
149044	1069	249.71401807969	0.414139690513575	31.7485879987273	4.59024177248918e-06
245936	1581	113.964589945724	1.44493510298352	30.5710103366138	1.26956506276412e-06
135017	916	262.310447715897	0.569956506372371	34.7750997035798	5.32272795918641e-06
197128	506	287.768835943423	1.1803202424072	53.8037894043094	3.99947125577294e-06
315328	1727	239.702823588371	0.157326883103285	26.7632512000449	2.08265699406863e-06
154499	792	217.795489766537	0.994367370503157	37.8312519293979	3.86216073866572e-06
248517	2347	152.512574766579	1.64545559961214	34.6116929832108	1.68134441745783e-06
216556	965	185.519113956056	0.849880410599763	34.1064312533393	2.34706747947452e-06
288671	1223	224.321364979837	0.853117465622715	36.5536713663156	2.12899488392163e-06
258382	829	215.083187450833	1.11296907066362	35.145208100898	2.28061167850164e-06
346187	1233	188.741752802825	0.986048935903681	34.3006206640214	1.4937033817286e-06
217793	1483	175.836314465	0.855945261151411	34.4468229942047	2.21193209745662e-06
235938	1240	161.274121218058	0.427757399863877	25.0859426726352	1.87272464565578e-06
220305	687	231.926304303906	1.69327494901054	44.1307847359374	2.88424925598361e-06
213370	720	159.858165942661	1.65202681829127	36.7993273328838	2.05262022742231e-06
344506	895	121.951311416673	2.50808898606324	43.0104358999573	9.69832693664225e-07
193052	745	216.419545671455	1.07323919730563	36.7340426283322	3.07135000991223e-06
244451	531	165.647176920027	2.52509394899624	44.1694040100314	1.85651881961079e-06
313131	725	139.476668350407	0.337770058107409	23.117025713224	1.22034502650413e-06
252255	738	239.342663456425	0.114901562713705	26.7111070631005	2.59948593501873e-06
235627	1436	213.699692484798	0.899888850541088	39.630821161255	2.48476876396759e-06
211902	2803	263.623603958914	0.252838103227799	31.6882055402496	3.40844564564046e-06
264373	1251	224.399272710465	1.58018399154475	40.642775134285	2.32547396282478e-06
254112	1032	182.754903953466	1.14014881716185	34.700703032074	1.97038458237233e-06
250745	1944	244.290212910774	0.19063970338872	30.3162926112268	2.6691988057591e-06
273365	953	236.152718985305	2.30336389818475	47.1117769818509	2.3667761075656e-06
199837	955	201.622666008803	0.579123848967045	31.1442899476718	2.76420715772126e-06
314656	715	226.035249258941	0.590174527880773	34.1311559979482	1.96810057810418e-06
394641	4088	216.555141195757	0.315042190124193	29.6861754945853	1.50339614155829e-06
204061	1590	140.311421620445	3.76457340960234	51.123396291696	1.88382323792711e-06
259799	1621	160.583705776853	0.21339835573186	25.4800956711411	1.69344515680487e-06
354638	1398	280.165120283047	3.02284982691951	56.419359411096	2.16439206178793e-06
394641	4088	216.555141195757	0.315042190124193	29.6861754945853	1.50339614155829e-06
315148	825	236.719154601432	0.116449127460363	29.3428568957611	2.05790812267576e-06
331314	1057	290.890914798677	0.340792125801194	36.7493680452538	2.40545648661793e-06
297977	999	244.465912837453	1.1336066044366	40.1623906502175	2.24772255647986e-06
186082	1947	188.599416300099	3.94827869432357	54.9483383600845	2.77679049875492e-06
262043	1880	207.981402592206	0.737550727638075	33.7106216561525	2.17449831476687e-06
291133	1199	214.232459258844	0.437779581664482	29.5926340064837	2.01604848830183e-06
306085	3631	317.262676689868	0.102351938584838	32.9390098480057	2.83977592122761e-06
358499	3511	165.391465503102	0.208737102290467	23.379296931845	1.26395695036311e-06
205195	712	184.428988815545	0.759639466054731	34.1051428013984	2.46246205250862e-06
316251	1409	140.311421620445	3.76457340960234	51.123396291696	1.2155371959445e-06
228559	759	233.888772550977	0.391101971768259	32.0986166517012	2.80361376132163e-06
334365	673	232.043411846929	0.237985294040808	34.257999420579	1.90132153461963e-06
256377	918	191.753550289666	1.88668379081481	45.462762072327	2.04913932441064e-06
302736	601	192.983762310071	1.88812365569876	41.7441620642565	1.74648088257078e-06
253917	1828	239.884545777658	0.246280869813875	28.8763406944269	2.58831796861738e-06
386527	799	185.519113956056	0.849880410599763	34.1064312533393	1.3149703515798e-06
215012	36751	208.161097880204	0.170501008187181	26.047687117563	2.65243045855107e-06
243761	1235	217.983321092135	0.274928869135486	27.9215818503769	2.45000052647723e-06
199261	1009	209.783639145128	0.279512392174614	31.0979506023562	2.88440636295121e-06
217505	2357	249.484406249573	0.55297358388898	34.2470701459475	3.14254348742193e-06
189898	547	204.499295108925	0.361519033494407	28.8037731887574	2.95038410828084e-06
180836	873	202.362456386436	1.08684947557443	34.9134177577617	3.06585905864961e-06
213516	864	186.275246578672	2.02359590915653	46.9204705044607	2.39018687738357e-06
245911	1053	149.992429603016	0.855736271388886	31.1610324968542	1.67108491810425e-06
215845	568	180.623587385378	0.728370780737582	28.9704101243826	2.29265974899388e-06
238324	646	255.324188311192	0.202938194336906	28.2156884104008	2.9351568626754e-06
274973	788	175.929714167439	0.830436040137039	34.5895827038852	1.75289652764851e-06
226954	559	249.721215396685	1.31559163894833	43.005844626298	3.01456556577798e-06
242811	1123	139.957766988373	2.36923036833133	42.8637276180704	1.57919508158381e-06
199927	1250	166.681750505054	0.14270836022541	22.9928204325057	2.28414536381196e-06
279501	887	322.259762459636	0.250557436275272	36.0651154669324	3.1588561715111e-06
248517	1451	277.334958366736	0.31165990511415	33.6596263729086	3.05742385327556e-06
270355	658	147.504989872735	1.14608447983202	32.224519756399	1.49478744585934e-06
151507	2872	242.534068629023	0.614367767446669	31.5966050028767	4.38578349748518e-06
180918	1326	266.077907289478	1.93588418406774	50.7453737071763	4.02934239775135e-06
263018	1878	196.454161716384	3.09785966993902	50.0194501954853	2.04636405130024e-06
274948	1232	180.831196195514	0.130694520107771	26.2013096138596	1.80189684879406e-06
292200	1001	300.690582123008	1.16744242081702	48.8981916457069	2.81933543475578e-06
303141	813	149.593641473542	3.98152641842311	50.734436827228	1.35199657281e-06
214606	982	137.000960543079	1.75434045274648	39.2638849108088	1.74899628798029e-06
243997	2279	203.541927562592	0.359866962011108	27.2146452997947	2.2854752993268e-06
211826	840	231.313787835709	0.124529159882078	27.6736737842869	2.99177818128719e-06
190085	515	196.91021252258	3.95404146315458	60.719717294729	2.83809892578814e-06
216878	3913	196.192918336487	1.04862727889449	35.1786503471738	2.47842033197235e-06
205481	675	362.96570982368	2.27739521221326	51.2294337376541	4.83950634003464e-06
263200	1324	173.057309785851	0.580162303316317	28.8342258723387	1.80140431554577e-06
368581	546	224.321364979837	0.853117465622715	36.5536713663156	1.66741932475233e-06
151775	899	184.525899329643	0.447347758132229	26.4605157285038	3.33092017211207e-06
192275	1873	212.27061328206	0.65042848901703	33.0992141751345	3.02464347450495e-06
492585	815	194.471399688461	0.697527503846799	33.5407062644884	1.0816373931623e-06
305331	904	312.044658123639	0.993819931823374	41.3750265474781	2.79996748306465e-06
203207	661	167.46760659592	0.470668356997703	31.0218515790959	2.25787182792309e-06
255455	1442	132.450226122655	0.837178414311623	29.8576764146837	1.42051371804384e-06
474429	2077	211.231323600466	1.95609646226338	43.5449614650954	1.21981572599856e-06
205239	1092	236.46547952578	1.45269717883736	49.0184242581858	3.15656687490074e-06
235525	1765	277.046445350903	0.490959896508192	34.5073267915885	3.2227209728299e-06
207596	1213	290.329348800264	0.295908483892115	33.1335449081661	3.83159055774379e-06
317224	2940	234.201898609494	3.82023417585164	51.9337253212984	2.02270016545496e-06
245580	1152	160.998800323023	1.9881865263331	42.7279274078289	1.79612592077824e-06
217035	590	224.447724775734	0.138015215598625	28.0769270934167	2.83330003620695e-06
211900	560	274.611875469096	0.269852370763864	32.2550261413956	3.55054885632401e-06
290358	754	158.894558578336	0.280484995066045	22.7461470277133	1.4992786758032e-06
290358	754	158.894558578336	0.280484995066045	22.7461470277133	1.4992786758032e-06
222418	603	94.732447604211	0.651400909457528	26.7080013202537	1.16690624113293e-06
170357	1047	150.946449438759	0.559996254731585	30.4582673550865	2.42756045404986e-06
242926	1147	185.509798228873	0.639582707359542	32.4220541599471	2.09218454403752e-06
347180	1609	177.992072638162	0.375571576412011	23.834204679584	1.40460140007246e-06
422138	1778	214.05891171511	0.509562026231911	27.8695306335573	1.38926789775433e-06
222561	1291	168.68632985666	0.365615151773301	27.0710168904118	2.07652880951474e-06
217269	1075	252.882385153195	0.101612501301185	28.165540882106	3.18880490302117e-06
297069	610	211.602907765423	0.407003849692209	29.8676047359516	1.95151292756185e-06
267369	2154	141.612892198366	0.544020886528074	31.0174928710184	1.45110512651379e-06
227325	1552	259.480735002236	0.795334549819735	39.8049701560006	3.12726767092839e-06
494274	1668	209.640133376238	0.509888390422194	28.8710580551158	1.16202051857454e-06
210210	1474	200.690350397866	1.13443762204476	39.3588853330727	2.61565375782555e-06
168748	788	137.273395664976	1.76751615488851	42.0200416926325	2.2287167549988e-06
279450	2127	183.409343231251	0.538395308704028	30.8273754213932	1.79814403763999e-06
278728	1095	214.258394662545	0.541990518556031	32.98701830997	2.10602917699452e-06
248522	820	150.393688888883	0.846203893119091	30.7762762321557	1.65795182641842e-06
400897	996	244.98346434724	1.10990590282166	38.6127936960479	1.67421450785135e-06
242804	1242	117.181611327001	0.812376097267469	31.5716352862668	1.32224143953532e-06
253159	1501	179.965624687303	0.452472641852338	24.4529955595479	1.94761594884089e-06
199983	551	188.741752802825	0.986048935903681	34.3006206640214	2.58572324952861e-06
220386	509	203.003976480597	0.418010206535669	30.8886595776324	2.52364160168537e-06
158918	577	231.805907429272	0.897080804938591	35.8634323822717	3.99630424425437e-06
342464	716	172.707544113951	2.42370401422588	47.8016878871893	1.38166742704883e-06
218773	1179	191.032827444985	1.02537637795598	35.2556614765983	2.39233182082942e-06
262744	1102	185.386540659294	0.518999351215395	32.9977252170042	1.93309202331322e-06
199502	1613	242.260820487068	1.07000357174132	40.717740262932	3.32692542083305e-06
241656	510	163.16730492467	0.817613664491557	32.4673223756128	1.8498763205647e-06
292447	1230	241.391894118866	0.240460811021818	28.0825006197406	2.26142738725369e-06
183695	1864	224.321364979837	0.853117465622715	36.5536713663156	3.34564948494265e-06
298748	865	273.286863806837	0.504827771011803	32.5978485606777	2.50622977799805e-06
298836	546	251.621454054661	0.49485075605875	34.8215111513463	2.30686345261313e-06
243174	2376	262.714649095298	0.216905025948506	31.5210009118052	2.95988124513692e-06
182854	797	110.697379895981	1.16749209733432	31.3809859883389	1.65859370243856e-06
226584	596	165.397302316725	0.395718043405344	29.0816744503028	1.99989096325612e-06
292847	629	209.792376852268	0.482142027541944	27.0160758124092	1.96270965798418e-06
325912	1234	179.238797972492	0.668154052762241	31.2772630644521	1.506741696914e-06
355541	564	316.922939641178	0.473119041802329	36.3972891568797	2.44214317452611e-06
319989	824	220.319042618334	0.720300496589968	33.815629009074	1.886358016659e-06
226172	628	127.556363821348	1.23721840242094	34.3626664382057	1.54514922236838e-06
258046	7701	220.320463445228	0.421386533808342	33.5373174659045	2.33918645539601e-06
202616	623	147.504989872735	1.14608447983202	32.224519756399	1.99452787502123e-06
296351	1030	170.368144716994	2.99467077969073	43.5639555356768	1.5750310959657e-06
315851	1149	182.956411898993	0.946586609190187	35.6084170556644	1.5869838739117e-06
240686	1115	206.711348703547	0.651787556503416	29.6498845798153	2.35299295431184e-06
321363	2011	209.792376852268	0.482142027541944	27.0160758124092	1.78854950698025e-06
178280	995	182.971400556889	0.344058869057705	28.2253671940997	2.81182133932599e-06
280201	1025	214.06841245836	0.135424426996186	27.5107791813998	2.09310031461622e-06
236848	1447	158.589285348107	0.582941843595115	28.6066177383115	1.83447271133613e-06
225633	640	181.644634038988	0.698869011180731	32.6585715587538	2.20560171434881e-06
286847	1857	274.287665272228	0.825141547367621	36.4953293368742	2.61976961774169e-06
288516	970	333.615782931978	0.306176616470929	33.0263800866372	3.16799014144538e-06
214802	899	283.349610048399	0.225321601237169	30.5305250930494	3.61402734379784e-06
250027	1079	156.296457293355	2.76352808731046	43.1489995984083	1.71265292163082e-06
181998	3680	330.047888209464	1.46135032304079	48.4674380268294	4.96841058481395e-06
228655	1747	194.755689849407	0.498810295786068	35.943239663329	2.33354718883964e-06
311141	614	217.631646383042	0.537387216148224	29.2684401302006	1.91633724253935e-06
170935	596	302.636872756365	0.294706736049669	32.7856594075304	4.85062811677378e-06
274009	715	198.041638172379	1.43095438104778	43.4981447318882	1.98015331835545e-06
325997	1305	101.017309522037	1.056078253066	31.2639572463525	8.48964107384945e-07
206910	1756	94.4780045666481	2.18094495473243	32.8976410293681	1.25099728446089e-06
188716	784	141.489684613955	0.842663333135899	33.5609774176828	2.0541076090267e-06
283680	1032	194.617594078005	0.455709399216099	32.20279836605	1.87957870799826e-06
226584	1136	231.313787835709	0.124529159882078	27.6736737842869	2.79691595624289e-06
161041	818	218.750576984211	0.428305011938316	32.1610819020062	3.72151594483275e-06
218603	1435	113.964589945724	1.44493510298352	30.5710103366138	1.42830497877868e-06
211902	653	188.485094032152	0.780653593091126	35.0672544846011	2.43696386960155e-06
220072	1747	157.406132881467	0.356520610584333	28.6115119725704	1.95958449565282e-06
273951	944	263.623603958914	0.252838103227799	31.6882055402496	2.63644392319248e-06
274968	2253	188.771781056091	1.14520666489426	40.8864177991054	1.88088418215032e-06
248554	956	162.518431002156	3.8753461914999	49.1725864298232	1.79138527381725e-06
187458	680	147.504989872735	1.14608447983202	32.224519756399	2.15580695369257e-06
215911	576	142.547454169304	0.131896480981847	23.3979676956332	1.80880534260348e-06
230917	535	198.872699721854	0.883444567688318	35.2947188477233	2.35953486129962e-06
245398	738	161.083141983991	0.97752197274105	29.0874702720904	1.7983996473829e-06
251975	2892	177.992072638162	0.375571576412011	23.834204679584	1.93530911430561e-06
162113	909	157.449219482379	0.480021963239847	28.2078771159863	2.66090766693145e-06
325801	1589	220.269446141403	1.11527311129617	37.1761957363719	1.8522900010558e-06
256921	1347	171.65877735573	1.70841224204084	36.1420301648172	1.83051607362841e-06
269531	682	160.15558595488	1.13277008306075	32.5838611164878	1.62794790682201e-06
141645	767	137.553266638145	0.893821657608493	31.3103763220666	2.66058289923429e-06
250233	4075	231.805907429272	0.897080804938591	35.8634323822717	2.53797332041904e-06
232796	528	164.398278417335	3.37965703780337	47.1892392310601	1.93476796095841e-06
195099	530	141.429576309229	0.648290561063136	30.2291416011874	1.98605985298829e-06
228969	816	172.775529059612	0.971296644801425	32.956166243504	2.06734367474178e-06
274654	911	202.781409749262	0.132702653946211	24.692548518482	2.02278323331305e-06
224486	603	205.563427893276	1.05724281852775	35.3844962324033	2.50878662224018e-06
243575	1081	182.971400556889	0.344058869057705	28.2253671940997	2.05805812737366e-06
367734	3688	186.837392789853	0.580901972953663	28.3523696599305	1.39199331015736e-06
190617	3303	388.922629804973	0.686110907766852	43.4170409742336	5.58996024237331e-06
139491	823	190.500782351138	2.38369525695476	47.0436023586932	3.74160305429708e-06
208943	1146	200.484459989445	3.54145916709778	63.6394096452525	2.6288150027604e-06
192483	806	185.274383670191	0.430349143333549	30.3689356356983	2.63712146605782e-06
338808	737	219.449838237231	0.121403247648619	28.5081676324218	1.77455205758619e-06
152478	519	351.077783374002	1.07761312468402	42.0016769576273	6.30816865876186e-06
308670	1388	187.168004982259	0.141638976699722	28.2688758412318	1.66128569263587e-06
242172	758	315.392715870554	0.163364866142024	33.6202628073249	3.56808232381145e-06
244898	729	218.750576984211	0.428305011938316	32.1610819020062	2.44720924332502e-06
189496	726	135.027522844165	0.548977034957874	29.5532361992548	1.95222283716351e-06
204784	2935	235.732351552635	0.100440844379364	27.3368273217266	3.15377206738962e-06
192197	1296	365.724328278831	0.787741441823079	40.2921888054663	5.21331998438005e-06
322101	824	254.208464200345	0.822272888243115	41.9365096316259	2.16224583517086e-06
220874	1546	226.593998054519	1.65901586991931	43.3860625244388	2.81067701097445e-06
229791	735	219.449838237231	0.121403247648619	28.5081676324218	2.61643159882963e-06
235921	757	228.450325260901	0.566089104310067	32.3960357026297	2.6529698589132e-06
355541	564	316.922939641178	0.473119041802329	36.3972891568797	2.44214317452611e-06
249246	1017	175.809510267197	3.83769671322686	52.8816431780077	1.93250800872634e-06
225640	1150	133.999730544507	0.560679426734842	27.5387948082727	1.62702778513121e-06
276446	1208	208.614874153554	0.345755341034158	28.7999775801869	2.06748370539164e-06
357463	755	181.874312714838	0.484398898059264	29.1418245368839	1.39395066974716e-06
244239	912	125.07571293007	1.62084671825645	34.3335940839731	1.40302403019084e-06
338386	3621	242.874822618211	0.87435047621184	37.9131474167172	1.96642435835586e-06
288295	966	139.64238244271	0.725989710613333	27.7079378349189	1.32704996516088e-06
154127	1057	347.161034267887	1.20838725294022	45.6558374528562	6.17105452829084e-06
248908	979	164.115409966755	1.29935291098844	37.9025394298232	1.80641546347602e-06
242656	564	141.318468251664	0.632360884570681	21.0526276663669	1.59556691621471e-06
310373	1136	149.593641473542	3.98152641842311	50.734436827228	1.32049370621219e-06
249217	1101	159.389963387837	0.699095419863804	32.837262889808	1.75222730070402e-06
351803	1184	277.521810330119	3.11191751524868	59.3994639460043	2.1612485593694e-06
171702	1627	217.631646383042	0.537387216148224	29.2684401302006	3.47259254977191e-06
176556	2219	234.41328189922	1.31788310214311	42.0444893855691	3.63753239531313e-06
230456	1385	241.737360342532	0.325088238855816	33.2623059428941	2.87384202591707e-06
334097	698	246.067175592271	0.393827316843227	30.5960900441405	2.01784704878606e-06
223637	1439	165.477904593524	3.03078766148589	44.4812383292756	2.02723217613382e-06
190318	986	188.07309465085	0.471753197498818	29.1678881332076	2.70740945400899e-06
273807	563	156.893023996155	1.14545782538807	40.3282819579194	1.56987915341583e-06
180436	1364	232.802221287529	0.62249158512329	32.8156938123251	3.53485061128234e-06
230934	690	198.37802207038	0.641733710424258	30.026966065925	2.35349247113811e-06
223616	746	171.358031435449	0.929078274095528	29.2255835835899	2.09946541717613e-06
280149	965	168.036837186253	0.717829127351999	26.4460236122436	1.64332157673486e-06
222255	713	293.852743260674	2.09618903807969	45.5783837375338	3.62230774980699e-06
256359	967	220.269446141403	1.11527311129617	37.1761957363719	2.35403451657239e-06
210881	1674	125.353277410762	0.286693531436287	22.9071785186071	1.62856604787446e-06
221040	2191	165.719307781472	0.920022082744779	30.4320761356912	2.05404225828428e-06
198102	674	187.138736565252	0.514339628365719	34.7634396135262	2.58810545730008e-06
262581	731	201.622666008803	0.579123848967045	31.1442899476718	2.10369701454996e-06
222183	598	188.712264365338	0.446871937504745	23.4376483223494	2.3270002762173e-06
200752	743	206.711348703547	0.651787556503416	29.6498845798153	2.8210551436673e-06
163666	514	224.56623445389	0.837246910510679	36.8440407408196	3.75918002155559e-06
326094	1202	195.584052980823	1.00075082597212	40.9111718101279	1.64322778246581e-06
391022	3816	222.523187696397	0.418549435759878	29.9910958259965	1.55912600577774e-06
290211	2015	230.51822709881	0.100697659760777	25.6999765382802	2.17619865054075e-06
179059	919	185.509798228873	0.639582707359542	32.4220541599471	2.83842768330471e-06
243680	1900	189.285740438843	0.810436720540332	34.2939215749107	2.12816427156706e-06
230341	1112	207.723401838597	2.0076067403737	40.9869691362768	2.47070738824918e-06
227315	3453	137.349773444103	0.942851186502022	29.9186549582596	1.65541538905011e-06
188220	880	147.761574615697	0.399339603888795	29.8250787428346	2.15081411021054e-06
264227	933	213.737877056042	1.10107134921315	35.414106567082	2.21621266869424e-06
426534	523	135.027522844165	0.548977034957874	29.5532361992548	8.67312849036975e-07
207010	590	94.4780045666481	2.18094495473243	32.8976410293681	1.25039296714073e-06
213764	1169	166.371813138674	0.946536075510044	33.6263039597541	2.13231969218998e-06
230727	630	226.197624512962	0.297864504711724	29.1699846192492	2.68594277745385e-06
320453	1129	166.122507102868	0.913082802558144	32.2763146069353	1.42027116752289e-06
246443	574	208.161097880204	0.170501008187181	26.047687117563	2.31414313960625e-06
208953	1248	228.450325260901	0.566089104310067	32.3960357026297	2.99536882497337e-06
224641	2293	196.232731689208	0.602850735774663	31.3478815143644	2.39325823173947e-06
237031	1172	191.032827444985	1.02537637795598	35.2556614765983	2.20805552623208e-06
342976	1015	241.963516713611	0.463978361850198	31.922538506997	1.93282837405781e-06
301703	1913	183.657591891823	1.79429664533988	39.440073201028	1.66777090262653e-06
209503	2300	178.081618945614	1.21491635994804	40.4357044043711	2.32882033396343e-06
218315	1279	184.054713456123	0.786274664718698	32.1300604103126	2.30977939638085e-06
334511	1184	200.841252551221	0.943827158340121	38.8732044615484	1.64493845341303e-06
220086	1841	265.718461515084	0.257734433205531	31.2052195591635	3.30777870910841e-06
220988	807	182.756708023348	0.666055294035232	27.5513695160217	2.26574886262154e-06
329903	2495	160.061781013637	0.524131034268609	29.5879612038838	1.32925565222087e-06
246393	715	227.124056253742	0.766447165549258	37.2704362777304	2.52546820878197e-06
285808	734	232.936142250653	0.816809049434321	36.2005144397037	2.23290184895323e-06
266552	1095	175.204319020155	1.04659460567529	35.3031710740342	1.80081872554673e-06
292553	1213	238.344605969884	3.37806576054443	57.8519084187974	2.23207049821891e-06
334243	1176	215.194119106501	0.285768193247267	28.3105310073924	1.7639050901856e-06
255227	1210	198.687552458162	0.867101436267021	34.5027591115198	2.13280514518246e-06
198612	681	189.122850641692	3.36960672201898	45.5436868299445	2.60882925643268e-06
273765	1058	177.051115893994	0.673576791477387	32.4689233590554	1.7718537811426e-06
257561	933	140.311421620445	3.76457340960234	51.123396291696	1.49251965070272e-06
286447	2174	285.48374073146	0.693289497235107	36.050137636809	2.73051292169481e-06
269097	1581	215.695703435552	1.24955239665147	40.2030283391641	2.19603760985868e-06
268154	1108	217.983321092135	0.274928869135486	27.9215818503769	2.22713283536556e-06
222255	713	293.852743260674	2.09618903807969	45.5783837375338	3.62230774980699e-06
256359	967	220.269446141403	1.11527311129617	37.1761957363719	2.35403451657239e-06
231154	667	190.290858868545	0.214626077607254	26.3978944624743	2.25540037731526e-06
178605	1888	145.696103041102	0.704645021372412	28.2267244218191	2.23491730686185e-06
233830	888	214.066633868933	0.7043092751311	34.3801298498902	2.50816374463514e-06
256333	529	170.546299571329	0.550088651291978	27.6647496530014	1.82282474676245e-06
240001	529	157.459874634534	0.50301676001744	32.469308679163	1.79747966386366e-06
211902	1341	197.622133596876	1.90295745448212	44.9839767274731	2.55509859748912e-06
265436	1326	225.290187212347	1.49799966130578	35.7165805087546	2.32535673240581e-06
302628	2049	242.092555778348	2.06705374676768	40.8529617467956	2.19169170104902e-06
214609	868	215.559586429487	0.455711191031351	35.8424502242622	2.75186133571218e-06
231555	907	177.051115893994	0.673576791477387	32.4689233590554	2.09484377532122e-06
213982	1339	239.884545777658	0.246280869813875	28.8763406944269	3.07137017897496e-06
194641	1185	232.919313134712	0.700372376896467	36.1799510243103	3.2785235612161e-06
207389	1039	156.610153214663	0.504950985529186	23.9619209917783	2.06890873149919e-06
297587	691	278.253394346917	0.365283349894263	32.5295297884896	2.56173175140003e-06
326566	1569	173.295175371707	1.52617997012374	37.2533812982567	1.45386017646736e-06
314526	739	227.377156528444	1.05765143800008	41.562664057684	1.98060291923898e-06
187653	971	259.509210933968	0.343101539991806	33.8856413515358	3.78882373074301e-06
238544	700	142.033244989068	0.30977883529903	27.8743369082256	1.63128051031357e-06
192301	2671	245.600294098085	0.97526008734468	38.5584185389561	3.49908486215332e-06
213839	2139	113.253112566672	0.14692426929834	22.7368361808417	1.45100987276719e-06
200928	795	282.955167830123	2.34583174255232	49.3884416680859	3.85819615927471e-06
304214	7338	226.155395018927	0.251061394379272	30.075646232367	2.0367367115572e-06
235525	940	182.764047941941	0.283850273034218	27.4078749285033	2.1259884047087e-06
208320	821	155.307112090646	0.802249054526932	31.9262996256015	2.04252562036601e-06
225866	1814	236.833238064893	1.72507617371226	45.8296983088136	2.87275723871304e-06
265548	716	260.430486982419	0.230492499145313	29.3058155255105	2.68692734840208e-06
248789	1427	174.622266176617	0.652030599419552	33.1055012749696	1.92298360300162e-06
312855	834	184.269614828439	0.823682680784477	36.5090824626702	1.61368128942783e-06
180741	815	238.604376720383	0.114782080391796	23.8643708131425	3.61683636336932e-06
143932	566	179.445328470798	3.3318799418934	50.5770535090381	3.41571740062179e-06
342849	1565	227.205100403702	1.7967676649493	42.9729257611249	1.81560899151939e-06
297889	832	218.956376980236	1.46420056391027	44.2726211588524	2.01377185756224e-06
179254	555	277.453098653743	0.758870155244825	43.6289651695613	4.2406053742939e-06
200830	842	197.024809364676	0.283470416511779	26.1619191139077	2.68781555673648e-06
297952	1177	138.109986685329	0.741271420414646	24.606760338149	1.26994792840889e-06
374113	1290	241.391894118866	0.240460811021818	28.0825006197406	1.76777512441476e-06
259799	1585	216.551972159598	0.276036491887481	30.0125283328767	2.28366188634236e-06
249646	7557	179.965624687303	0.452472641852338	24.4529955595479	1.97502265605141e-06
196533	748	158.612370660044	0.930367948942685	34.8797234624318	2.21110164788867e-06
294815	795	154.452023089813	0.333938811190595	25.527945771678	1.43532801127257e-06
193052	745	216.419545671455	1.07323919730563	36.7340426283322	3.07135000991223e-06
266850	1632	175.765051361719	0.977321833300569	38.9443538253935	1.8045646839892e-06
282717	993	125.806949632908	1.35955377419734	32.3455914200321	1.21915758280094e-06
192413	508	325.796986029915	1.46233968103837	48.7554056678657	4.63895101824585e-06
293151	2251	180.831196195514	0.130694520107771	26.2013096138596	1.69000936303212e-06
257535	911	230.51822709881	0.100697659760777	25.6999765382802	2.45231439055694e-06
215821	10288	203.003976480597	0.418010206535669	30.8886595776324	2.57702113338847e-06
437773	1584	176.846524238814	0.435630423453307	30.1707667481566	1.10676315193449e-06
224273	1981	176.438968224885	0.572185376141303	31.0487770015069	2.15538398957001e-06
260481	1599	243.375495910629	2.11349659924189	45.386002365571	2.55981119765766e-06
225130	764	177.342467396791	0.366970328675938	22.873733794861	2.15817427126477e-06
252779	1833	108.949494275039	0.753606561802162	26.2598058217816	1.18084083383941e-06
308799	1278	225.62108722012	0.420549368579901	28.2409821739406	2.00175507364541e-06
325362	736	251.534170719541	1.09688581558069	29.8616667749807	2.11805531776948e-06
203590	736	220.19655262168	1.43015812337288	40.4987304996111	2.96320166197145e-06
308456	1253	184.856363141223	0.259788432700652	21.5474288545585	1.64190610468919e-06
218603	982	210.284008762583	0.918085766272397	31.462079878242	2.63546507574133e-06
187954	1171	95.8106508715128	0.49226604717427	26.4719264149692	1.39659136753969e-06
315841	3297	473.93323202661	0.683972925883501	41.1352565157817	4.11107871059112e-06
276932	2394	214.874756531558	0.349620956133912	28.8973747928971	2.12578525811448e-06
226335	2259	205.857794371789	0.970551065479921	38.2229439914333	2.49185480452861e-06
142873	811	202.283832420195	1.01018625438969	37.3209851456175	3.87898539684387e-06
320237	789	175.973239047269	1.25165894736649	37.1339288733513	1.50550518254668e-06
253019	944	257.974987430586	1.59050816456724	42.9693578758093	2.79339017022855e-06
373828	692	196.245381388595	0.886091294392399	32.7175846673023	1.43825122555516e-06
326498	735	132.268817058142	1.28433737230013	35.498829264128	1.10990058348669e-06
251544	596	283.918867320245	0.760170139519715	39.4881152923296	3.09234134173912e-06
251849	1659	147.357097254281	0.251537086872157	26.431117761327	1.6030163894606e-06
249366	2713	191.831318050059	1.22312754656058	36.0893933951238	2.10760590831015e-06
208167	1037	276.025744202521	0.364093886136672	35.6537654190114	3.63282804490311e-06
259665	991	213.737877056042	1.10107134921315	35.414106567082	2.25514884490044e-06
326566	1569	173.295175371707	1.52617997012374	37.2533812982567	1.45386017646736e-06
168348	835	202.362456386436	1.08684947557443	34.9134177577617	3.2932834885473e-06
443125	2569	185.509798228873	0.639582707359542	32.4220541599471	1.14695858402225e-06
211213	1960	262.768672597857	1.06342993715252	42.9075488728521	3.4084747222045e-06
191408	965	183.743723418621	1.73440364893686	35.9789564688815	2.63002309945707e-06
301832	662	271.057503558933	1.24453852622665	47.6101797756784	2.46038623281075e-06
209074	543	227.205100403702	1.7967676649493	42.9729257611249	2.97731773024589e-06
260546	805	180.353476066486	3.7074253877563	57.7149938250648	1.89647552643649e-06
227856	1173	145.458910766161	3.99219829826515	43.131721325113	1.74898867593088e-06
234174	1746	210.037275677233	0.556534036571829	31.9465580072593	2.45733766727531e-06
284280	2954	278.253394346917	0.365283349894263	32.5295297884896	2.68164509182455e-06
226172	628	127.556363821348	1.23721840242094	34.3626664382057	1.54514922236838e-06
299604	573	115.769159365035	0.681644108365273	31.8219880623489	1.05865001496071e-06
294776	2673	148.81308457826	1.22021751686993	35.913501016381	1.38310812629362e-06
212502	897	149.430228470803	1.83353065679773	34.9993230482448	1.92656015576972e-06
213146	1335	188.599416300099	3.94827869432357	54.9483383600845	2.42421030462365e-06
205419	554	221.580153864272	0.448734987426778	31.4573280834058	2.95527149239669e-06
301639	2411	160.699198420742	3.99762219652133	52.5824628249686	1.4595983161832e-06
248908	639	199.232216250074	1.53526508848548	43.9422166580651	2.19294553954219e-06
213370	912	290.329348800264	0.295908483892115	33.1335449081661	3.72790398568393e-06
268894	1338	281.323978970977	0.174665998776231	30.0651676933791	2.86637346804966e-06
221418	1848	170.373016193518	0.483398060128575	30.7417016919887	2.10811852167193e-06
211055	774	169.984204409974	1.50630264895492	36.6542644852155	2.20658192920529e-06
287533	892	204.051161698741	0.294715105916315	29.6913951315304	1.94427866932383e-06
183366	522	135.54493200346	1.27891771033818	33.1294084081195	2.02521720543433e-06
272679	1797	232.843830721289	1.55405994111912	42.0655443340229	2.33948453436457e-06
187532	825	247.331674695793	0.707312292567756	38.5403580280807	3.61336212787053e-06
301521	1284	166.777852504122	0.384558723887723	26.9238054764015	1.51540232122792e-06
190617	511	194.244999590082	1.07161635092306	33.7822122913578	2.79187103494818e-06
191833	1279	207.723401838597	2.0076067403737	40.9869691362768	2.96667002297156e-06
300584	714	184.054713456123	0.786274664718698	32.1300604103126	1.67759923655579e-06
180918	1326	266.077907289478	1.93588418406774	50.7453737071763	4.02934239775135e-06
281450	1297	156.305751228135	1.10013707100942	32.6999470956647	1.52153112407747e-06
292200	1001	300.690582123008	1.16744242081702	48.8981916457069	2.81933543475578e-06
212807	972	141.270278779805	0.909003914020099	31.8322912952608	1.81874590436733e-06
177187	828	225.62108722012	0.420549368579901	28.2409821739406	3.488630458141e-06
158034	1946	264.881764496783	0.327628466427405	32.4116749525295	4.59207173377088e-06
235481	2335	159.361401332348	0.96648203945653	31.3041924105007	1.85410533755477e-06
241266	1805	124.949333936633	0.881133115128218	30.7597596760402	1.41887767978971e-06
224028	1273	179.260794337167	3.88531757492148	53.5571175462439	2.19225036128271e-06
259786	867	285.325803935987	0.43162655752479	35.1264714460629	3.00907104821457e-06
253019	1216	234.996680243255	0.519934761199662	34.4476796212474	2.54457776378216e-06
183134	823	185.705454030338	1.87865126704297	46.6015259451762	2.77819556082728e-06
185395	860	207.981402592206	0.737550727638075	33.7106216561525	3.07350285550557e-06
222553	723	129.844048283522	0.499536804325492	26.2327317743287	1.59843775902815e-06
218773	1649	252.316963733069	1.93904263352191	42.9760808060809	3.15980195313562e-06
315148	825	236.719154601432	0.116449127460363	29.3428568957611	2.05790812267576e-06
331314	1057	290.890914798677	0.340792125801194	36.7493680452538	2.40545648661793e-06
249925	2498	211.602907765423	0.407003849692209	29.8676047359516	2.31963186507101e-06
257951	578	193.687281851937	0.355908263866218	29.7838322167682	2.0571739875619e-06
241161	1103	220.363321616069	0.624600207161933	35.0886414592314	2.50345258028975e-06
266536	876	251.534170719541	1.09688581558069	29.8616667749807	2.5855220844468e-06
305409	1129	275.529693156529	0.104088194801086	28.9172526561332	2.4716883643302e-06
267342	6986	217.880030465647	0.218639657989328	30.9576446497721	2.2328387994286e-06
286026	1014	157.736185509646	1.02705742567601	35.5176728459778	1.51089038375232e-06
209123	907	278.308210425197	0.396006142168713	30.3328451187903	3.64612332330861e-06
290795	1098	204.527278511397	0.168855262437663	27.7094561339615	1.92695441204423e-06
202301	815	228.513443000035	0.205328080320343	29.3361736605086	3.09471642452265e-06
261371	3927	171.65877735573	1.70841224204084	36.1420301648172	1.79935042584175e-06
189813	1054	141.347279458054	2.12068409601094	35.5422360346327	2.04018070644806e-06
291301	687	150.147740594492	0.589990640103808	29.5758409357255	1.41216018091809e-06
301010	1124	202.362456386436	1.08684947557443	34.9134177577617	1.84185804036398e-06
268894	677	167.064865535377	0.480756346724618	31.4439013789566	1.70220220745311e-06
187791	722	199.345537697932	0.414309501155914	27.4060507200754	2.90829783150697e-06
184133	502	268.670697590728	0.465242905870074	34.4447646100592	3.9975675353592e-06
469331	2817	217.417855131927	0.694613336154606	32.7950753589773	1.2691796547124e-06
348474	792	174.767677581521	0.290267254172322	27.1710258152819	1.3740352365395e-06
282020	974	213.899924706188	0.163785509687343	26.7289481238553	2.07796323301843e-06
298553	950	237.921124785348	1.24020670091369	38.3617561776006	2.18332657197231e-06
269614	3147	146.351362486113	2.68231813725228	44.7690034735846	1.48717290996853e-06
260366	1298	275.276039877435	0.444119399049877	36.1083706826515	2.89661834176142e-06
225440	683	313.338617361635	0.406026703774056	35.432979481601	3.80793987479747e-06
285184	1392	101.017309522037	1.056078253066	31.2639572463525	9.7046030673239e-07
242875	519	138.109986685329	0.741271420414646	24.606760338149	1.55793525544121e-06
222960	1183	214.258394662545	0.541990518556031	32.98701830997	2.63280095284055e-06
307395	1826	127.212562757771	1.599950041528	34.6055486391876	1.13381014394955e-06
242656	564	141.318468251664	0.632360884570681	21.0526276663669	1.59556691621471e-06
228463	6003	192.529526727358	0.192648586745004	28.8981225118409	2.30881217272565e-06
214558	12894	223.49192982332	0.891168075448292	40.2520212038291	2.85380483156159e-06
205169	686	198.687552458162	0.867101436267021	34.5027591115198	2.65317596122945e-06
424185	526	139.133430005794	1.175863857735	33.3280744623252	8.98634981123634e-07
282684	1444	274.722071293427	0.251598998832837	31.0985403307575	2.66256034661703e-06
303240	3411	227.205100403702	1.7967676649493	42.9729257611249	2.05276258782954e-06
271442	2288	151.902996786042	1.73412083598812	30.6995147618697	1.53319159870013e-06
239764	1073	172.094328940194	2.25046751574752	42.0640584192961	1.96648084017999e-06
384240	1718	86.1561811084095	0.970431832023444	30.5655194358226	6.14314833967993e-07
331342	1752	214.962155943098	1.80482686086529	43.2822809508874	1.77743061109891e-06
202186	1778	118.482212497246	1.24241655497173	31.1179302326953	1.60549593622861e-06
188579	1012	201.622666008803	0.579123848967045	31.1442899476718	2.92922788739755e-06
298553	1334	172.287273072325	1.1248034074737	40.0122325726892	1.58102556740528e-06
365081	1742	206.909665753732	0.882808706741669	31.5829939769539	1.5527397935953e-06
336435	2741	273.6331613865	0.11309971014247	30.4530822947221	2.22830530179556e-06
206709	679	203.432356028001	0.50729211839114	31.9793044647548	2.69629730986392e-06
243144	1226	329.827858287153	0.558644670108271	36.61269158404	3.71647241104041e-06
199571	2646	283.064730876663	0.603212569536644	33.2166560023514	3.88593438235512e-06
222866	788	208.26878577069	0.410918704502461	30.1887898673182	2.56028022699911e-06
225598	1328	214.888323524781	3.75486756371857	53.8233097809533	2.60966468206547e-06
328190	1147	293.365598866021	0.422152791481073	39.1606553234942	2.44901236099888e-06
374277	1031	179.287520358371	1.20858392616083	34.5718226591635	1.31239345702072e-06
274166	2044	310.983791309141	0.43787607903126	36.3985064296238	3.10764422703155e-06
287227	646	226.325476732367	0.947799427910118	37.7119802547093	2.15881445430534e-06
267613	914	204.499295108925	0.361519033494407	28.8037731887574	2.09359052585007e-06
247695	2199	152.48439677007	0.917489906597101	30.403550662037	1.68661244919329e-06
236519	2505	309.399204902113	0.915485136135289	49.1765543499368	3.58393640479766e-06
246388	1527	139.905948856474	1.39926431771649	36.3460547163318	1.55569252345809e-06
304214	7338	226.155395018927	0.251061394379272	30.075646232367	2.0367367115572e-06
235525	940	182.764047941941	0.283850273034218	27.4078749285033	2.1259884047087e-06
259034	711	171.540137053855	1.02032018683662	37.6635873783037	1.81432930900862e-06
324250	681	213.196858181452	1.35499954268774	36.0196198158136	1.80139084446892e-06
499263	1106	256.136140576922	0.116104844993722	28.1319588600849	1.40555749353683e-06
230502	767	164.92684324848	0.136533388069249	23.3546606150446	1.96030561584858e-06
189025	819	141.429576309229	0.648290561063136	30.2291416011874	2.04987854124143e-06
271292	790	217.795489766537	0.994367370503157	37.8312519293979	2.19947500096986e-06
203255	717	191.775266917091	0.90713077398734	38.566357331323	2.58498777488284e-06
223006	1721	166.329696231082	1.05176411984309	35.7806768302798	2.04343290267246e-06
279851	936	221.462982219526	0.140527084044644	29.7356847768914	2.16811051771068e-06
292387	11084	200.924701929826	0.677992623904905	25.6523635489333	1.88270557659602e-06
224346	5146	236.145843616247	0.319187197638099	28.6411900557048	2.88382638432205e-06
283705	650	132.334376700291	0.936245824491605	28.1979445247856	1.27794693842259e-06
298121	1192	206.176348471348	0.474386528014368	31.1402541416482	1.89475651879834e-06
215579	945	315.763580981952	0.605271290674101	37.8624428597597	4.01294050589536e-06
182507	1199	132.334376700291	0.936245824491605	28.1979445247856	1.98655359063039e-06
344559	746	153.530285692092	0.921745851650911	35.9851798148262	1.22078053309988e-06
220988	1260	285.157942268588	1.44591391566562	46.4874766661448	3.53528081322197e-06
212847	5533	153.835846413787	1.00439725408855	32.5201839581364	1.98014570262461e-06
344632	980	255.324188311192	0.202938194336906	28.2156884104008	2.02975441671189e-06
229813	2410	181.931259563391	0.707704113171527	32.0063931513986	2.16890170278874e-06
249496	2551	255.322173618427	0.505531924810187	35.9192651986209	2.80370348395985e-06
252237	948	217.795489766537	0.994367370503157	37.8312519293979	2.36563221082995e-06
153306	691	254.145032404173	0.733428793683228	43.1852789223187	4.54181675871416e-06
224245	1654	271.057503558933	1.24453852622665	47.6101797756784	3.31166044915933e-06
254476	533	162.741557746344	0.432674011840404	27.5965374002256	1.75209953589664e-06
239488	518	250.596589322008	0.402771360410848	35.8677743530645	2.86680751495894e-06
180062	956	207.641476597844	0.237476288013901	24.1246705639076	3.15936043030907e-06
213412	1709	218.478060782249	1.07521907164184	35.0007370906897	2.80476275720394e-06
226937	1796	183.409343231251	0.538395308704028	30.8273754213932	2.21423281050907e-06
282342	1469	198.395068966732	1.20860076200822	39.449933337438	1.92514090767732e-06
329869	1459	134.76900629123	1.18155322344417	31.9515040813671	1.11932359276727e-06
229725	607	188.771781056091	1.14520666489426	40.8864177991054	2.25131336074659e-06
193638	1030	198.758735507615	0.741856262703609	33.8557718600244	2.81217777937585e-06
213654	605	261.770729201865	0.254809519914895	32.2735889367252	3.35673603117709e-06
231308	1015	192.231438746351	0.676703967035919	31.457334295753	2.27688396431338e-06
290624	776	168.581516434397	0.160749610139318	24.2059965019376	1.58922583239311e-06
214748	1068	281.58424403391	1.63167141826527	45.6956648509658	3.59241381658821e-06
222692	3826	213.347247268229	0.21077990395084	31.3916367287932	2.62475978577733e-06
230571	3514	130.121729940657	0.541735913642959	28.877765980065	1.54615233593286e-06
250139	6294	200.961402166194	0.56274910845374	26.7672412598799	2.20109292839969e-06
233156	723	213.737877056042	1.10107134921315	35.414106567082	2.51155117093737e-06
270339	1876	285.574715622342	0.311897531889793	35.1053427358199	2.89413100276727e-06
222112	2141	156.158458047721	2.87516278844942	45.5593018382569	1.92619665714398e-06
221804	1180	182.756708023348	0.666055294035232	27.5513695160217	2.25741334535449e-06
255197	989	255.683141222174	0.201131330003733	32.4581821560423	2.7449451081834e-06
238071	1963	180.831196195514	0.130694520107771	26.2013096138596	2.08100917281916e-06
320229	1464	274.408854914277	0.172851433765282	28.8507623787405	2.34771080057372e-06
221060	699	286.415598371115	2.04933294084371	58.7652988951724	3.54971622867052e-06
198437	1370	251.559172922801	0.536365374175152	34.7886250661179	3.47315880348486e-06
253695	981	182.56413909121	0.409319152923851	28.8839286598094	1.9715631901991e-06
247695	569	204.115706169496	1.05766302569417	36.8210495222883	2.25770044931525e-06
262032	803	212.455479415848	1.43363028790109	41.3518003333908	2.22136917101255e-06
228537	550	135.35250953395	1.50712796278997	33.0194418997073	1.62262037763556e-06
208640	929	111.175751887656	0.813981764640332	31.5656302533218	1.45988832947695e-06
306640	1708	152.132869295826	3.99702953518879	47.1298419763021	1.35925639718367e-06
265302	706	231.805907429272	0.897080804938591	35.8634323822717	2.39381790521148e-06
213982	1339	239.884545777658	0.246280869813875	28.8763406944269	3.07137017897496e-06
194641	1185	232.919313134712	0.700372376896467	36.1799510243103	3.2785235612161e-06
207389	1039	156.610153214663	0.504950985529186	23.9619209917783	2.06890873149919e-06
179784	1364	169.656137247981	1.00435670966329	34.2075682138489	2.58538765922427e-06
301779	3297	244.51944197251	0.745317771582288	31.5789358769105	2.21989031502106e-06
246567	648	210.154889106361	0.522303106428483	38.8816586261433	2.3351333287483e-06
170236	748	230.797235254398	1.07041890001645	38.5991417519353	3.71437999293805e-06
181137	4366	226.593998054519	1.65901586991931	43.3860625244388	3.42727037613502e-06
225513	1743	319.534150787965	1.46301125008466	43.7270867857713	3.88197589299095e-06
245140	6813	209.153779784662	1.16217562949185	38.9951347778578	2.33753795465674e-06
314808	980	229.139572371283	1.26620471634332	43.5361439115929	1.99416676301835e-06
249717	1440	179.164444186032	3.98018338611001	59.4777719767269	1.96567110337156e-06
269097	1581	215.695703435552	1.24955239665147	40.2030283391641	2.19603760985868e-06
179072	39944	188.090556470957	0.660558779513029	30.5301276748621	2.8777061353596e-06
157811	654	302.636872756365	0.294706736049669	32.7856594075304	5.25401979038677e-06
266522	812	134.711278297614	1.11520602108001	34.3393822925564	1.38477122089707e-06
250800	2350	259.655551111822	0.650088332091063	35.9964644712211	2.83646360262854e-06
237067	1093	142.441389931784	3.35911722532009	47.2957038067402	1.64616071985873e-06
209123	1249	274.722071293427	0.251598998832837	31.0985403307575	3.59914121843646e-06
199262	563	236.563857608877	0.945554496014835	36.9583640929885	3.25260289384097e-06
179784	1873	219.449838237231	0.121403247648619	28.5081676324218	3.34419321812097e-06
248730	1655	180.693323302691	1.61566716499231	37.5920367559092	1.99031158617493e-06
184970	725	186.886253034283	1.11899193218922	37.8719057611452	2.7681090533642e-06
306875	1401	214.06841245836	0.135424426996186	27.5107791813998	1.91116513647505e-06
247043	2748	225.459184767069	1.56810759757539	40.4509488860323	2.50035984270798e-06
193758	1146	218.87917638133	0.280555924851229	29.5493452399987	3.09493789359513e-06
204784	2935	235.732351552635	0.100440844379364	27.3368273217266	3.15377206738962e-06
351265	1900	204.115706169496	1.05766302569417	36.8210495222883	1.59202059070257e-06
328286	1015	121.035252135981	1.7041991219096	28.8741044258681	1.01010530607317e-06
192569	534	305.765133016912	0.436865323360722	34.8680781433613	4.35019495971324e-06
330112	1663	248.078759628179	0.271496986345966	31.7232499559261	2.05890072035476e-06
262149	816	152.994568582965	1.43469947924955	35.1280965766479	1.59895022142814e-06
186977	3223	124.472959085912	2.36458875770853	38.6340179170939	1.82387034616465e-06
235550	1277	172.571880261216	1.63415724602721	43.9132625686361	2.00721575864376e-06
192929	902	261.770729201865	0.254809519914895	32.2735889367252	3.7173264776426e-06
159945	3470	220.264309975023	0.684048768881932	34.8889766826703	3.77294609362761e-06
394203	2278	200.961402166194	0.56274910845374	26.7672412598799	1.39668948236561e-06
213417	1015	264.121261844747	0.508572210608447	34.527044063209	3.39063849395812e-06
273872	1895	215.194119106501	0.285768193247267	28.3105310073924	2.15273167413575e-06
226217	610	161.048064034711	0.486572796597825	28.4398298300867	1.95046160411392e-06
209074	1628	215.083187450833	1.11296907066362	35.145208100898	2.8184710041163e-06
234529	998	265.14688497544	1.38051352932417	48.3727187120368	3.09739870911708e-06
237031	1172	191.032827444985	1.02537637795598	35.2556614765983	2.20805552623208e-06
166420	2328	196.505580060919	0.361377179081008	31.5947865769957	3.23501653780613e-06
311364	925	159.356988714279	0.56470466486924	30.4053862203394	1.40219964295218e-06
183345	847	213.411136181587	1.24397406595012	37.0897674111207	3.18900457788931e-06
292311	793	159.555160765499	1.90694170780666	40.9343314989802	1.4954532219273e-06
303153	1832	304.144509776097	0.389870332345725	38.6270432883669	2.74868673416906e-06
231228	1609	173.463685842309	1.78555004381607	38.5176889145819	2.05530028764006e-06
163357	2955	176.555896973299	0.107421694936639	23.1962601684919	2.96109004345217e-06
218540	638	314.555005817591	0.529036334872104	35.7949453223541	3.94341784792967e-06
294040	1297	147.504989872735	1.14608447983202	32.224519756399	1.37438192057306e-06
210963	1056	197.20705097273	3.97418883175414	59.0096218402996	2.56108080723277e-06
220887	614	177.576349352125	1.49266370747038	41.0750322998052	2.20253136748747e-06
181370	2184	156.256640556179	0.337011032756451	25.4327898270553	2.36037043108244e-06
223015	835	235.732351552635	0.100440844379364	27.3368273217266	2.89595793578152e-06
363737	1009	235.732351552635	0.100440844379364	27.3368273217266	1.77557427220303e-06
303495	1459	277.303274127232	0.455289135113194	36.6707552269769	2.50328670195178e-06
337424	1441	159.732100731409	1.66833292888788	38.6688442174382	1.29695040597196e-06
206799	993	193.174891198772	0.357532207590626	29.273260665107	2.55923035051867e-06
208075	1128	193.687281851937	0.355908263866218	29.7838322167682	2.55028276950898e-06
199513	616	199.988012784761	0.583814303125789	33.0352360176058	2.74624893512636e-06
325912	1234	179.238797972492	0.668154052762241	31.2772630644521	1.506741696914e-06
205925	704	249.973727076866	0.582648721974002	34.6231173106033	3.3257716461721e-06
187440	992	174.920629823233	1.68859221822129	38.3867494674412	2.55673603422659e-06
171291	698	152.977558872045	0.363830370379439	24.8681749633423	2.44681039663169e-06
193944	1080	273.6331613865	0.11309971014247	30.4530822947221	3.86544515019588e-06
327247	2716	154.081209187255	0.747500514838934	33.4137010477018	1.28997454260288e-06
241161	1239	190.645575108929	3.98697947344688	52.3307703286516	2.16584208945083e-06
259786	933	151.466768366907	0.200316757920714	26.6887992770495	1.59738187423713e-06
161294	529	138.16155670214	1.36817125467844	38.3273627758429	2.34680033282438e-06
198612	1011	150.393688888883	0.846203893119091	30.7762762321557	2.07458513989668e-06
287330	701	152.512574766579	1.64545559961214	34.6116929832108	1.45422570073911e-06
372832	7195	203.086914395227	0.457761323747314	31.3811352990631	1.49236789007489e-06
310373	3240	154.874761757903	0.720421530782755	29.0039004539122	1.36711123639968e-06
325362	736	251.534170719541	1.09688581558069	29.8616667749807	2.11805531776948e-06
203995	4393	191.427651518707	1.32006170308008	37.7551190640835	2.5709420291151e-06
273148	1764	260.414756752572	0.278524692540738	35.164261646964	2.61200919279419e-06
212129	964	211.306883971412	3.09614573421973	52.0684690344834	2.72910808887371e-06
224273	4134	122.357234060123	0.52705086611411	29.6163860718701	1.49471982269314e-06
330589	637	188.341819289748	1.08429234605745	40.6093442882896	1.56086555921544e-06
319471	4017	154.452023089813	0.333938811190595	25.527945771678	1.32455286283676e-06
180215	1827	174.920629823233	1.68859221822129	38.3867494674412	2.65923814474618e-06
245940	671	176.846524238814	0.435630423453307	30.1707667481566	1.97003751041644e-06
310223	1802	149.992429603016	0.855736271388886	31.1610324968542	1.32465408205044e-06
437974	630	160.025128648935	0.715036714760215	30.9421466146407	1.00102976431725e-06
299970	1595	192.224323926376	0.288126391498463	25.8986245274167	1.75564884275072e-06
199148	680	266.572157696772	0.87000064768686	36.6360269419192	3.66729607438334e-06
234555	1445	125.07571293007	1.62084671825645	34.3335940839731	1.46095025094234e-06
211028	2090	204.499295108925	0.361519033494407	28.8037731887574	2.65496541404134e-06
239208	1257	210.821660205697	0.562705269577383	33.7856819790369	2.414608163626e-06
227318	590	293.121909483527	0.103015259906819	30.4497108723252	3.53282065042101e-06
232491	1151	249.484406249573	0.55297358388898	34.2470701459475	2.9399801335609e-06
264814	1703	216.536399655605	1.20784753378784	41.2925823915972	2.24025319664125e-06
290481	1308	239.884545777658	0.246280869813875	28.8763406944269	2.26251608069863e-06
208642	555	177.992072638162	0.375571576412011	23.834204679584	2.33725479087219e-06
240956	592	169.984204409974	1.50630264895492	36.6542644852155	1.93276012661408e-06
280086	843	154.293633578936	1.93847338868444	40.6599188600242	1.50925888397816e-06
365081	1742	206.909665753732	0.882808706741669	31.5829939769539	1.5527397935953e-06
420599	1813	177.576349352125	1.49266370747038	41.0750322998052	1.1567087562505e-06
235423	578	193.884019627243	1.00758425903549	38.0915128860688	2.25631775514355e-06
323964	1685	192.349277897881	1.22175305255242	38.9714168931766	1.62667556582797e-06
402945	733	164.047414001768	2.27462519408764	45.0407095743381	1.11540029003427e-06
264692	653	190.640397266631	0.54225459194754	30.7116458507978	1.97324610590703e-06
284277	1846	231.926304303906	1.69327494901054	44.1307847359374	2.23519501169447e-06
307395	1525	182.172092270643	2.45372661704834	43.8789808790904	1.62364912460937e-06
215154	584	226.035249258941	0.590174527880773	34.1311559979482	2.8782855791849e-06
209907	710	49.8152244930627	2.03555924656244	29.5690757042494	6.49343939613017e-07
209211	582	149.430228470803	1.83353065679773	34.9993230482448	1.9568659689088e-06
220469	1655	238.604376720383	0.114782080391796	23.8643708131425	2.96509087967802e-06
187440	992	174.920629823233	1.68859221822129	38.3867494674412	2.55673603422659e-06
326999	1539	103.782741754602	0.548440408721308	27.2494800628133	8.69532563646163e-07
133501	771	190.630521155233	1.71972790041797	45.7374514774165	3.91214597962035e-06
255080	650	198.37802207038	0.641733710424258	30.026966065925	2.13070970021095e-06
266338	1012	200.989554403157	0.179792008146383	27.5067155939058	2.0675093806866e-06
204707	757	196.245381388595	0.886091294392399	32.7175846673023	2.62647871908062e-06
410762	1423	147.392988929794	1.6075552549386	34.6257656748269	9.83090957846229e-07
227318	708	163.649970941837	2.50859483628004	44.1759433014292	1.97237387612136e-06
244669	687	240.623101583977	0.908355942369873	35.5834422442932	2.69442133740963e-06
250708	2975	316.337873999852	0.955520802156621	46.5477364193713	3.45692641179743e-06
390288	2344	168.581516434397	0.160749610139318	24.2059965019376	1.18340089450205e-06
204426	1097	152.512574766579	1.64545559961214	34.6116929832108	2.04398007393075e-06
240426	710	291.472591739324	2.30780640293073	48.0022201488725	3.32141717560148e-06
265176	3518	188.741752802825	0.986048935903681	34.3006206640214	1.95002825523607e-06
165685	1252	284.675950071108	0.357429359156892	31.388915061644	4.70733083733505e-06
185088	1843	215.820862562288	1.99034019568748	47.1342604061385	3.19464273436002e-06
403748	1238	216.419545671455	1.07323919730563	36.7340426283322	1.46856519936588e-06
212900	2188	172.893072227143	0.512196815692387	32.6469415255418	2.22489267232211e-06
223020	1196	263.623603958914	0.252838103227799	31.6882055402496	3.23852770694334e-06
191242	2289	171.806980348192	0.675156259444334	32.1916738235525	2.46130063348256e-06
322913	10150	363.991506820522	0.533740215708273	35.857646150109	3.08825288851093e-06
369948	2023	269.721442059313	0.426537235986575	36.4950022538246	1.99747763187535e-06
