HSC_pop_size	HSCT_bottleneck	number_drivers_per_year	gamma_shape	gamma_rate	dpcpd
336499	28656	145.551697289367	0.130728588193713	18.8128904834374	1.18506079778997e-06
294910	16853	192.020115704452	0.367953712628216	19.3425180289088	1.78387477121603e-06
200257	5894	110.291407234964	0.378282827136339	29.2134558619695	1.50890225560106e-06
246122	25818	196.16830461578	0.298600518121153	22.3629952141578	2.18366261409482e-06
201411	3308	204.753258716656	0.295222649164768	29.6575327632615	2.78518964753875e-06
252752	34602	263.623603958914	0.252838103227799	31.6882055402496	2.85756966988393e-06
283564	6646	350.323626941152	0.100817106568503	31.9480326309752	3.38474121800681e-06
230725	6023	192.340726075885	3.87982977175851	54.2304336126868	2.28393495875431e-06
272679	11255	205.563427893276	1.05724281852775	35.3844962324033	2.06538631020434e-06
264932	10077	246.067175592271	0.393827316843227	30.5960900441405	2.54464030565684e-06
220056	28297	153.871655533264	0.493287975178645	26.515406784689	1.91572226861885e-06
269511	1232	156.610153214663	0.504950985529186	23.9619209917783	1.59202746053736e-06
297509	1332	197.810068364751	0.222604573044466	27.1046835722869	1.82161007828382e-06
282169	22489	142.547454169304	0.131896480981847	23.3979676956332	1.38406759894553e-06
209745	31142	189.497586570183	0.233510056549932	29.2159354760393	2.47525075713507e-06
282342	7101	203.34152071215	1.17094923403712	34.1132597656542	1.97313916011651e-06
193276	24279	94.4195561352591	1.02423151469193	23.7429979680614	1.33841612739847e-06
301679	7594	148.571650343713	0.854333686276803	30.3873053561246	1.3492673251371e-06
206199	3502	263.623603958914	0.252838103227799	31.6882055402496	3.50271557671232e-06
198886	4804	222.27663011367	0.118813946518474	23.1332616549989	3.0619403517823e-06
242809	15795	211.602907765423	0.407003849692209	29.8676047359516	2.38761328401283e-06
233653	15620	204.144655993662	0.561823192694375	30.9018208307424	2.39372243189643e-06
209095	26185	194.962649642044	0.571741029628302	28.2799541457168	2.55455293333002e-06
185479	7959	291.438108062306	3.1024378240407	51.169063461791	4.30485699207843e-06
230032	4047	165.477904593524	3.03078766148589	44.4812383292756	1.97087414870122e-06
213075	19274	227.400133060713	0.51347193414496	29.8490261482124	2.92391910444696e-06
316131	2223	158.465304670552	1.11276482086729	34.803226919482	1.37332789142902e-06
148961	46859	265.390068495917	0.252166871516816	29.7218406676519	4.88111705796152e-06
179533	7623	193.588533569645	1.14451204490176	33.0211356081956	2.9542175757461e-06
388317	39121	198.328222237922	0.26525564456606	26.558253213239	1.39928201040043e-06
299154	35039	171.034396896291	1.08174090579977	33.778672600708	1.56637514041919e-06
200174	3113	135.35250953395	1.50712796278997	33.0194418997073	1.85253226314955e-06
212324	35602	164.836305586673	0.565568137349836	28.2159186382827	2.12696782594439e-06
154857	2746	251.559172922801	0.536365374175152	34.7886250661179	4.45057836253528e-06
372832	3750	236.563857608877	0.945554496014835	36.9583640929885	1.73837052032159e-06
210783	48962	169.456604176658	3.75005046932282	52.0644658760858	2.20257169210584e-06
194735	31178	121.035252135981	1.7041991219096	28.8741044258681	1.70284453492971e-06
191905	1791	160.411994008053	0.109322809619463	22.0697909050297	2.29011706360207e-06
306894	14021	225.672453227454	0.454466608785478	29.6592603701371	2.01463923626349e-06
253719	2972	177.066579270561	0.483012280824462	28.8930464867531	1.91201256433202e-06
253598	13930	139.905948856474	1.39926431771649	36.3460547163318	1.51146290376814e-06
234465	2360	178.655585739069	0.983239752871879	32.0074802995014	2.08759242611575e-06
236709	33906	156.256640556179	0.337011032756451	25.4327898270553	1.80855136511675e-06
229755	8432	172.051878637672	0.414653280854762	29.51051960726	2.05164200982013e-06
295681	2483	246.752540798009	0.24084796508944	29.9478600285976	2.28636387982559e-06
258102	26731	162.709791177919	0.233967860607279	24.9712043566369	1.72714759979589e-06
318790	5245	125.353277410762	0.286693531436287	22.9071785186071	1.07730366931778e-06
154798	31922	217.417855131927	0.694613336154606	32.7950753589773	3.84801713540115e-06
222926	1506	150.245359685426	0.108281166801013	24.3043840791235	1.84649221008687e-06
244861	23950	63.2122925612607	1.27188980867519	29.6021937673414	7.07276222761224e-07
214609	15387	226.155395018927	0.251061394379272	30.075646232367	2.88712878756093e-06
225255	46308	209.085784803437	0.1594278546968	27.7573638095581	2.54306349064287e-06
149980	43292	252.316963733069	1.93904263352191	42.9760808060809	4.60914357043166e-06
236066	10658	214.05891171511	0.509562026231911	27.8695306335573	2.4843169783968e-06
286919	2861	219.203378564601	0.310550177722845	28.6913476957129	2.09312454576676e-06
216468	22424	139.982443021355	0.351011276175417	21.5107678032805	1.77168700465778e-06
374137	11085	184.428988815545	0.759639466054731	34.1051428013984	1.35053443221202e-06
312994	48981	145.551697289367	0.130728588193713	18.8128904834374	1.2740556476978e-06
245398	46195	142.441389931784	3.35911722532009	47.2957038067402	1.59027532161937e-06
220214	5704	139.982443021355	0.351011276175417	21.5107678032805	1.74154932258739e-06
192192	4970	151.466768366907	0.200316757920714	26.6887992770495	2.15918169112433e-06
267140	43003	121.035252135981	1.7041991219096	28.8741044258681	1.2413095399773e-06
212493	9297	115.769159365035	0.681644108365273	31.8219880623489	1.49264107091663e-06
181617	6776	200.924701929826	0.677992623904905	25.6523635489333	3.03098628115309e-06
228802	44434	126.799468639857	0.257150484363479	27.1316834187889	1.51832503427749e-06
184026	30014	145.551697289367	0.130728588193713	18.8128904834374	2.16693170201779e-06
281835	20635	197.514989792854	1.6943070219265	41.0942543585602	1.92004881699074e-06
193439	5725	246.616529109758	1.76606000393632	42.2254986892486	3.49289297188456e-06
191673	18924	216.551972159598	0.276036491887481	30.0125283328767	3.09533984656085e-06
179167	7669	210.039551127107	0.732090913710153	34.6105724345229	3.21181258270648e-06
226186	22568	246.842363417194	0.568462911021666	32.0312432927877	2.98993062222392e-06
271130	6969	240.19703361311	0.295258351264076	32.72096878428	2.42715326483035e-06
309390	1386	317.068582488446	0.483484334551976	36.21609879225	2.80772180068377e-06
232461	4267	280.157198914487	0.170531223430425	30.9939505979206	3.30186125685053e-06
249423	10372	330.733671135398	0.254236523648104	31.6566591267132	3.63286323613418e-06
236519	2337	121.035252135981	1.7041991219096	28.8741044258681	1.40201603469293e-06
293374	36264	168.410726221704	0.724509481791933	32.3953376121503	1.57273395025625e-06
216114	49294	188.741752802825	0.986048935903681	34.3006206640214	2.392721862584e-06
276528	28101	123.714638205301	2.53661754798826	38.0811517094332	1.22571390333383e-06
264043	49899	173.043758487576	0.187097733516908	25.5690068782438	1.79551243171399e-06
243612	42836	179.342803984877	0.528868161416183	28.5482176370065	2.01693737543213e-06
209463	5014	165.391465503102	0.208737102290467	23.379296931845	2.16328087895344e-06
233533	16523	167.441776331576	0.185687782455262	24.8358711388125	1.96436731720677e-06
236709	47014	190.948385424689	0.664004893203874	30.8511998042129	2.21008183650602e-06
253695	1441	149.992429603016	0.855736271388886	31.1610324968542	1.61981183427318e-06
189419	9830	189.285740438843	0.810436720540332	34.2939215749107	2.7377985824836e-06
277609	16259	182.342050921196	0.664842087582968	32.1893273200664	1.79953554386852e-06
247315	28701	124.949333936633	0.881133115128218	30.7597596760402	1.38417379573477e-06
288878	30953	124.138908025575	1.20063045978303	32.9696911607715	1.17733644420947e-06
322768	21101	166.819783158641	1.78689247484845	33.8464891109073	1.41600314096966e-06
240038	36603	204.753258716656	0.295222649164768	29.6575327632615	2.33699594272752e-06
351287	17496	156.390294851616	0.585849385977945	28.8993961600528	1.21970514490233e-06
322609	9675	156.005411047361	0.346943776193126	24.786963901311	1.32486100840728e-06
219153	3110	241.391894118866	0.240460811021818	28.0825006197406	3.01774401956706e-06
324486	9549	140.619087337201	0.300493556331096	23.924977190671	1.18728627283328e-06
219191	16265	195.0349739258	0.302722994847273	27.9732597345471	2.43779349661829e-06
341417	41183	97.8503949360044	0.535728392935757	27.3884516475135	7.85207748288083e-07
272591	34970	184.709344558368	0.732254197061305	33.2073360943823	1.85645527104728e-06
237747	6299	208.865677487462	0.242003074749983	29.9988253702489	2.40690621897379e-06
205389	5304	171.90798161903	1.02119226229006	36.6087885336729	2.29311585118476e-06
273031	7297	150.245359685426	0.108281166801013	24.3043840791235	1.50763511259097e-06
199812	3832	210.724526375057	0.888243328946053	38.330682068458	2.88935333974288e-06
165864	1733	186.154750390685	0.1178343532739	25.2744759123088	3.0748867431691e-06
279896	13548	113.964589945724	1.44493510298352	30.5710103366138	1.11552774343312e-06
207192	11717	212.455479415848	1.43363028790109	41.3518003333908	2.80932568158405e-06
242425	4548	181.084882177051	0.347144794639258	25.2030254492166	2.046500834768e-06
216636	5667	288.756914724896	0.364981222274474	35.8684089566636	3.65181611026205e-06
142965	6897	222.827356316598	0.647938869033937	36.3710905032576	4.27017737010252e-06
243390	6203	205.271475523855	1.41260200412712	38.9628266638892	2.31064383982475e-06
235691	45377	120.133155143939	1.65634802531435	32.7640323187941	1.39645523970454e-06
263525	6739	180.758039965281	0.256308030166053	23.137258752312	1.87924298170646e-06
191896	40937	126.840184013036	0.478178306562073	26.7233542960097	1.81091504492211e-06
334913	27422	190.73764762512	1.02353974105603	36.1332886913167	1.56031237247604e-06
252497	28228	166.329696231082	1.05176411984309	35.7806768302798	1.80476519678798e-06
206804	15287	266.386552933797	0.271698613865134	30.6042257389626	3.52907183817219e-06
311107	34969	166.777852504122	0.384558723887723	26.9238054764015	1.46870891140014e-06
180048	4429	188.07309465085	0.471753197498818	29.1678881332076	2.86184102277216e-06
228084	32733	183.578040451145	0.434690983151236	23.643118628231	2.20512414497549e-06
205586	1402	239.342663456425	0.114901562713705	26.7111070631005	3.18958160836901e-06
202162	9652	190.636239481423	0.647298389359255	33.1383461718757	2.58352740412338e-06
216416	3081	194.755689849407	0.498810295786068	35.943239663329	2.46551656284253e-06
291783	7834	136.170203154231	0.845181700196979	27.5996694549498	1.27858391248846e-06
306183	45762	218.87917638133	0.280555924851229	29.5493452399987	1.95853125871523e-06
274631	24201	287.947348635899	0.654265776821564	39.6276687009067	2.87257026911676e-06
256167	2443	193.687281851937	0.355908263866218	29.7838322167682	2.0715005729293e-06
232491	37668	182.754903953466	1.14014881716185	34.700703032074	2.15362472954135e-06
240428	39085	198.910520817851	1.63131779260773	38.1955913120544	2.26662589635072e-06
263047	18381	277.334958366736	0.31165990511415	33.6596263729086	2.88854008502086e-06
204690	3508	145.551697289367	0.130728588193713	18.8128904834374	1.94817418240034e-06
216114	49294	188.741752802825	0.986048935903681	34.3006206640214	2.392721862584e-06
220524	11982	145.458910766161	3.99219829826515	43.131721325113	1.80713919456797e-06
168391	47082	182.864169278166	0.414335821114012	26.3139056582556	2.97520487466533e-06
334511	13842	294.824107889309	0.660865412927292	37.8777269998785	2.4146807784752e-06
233393	6974	195.411005979941	3.14966886374398	44.3751541193561	2.29386750726511e-06
330077	4263	205.563427893276	1.05724281852775	35.3844962324033	1.70623058765139e-06
228750	29930	173.298201325379	0.60149955251984	25.3595000313772	2.07558291878589e-06
218358	10925	185.386540659294	0.518999351215395	32.9977252170042	2.32603490860609e-06
185231	5249	121.035252135981	1.7041991219096	28.8741044258681	1.79021562540577e-06
153912	2652	226.966636512493	0.573977386998259	37.3946846373684	4.04014242816733e-06
182854	33073	149.430228470803	1.83353065679773	34.9993230482448	2.23893317193705e-06
286343	1844	177.992072638162	0.375571576412011	23.834204679584	1.70302579101691e-06
194389	28180	180.623587385378	0.728370780737582	28.9704101243826	2.54571577363731e-06
248013	18497	153.835846413787	1.00439725408855	32.5201839581364	1.69937895338768e-06
200218	1664	216.90842285742	0.965718974466971	38.7318086398231	2.96811301513433e-06
335771	37895	123.369078602282	0.52261475282084	23.3681370445035	1.00663093484157e-06
205946	8775	207.387818723074	0.374036269426798	26.3836988271204	2.7589067266213e-06
331964	9639	153.604332326286	0.460455112056789	26.6540499343453	1.26770911061231e-06
251466	13299	181.084882177051	0.347144794639258	25.2030254492166	1.97292264110708e-06
197991	42296	137.568529072556	0.489301860435516	23.5307847158479	1.90362228409796e-06
316768	18688	154.256975116776	0.296954986032922	22.8458181959301	1.33416838075501e-06
240826	5779	255.028635903858	0.316754097203292	31.3982616319466	2.90130048880694e-06
269310	47273	107.015579356213	1.0359840593927	30.7756213638918	1.08868355463671e-06
198923	5535	308.486324540852	0.522105907756733	38.1152130143107	4.24871941626001e-06
241644	7464	260.501345827255	0.158054316769553	32.3744941211998	2.95352798883873e-06
244524	21071	263.560613535058	0.695363774636039	35.9090909898843	2.95301840595929e-06
246689	3231	175.765051361719	0.977321833300569	38.9443538253935	1.9520452307258e-06
310127	8091	222.27663011367	0.118813946518474	23.1332616549989	1.96363769940887e-06
259459	3278	144.615986627838	0.603240621546181	28.5853269881507	1.52705507437407e-06
181645	7426	153.835846413787	1.00439725408855	32.5201839581364	2.32028446897266e-06
275894	10543	127.904287400567	1.37487478621839	33.7211742458924	1.27013528821588e-06
221514	20145	141.347279458054	2.12068409601094	35.5422360346327	1.74820923477985e-06
269575	37853	163.239992220169	0.753947896081324	33.5799511608662	1.65902941814977e-06
298553	45281	165.391465503102	0.208737102290467	23.379296931845	1.51774493221714e-06
187224	10407	246.24869785511	1.38576784270707	44.5271470891369	3.60345878053203e-06
215719	1629	171.65877735573	1.70841224204084	36.1420301648172	2.18014185191237e-06
211543	3266	195.411005979941	3.14966886374398	44.3751541193561	2.53079808418679e-06
218234	18061	293.121909483527	0.103015259906819	30.4497108723252	3.67987446782996e-06
366547	2802	232.936142250653	0.816809049434321	36.2005144397037	1.74106243304576e-06
200002	5217	143.872819379487	1.18311803078	33.4765049520938	1.97084083103672e-06
280556	31257	249.484406249573	0.55297358388898	34.2470701459475	2.43630120628932e-06
262478	4134	201.957422959675	0.245964787372702	26.092071516493	2.10801670276632e-06
218491	1723	179.965624687303	0.452472641852338	24.4529955595479	2.25664446587096e-06
325925	20006	142.741096334025	0.612242948813059	29.5472114811919	1.19988186486323e-06
248013	18497	153.835846413787	1.00439725408855	32.5201839581364	1.69937895338768e-06
200218	1664	216.90842285742	0.965718974466971	38.7318086398231	2.96811301513433e-06
268062	18110	204.051161698741	0.294715105916315	29.6913951315304	2.08550364701706e-06
183103	3017	315.763580981952	0.605271290674101	37.8624428597597	4.72469430495632e-06
309270	4945	207.307613222278	2.08372781757527	47.0111790794006	1.83647319048947e-06
245530	16326	170.546299571329	0.550088651291978	27.6647496530014	1.90302665992693e-06
246338	3241	184.428988815545	0.759639466054731	34.1051428013984	2.05118536670959e-06
224713	37832	246.095054517332	0.442641836250659	35.514256778389	3.00041842739353e-06
227580	9932	153.871655533264	0.493287975178645	26.515406784689	1.85238676308634e-06
191957	38488	166.819783158641	1.78689247484845	33.8464891109073	2.38095251438862e-06
220203	37866	192.020115704452	0.367953712628216	19.3425180289088	2.38907966185438e-06
222692	10453	204.753258716656	0.295222649164768	29.6575327632615	2.51903001500021e-06
246013	31202	156.78887297287	0.313670644635272	24.479543254737	1.74608071967764e-06
422271	12148	236.642667912371	0.684986742982407	34.5492952480321	1.53535543874017e-06
262705	38665	277.700352033149	0.58334102684036	36.6482497701967	2.89611115998021e-06
262557	4424	207.641476597844	0.237476288013901	24.1246705639076	2.16669430943495e-06
263850	1731	379.772093197555	0.107734403925938	29.4927582856564	3.9434204593992e-06
171249	35571	184.856363141223	0.259788432700652	21.5474288545585	2.95742333927794e-06
258147	12835	192.020115704452	0.367953712628216	19.3425180289088	2.03791835186665e-06
201995	9428	184.856363141223	0.259788432700652	21.5474288545585	2.50726893946884e-06
210858	5654	265.718461515084	0.257734433205531	31.2052195591635	3.45254050106153e-06
204921	13541	159.858165942661	1.65202681829127	36.7993273328838	2.13725083288242e-06
172599	20073	155.290021896814	1.11571283125511	28.7755482423502	2.46497439026757e-06
171312	15609	232.187409449236	0.224451609450171	29.1476596905192	3.71328271750967e-06
195128	19059	251.534170719541	1.09688581558069	29.8616667749807	3.53170592790431e-06
235282	4520	203.065444280013	0.369107928220549	30.9873774498669	2.36458242857057e-06
232250	48486	143.59167232095	0.960227127069752	32.7939566453789	1.6938723012926e-06
205797	27928	176.555896973299	0.107421694936639	23.1962601684919	2.35044624668103e-06
208979	17129	183.578040451145	0.434690983151236	23.643118628231	2.40671806967489e-06
183473	3959	274.408854914277	0.172851433765282	28.8507623787405	4.09763334091078e-06
179516	1107	194.962649642044	0.571741029628302	28.2799541457168	2.97546873590455e-06
321306	2151	233.151687519985	0.19170150933182	30.1218629661317	1.98804798737059e-06
294040	3751	188.712264365338	0.446871937504745	23.4376483223494	1.75833186767375e-06
169042	1731	163.030426661358	0.33432178797966	24.0227942222115	2.6422942415601e-06
206313	48923	140.619087337201	0.300493556331096	23.924977190671	1.867346088354e-06
264978	4428	190.645575108929	3.98697947344688	52.3307703286516	1.97116984856876e-06
118764.7289	4299	145.458910766161	3.99219829826515	43.131721325113	3.35712474090126e-06
246550	21237	329.250125773121	0.302245321161666	29.7558155881017	3.65871076497441e-06
212863	6908	197.499639674887	0.611732864592195	34.1551451480625	2.54198664501989e-06
190311	2761	178.819648362286	0.563132693810385	28.9479943935376	2.57429599354835e-06
195197	25943	110.828854298461	0.788182047015398	28.0802728567606	1.55556026326282e-06
282165	2868	126.840184013036	0.478178306562073	26.7233542960097	1.2315749772664e-06
163209	4333	239.381765617501	0.204115385064376	28.0215554282755	4.01840862787333e-06
247675	1891	140.619087337201	0.300493556331096	23.924977190671	1.55549721823591e-06
221355	6517	174.767677581521	0.290267254172322	27.1710258152819	2.16311154036668e-06
155818	2712	218.619378594924	0.148270099154079	24.932486990091	3.84395385404721e-06
212975	41076	197.791659617387	1.12646424287267	35.5127551904228	2.5444064226123e-06
189722	16902	95.8106508715128	0.49226604717427	26.4719264149692	1.38357667479025e-06
277980	4855	274.248645151641	0.661093342806797	42.0944544558874	2.70295039607305e-06
216030	2596	136.923731863223	0.150803749034205	23.9523614038581	1.73648804311455e-06
269885	45934	165.391465503102	0.208737102290467	23.379296931845	1.67896438389768e-06
247139	1977	185.580493629761	1.34335611972906	37.0518471798136	2.05730260531396e-06
317330	10850	179.965624687303	0.452472641852338	24.4529955595479	1.55376581474368e-06
225130	32015	191.367663736276	0.441612114035893	29.7819924286723	2.32885430258287e-06
170200	19429	185.020446959097	3.23940725266379	50.5322397573844	2.97829220995601e-06
153063	9135	218.979846056562	1.97838676353508	45.5072064808087	3.91959378632725e-06
347778	14073	155.742418904296	0.261013823045788	24.3492686226984	1.2269078511059e-06
194254	5302	230.533590779651	2.63698854543085	49.4288160844112	3.25140732673901e-06
293153	29924	139.982443021355	0.351011276175417	21.5107678032805	1.30823679963794e-06
176555	5510	223.616763641989	0.258900318037811	28.3861539985802	3.47001595826965e-06
217296	39207	231.313787835709	0.124529159882078	27.6736737842869	2.91646604184771e-06
169315	5780	224.108821805143	0.216100645160042	26.0583248475683	3.62635780686227e-06
231555	8098	145.551697289367	0.130728588193713	18.8128904834374	1.72214710714744e-06
310766	17108	224.108821805143	0.216100645160042	26.0583248475683	1.97575272735397e-06
289871	3879	160.036487407868	0.278440892242136	25.7369335097934	1.51259053125207e-06
156444	28602	316.802900887459	0.378934486452639	38.778540977443	5.54801176853268e-06
220203	46388	227.377156528444	1.05765143800008	41.562664057684	2.828985589554e-06
200174	2463	198.37802207038	0.641733710424258	30.026966065925	2.71514497552034e-06
264935	15180	150.245359685426	0.108281166801013	24.3043840791235	1.55370608800583e-06
217212	21517	216.325802842063	0.427771452882182	32.8600727930256	2.72854829587688e-06
210946	3019	194.71413183522	0.658273661823242	31.4092842645476	2.52890964934634e-06
254356	3560	200.924701929826	0.677992623904905	25.6523635489333	2.16420542634804e-06
216260	4745	134.6195372184	1.30384631503205	32.3588933456312	1.70545015219377e-06
269414	25758	285.325803935987	0.43162655752479	35.1264714460629	2.90153641359199e-06
302917	27397	164.775657307664	0.341044047716555	29.935739618212	1.49030974493772e-06
264359	38565	156.610153214663	0.504950985529186	23.9619209917783	1.6230539263535e-06
253695	1441	149.992429603016	0.855736271388886	31.1610324968542	1.61981183427318e-06
322115	43882	194.076107729605	0.347270867273267	27.1144729293928	1.65070041333919e-06
205637	32901	217.974200903508	0.776166014520868	38.4955900473817	2.90409601149822e-06
178873	3979	182.342050921196	0.664842087582968	32.1893273200664	2.79286008954844e-06
299876	5370	209.640133376238	0.509888390422194	28.8710580551158	1.91531342887698e-06
348105	14955	150.253923402967	0.117321783164406	20.0745293101341	1.18255866668293e-06
172071	5996	227.400133060713	0.51347193414496	29.8490261482124	3.62068020282346e-06
223015	3219	238.726526332658	0.31499548586765	30.7992468850175	2.93274119509325e-06
165137	23624	188.937909893686	0.728515741931248	29.2214454389259	3.1345979961957e-06
309197	26271	180.868703000514	0.626831717103168	31.9822421028801	1.60263745493033e-06
293904	26685	125.185872210125	0.864783830844661	29.2185540001824	1.16696265568521e-06
251878	49244	188.070126951356	0.774418825715326	32.6394478385712	2.04567537373068e-06
239967	13502	164.681855033783	0.153973812769634	27.4483686182852	1.88018837788578e-06
314111	4705	236.145843616247	0.319187197638099	28.6411900557048	2.0597015514169e-06
233039	27215	140.412008319635	0.496082434581032	30.0604939911889	1.65075559778588e-06
214687	6871	182.172092270643	2.45372661704834	43.8789808790904	2.32478735395853e-06
292012	30887	211.710698411062	0.290650391124357	32.6155336250624	1.98632011943084e-06
208029	6955	141.270278779805	0.909003914020099	31.8322912952608	1.86051877224184e-06
234084	46973	173.924842394964	1.60668438791495	38.5832558336758	2.03562147571149e-06
200500	22075	165.56863490376	0.742971005824864	27.4051426087645	2.26240747314946e-06
197151	10863	244.481485453959	0.713666842362357	36.3640589366562	3.39745823716317e-06
413079	27218	198.687552458162	0.867101436267021	34.5027591115198	1.31778536015988e-06
280556	31257	249.484406249573	0.55297358388898	34.2470701459475	2.43630120628932e-06
269557	16387	238.889254114763	0.116845643946582	27.5459682443663	2.42802489701152e-06
195236	33761	107.015579356213	1.0359840593927	30.7756213638918	1.50173824550397e-06
373828	11630	228.513443000035	0.205328080320343	29.3361736605086	1.67473872314903e-06
236659	3853	112.734275332151	0.836534691967264	27.1949145503532	1.30508887600836e-06
280574	9568	241.737360342532	0.325088238855816	33.2623059428941	2.36049718763943e-06
192183	4969	164.273553288402	0.304017637761802	23.9735985970816	2.34185401183906e-06
195348	41206	187.553316529384	0.365098340470273	27.0698446180584	2.63040677570403e-06
172599	35042	211.816138443268	0.856653443332582	36.8571150251251	3.3622337760694e-06
172823	7171	214.066488364723	0.163054227422018	24.233337408441	3.39355022055146e-06
219167	43184	154.66490951321	0.567654116079745	23.4198328578482	1.9334091269141e-06
223015	25650	356.876364571271	0.353102316155653	33.7883253613782	4.3842049394831e-06
193155	20829	164.398278417335	3.37965703780337	47.1892392310601	2.33183837974308e-06
225564	24829	174.767677581521	0.290267254172322	27.1710258152819	2.12274811147996e-06
151125	20621	190.290858868545	0.214626077607254	26.3978944624743	3.44975893345199e-06
320155	8286	183.578040451145	0.434690983151236	23.643118628231	1.57096886034136e-06
273209	48967	214.258394662545	0.541990518556031	32.98701830997	2.14857234002294e-06
307129	6833	183.578040451145	0.434690983151236	23.643118628231	1.63759702106473e-06
241839	22404	142.547454169304	0.131896480981847	23.3979676956332	1.61488002483826e-06
226709	2865	256.136140576922	0.116104844993722	28.1319588600849	3.09534624075655e-06
265946	2458	171.358031435449	0.929078274095528	29.2255835835899	1.76529843925931e-06
250956	17054	156.256640556179	0.337011032756451	25.4327898270553	1.7058782618683e-06
286901	17656	176.438968224885	0.572185376141303	31.0487770015069	1.68488235834952e-06
171249	35571	184.856363141223	0.259788432700652	21.5474288545585	2.95742333927794e-06
214057	2426	126.840184013036	0.478178306562073	26.7233542960097	1.62343372774715e-06
185134	21598	195.023573537253	0.965068986924667	32.6814220800308	2.88607797798371e-06
207164	5091	235.732351552635	0.100440844379364	27.3368273217266	3.11754001201133e-06
262102	3024	173.346597218208	0.778607291643354	31.599672418345	1.81197466695971e-06
224488	3360	218.429163370894	0.662310892514876	33.5359436167732	2.66578197511603e-06
183103	3017	315.763580981952	0.605271290674101	37.8624428597597	4.72469430495632e-06
231606	37134	158.589285348107	0.582941843595115	28.6066177383115	1.87599281855625e-06
291312	19482	257.494821139893	1.10246621864197	46.9379277266091	2.42168281223213e-06
312663	3007	246.766682197011	0.442408897355468	30.8739444596144	2.1623060672661e-06
214737	4442	199.988012784761	0.583814303125789	33.0352360176058	2.55155079838996e-06
190800	3262	246.095054517332	0.442641836250659	35.514256778389	3.53371606957485e-06
350900	9565	214.066488364723	0.163054227422018	24.233337408441	1.67136942082179e-06
185150	22508	147.740622230062	1.03906439097973	34.9145493848999	2.18616704308705e-06
346991	2169	203.399884544291	1.29714604454993	35.6055259174925	1.6059781310051e-06
204193	43681	166.56942600672	3.72077287298636	55.580985662334	2.23491790511542e-06
216030	4595	248.622556050884	0.395955870604594	30.7382247587875	3.15306988756488e-06
165257	859	173.394526479557	0.147971269874358	25.028669069565	2.8746346430364e-06
180240	14295	291.610256271431	0.612769255788853	33.9281867866704	4.43260213583458e-06
241354	9088	174.767677581521	0.290267254172322	27.1710258152819	1.98387246541539e-06
215719	1629	171.65877735573	1.70841224204084	36.1420301648172	2.18014185191237e-06
210973	41430	265.718461515084	0.257734433205531	31.2052195591635	3.45065854385553e-06
230387	2212	125.07571293007	1.62084671825645	34.3335940839731	1.48738073810493e-06
246224	23426	232.936142250653	0.816809049434321	36.2005144397037	2.59187248865108e-06
208915	1837	148.177629762431	2.21279209084422	39.1183746066306	1.94321187534723e-06
352659	6363	153.104192524621	0.212546902571236	26.7083666114382	1.18943098336735e-06
266273	5461	169.984264025675	0.616215004225131	29.2269158776304	1.74899562628997e-06
275682	46391	183.382607603511	0.889852557936198	35.3443716460687	1.82245523111164e-06
344698	31564	263.623603958914	0.252838103227799	31.6882055402496	2.09533112812521e-06
266522	32023	217.631646383042	0.537387216148224	29.2684401302006	2.23715522914032e-06
235596	7255	180.179499646418	0.263765825987712	23.7442261846621	2.09529221542262e-06
309465	30232	224.108821805143	0.216100645160042	26.0583248475683	1.98405885017332e-06
170345	6902	135.492117827906	1.74047203497468	39.0502352874004	2.17917333482222e-06
249729	6279	139.600610888951	0.689967253123347	28.6274240647133	1.53152988676932e-06
229027	2514	138.968032323371	1.60246091786569	34.1112939065143	1.66239934650728e-06
246314	6305	232.187409449236	0.224451609450171	29.1476596905192	2.58259737124977e-06
195550	43546	139.982443021355	0.351011276175417	21.5107678032805	1.96120451303636e-06
223048	25617	147.701742233109	1.37184737739174	33.0279473826437	1.81423867278778e-06
188630	11004	161.668646771462	2.12259247027436	37.9431997120049	2.34813019866335e-06
225255	9137	172.097449112641	0.276754741229702	28.9109060756606	2.0931826622387e-06
226584	6075	277.334958366736	0.31165990511415	33.6596263729086	3.35337801320694e-06
208169	10558	238.889254114763	0.116845643946582	27.5459682443663	3.14403733103264e-06
188652	44894	153.104192524621	0.212546902571236	26.7083666114382	2.22347783836559e-06
152587	44085	229.964674776807	0.527892236108211	30.413455921004	4.12905558709434e-06
217130	15526	182.956411898993	0.946586609190187	35.6084170556644	2.30852688969228e-06
166105	46365	185.986997544713	0.236056793015328	22.0131633253874	3.06765851678589e-06
185479	1575	186.886253034283	1.11899193218922	37.8719057611452	2.76051268122416e-06
205128	14271	151.902996786042	1.73412083598812	30.6995147618697	2.02884342427344e-06
243761	4407	161.274121218058	0.427757399863877	25.0859426726352	1.81262346087657e-06
211331	22896	184.126600148056	0.885151541839389	32.5098843197451	2.38704420440824e-06
183093	13941	238.344605969884	3.37806576054443	57.8519084187974	3.56648763451053e-06
311049	2561	239.342663456425	0.114901562713705	26.7111070631005	2.10813513156496e-06
166105	35490	169.656137247981	1.00435670966329	34.2075682138489	2.79829827474173e-06
205195	3674	293.265913975834	0.465472979682506	31.6616585096896	3.91563272724988e-06
190984	34487	159.356988714279	0.56470466486924	30.4053862203394	2.2860265238353e-06
196823	3067	162.886902820106	0.554669051464009	30.105299989532	2.26734419848479e-06
260381	32733	162.741557746344	0.432674011840404	27.5965374002256	1.71236488644269e-06
220207	5606	187.553316529384	0.365098340470273	27.0698446180584	2.33346216432825e-06
176555	4347	188.712264365338	0.446871937504745	23.4376483223494	2.92837870562028e-06
204707	12251	128.288130253971	0.398801542952105	22.323235593174	1.71696292487768e-06
211028	4941	175.809510267197	3.83769671322686	52.8816431780077	2.28249280258073e-06
211262	8883	177.342467396791	0.366970328675938	22.873733794861	2.2998446180091e-06
212680	9402	145.551697289367	0.130728588193713	18.8128904834374	1.87498482882982e-06
257090	10092	196.192918336487	1.04862727889449	35.1786503471738	2.09076527580808e-06
256062	21499	161.048064034711	0.486572796597825	28.4398298300867	1.72312788581608e-06
219177	33171	209.039538079892	0.196228749419017	28.6538955999648	2.61300712772134e-06
212896	6019	166.122507102868	0.913082802558144	32.2763146069353	2.1378051088147e-06
348145	16117	107.609416054617	3.90000047389319	44.1489987829256	8.46831975061698e-07
246393	11495	138.109986685329	0.741271420414646	24.606760338149	1.53569105114709e-06
269981	6510	231.011003640269	2.93995737627867	49.431478172776	2.34426444560324e-06
283682	2222	231.411921166719	0.270087894572687	27.7533572734991	2.23491537521049e-06
336164	35056	232.043411846929	0.237985294040808	34.257999420579	1.89114650861809e-06
230693	15919	146.351362486113	2.68231813725228	44.7690034735846	1.73807890550756e-06
265152	10750	155.971771237392	0.729467238667775	29.5877166146313	1.61160361301568e-06
234393	36767	244.98346434724	1.10990590282166	38.6127936960479	2.86351372930967e-06
216547	16330	185.986997544713	0.236056793015328	22.0131633253874	2.35308463257732e-06
231018	34585	140.619087337201	0.300493556331096	23.924977190671	1.66765262242153e-06
130157	8337	188.485094032152	0.780653593091126	35.0672544846011	3.96749708349383e-06
314415	6722	155.313376707684	0.735583254426252	30.1593033268305	1.35335814311975e-06
267118	4384	224.602260655769	0.341478608339551	29.908097901257	2.30365853042803e-06
208738	22389	246.766682197011	0.442408897355468	30.8739444596144	3.23885972803045e-06
206897	8516	168.410726221704	0.724509481791933	32.3953376121503	2.23009154276029e-06
277190	33794	240.517694041312	1.27839860016747	35.9514744832899	2.37725959238989e-06
181573	19683	182.342050921196	0.664842087582968	32.1893273200664	2.75133011404668e-06
164234	36808	225.62108722012	0.420549368579901	28.2409821739406	3.76377586240748e-06
222926	1506	150.245359685426	0.108281166801013	24.3043840791235	1.84649221008687e-06
244861	23950	63.2122925612607	1.27188980867519	29.6021937673414	7.07276222761224e-07
219932	13651	163.992588726037	0.429177210050191	28.1226585295899	2.0428803613525e-06
252222	2935	127.212562757771	1.599950041528	34.6055486391876	1.38182858433988e-06
233964	11248	233.888772550977	0.391101971768259	32.0986166517012	2.73884511152959e-06
302279	12619	204.186773086254	0.502830728289687	31.0681759374541	1.85066053769752e-06
294040	3751	188.712264365338	0.446871937504745	23.4376483223494	1.75833186767375e-06
206882	2436	211.587515007048	0.538364047083101	32.4276041518899	2.80204088290483e-06
248231	13825	308.940208981036	0.526403117956389	36.3343125753362	3.40977368441046e-06
170621	13833	224.399272710465	1.58018399154475	40.642775134285	3.60326412325491e-06
371714	25917	158.1815166804	1.63749599752317	36.8155655253631	1.16588026897686e-06
288705	12406	107.609416054617	3.90000047389319	44.1489987829256	1.02118189140422e-06
273031	7297	150.245359685426	0.108281166801013	24.3043840791235	1.50763511259097e-06
186695	6097	198.832838270135	0.141499697688551	25.3635379608649	2.91784730233782e-06
229416	7462	120.284059951043	0.89540307743708	31.0436543077411	1.43645329762913e-06
162368	45120	482.087483009492	0.354976178347562	38.7825384889108	8.13453158678767e-06
312663	3007	246.766682197011	0.442408897355468	30.8739444596144	2.1623060672661e-06
178290	5860	172.620798397195	0.251490731308085	26.5324706212771	2.65260919983673e-06
272399	3394	219.842456228314	1.11534065218461	33.4424390563255	2.21112448744546e-06
221010	10446	289.813222600662	0.375330144335898	33.9111908837933	3.59263756862997e-06
233236	29155	249.395044357705	0.626521094507115	35.5676551307124	2.9295395827861e-06
244783	2773	185.986997544713	0.236056793015328	22.0131633253874	2.08165361945364e-06
249366	14381	247.957881358246	0.427148696241024	33.6616140129552	2.72425535660623e-06
162906	9274	274.722071293427	0.251598998832837	31.0985403307575	4.62023012671779e-06
286036	5911	161.209341315686	0.41188689123489	29.5727562573252	1.54410433743359e-06
213083	5922	213.901095917479	0.913408554068412	36.6782543224228	2.75024473925144e-06
254187	6398	168.285789946688	0.852537069789034	36.7464214963969	1.81384948387624e-06
161058	27743	153.835846413787	1.00439725408855	32.5201839581364	2.61687139022302e-06
286343	1844	177.992072638162	0.375571576412011	23.834204679584	1.70302579101691e-06
272591	34970	184.709344558368	0.732254197061305	33.2073360943823	1.85645527104728e-06
182849	20513	172.646919238151	0.166249402176176	24.7456580880248	2.58686270193829e-06
179795	4880	166.777852504122	0.384558723887723	26.9238054764015	2.54137002307608e-06
286276	32893	172.646919238151	0.166249402176176	24.7456580880248	1.65227004075338e-06
210184	46191	124.472959085912	2.36458875770853	38.6340179170939	1.62249174872886e-06
269830	14746	171.358031435449	0.929078274095528	29.2255835835899	1.73988829532394e-06
185939	42906	177.046368639951	0.369054142981128	24.2028077299627	2.60869717605798e-06
230852	11516	191.367663736276	0.441612114035893	29.7819924286723	2.27113028754562e-06
155149	6348	137.078089701674	1.01581002711719	31.4400126844129	2.42061766522229e-06
263302	3133	251.443434950495	1.20125745475842	39.789333731541	2.61633456317096e-06
230401	20296	147.701742233109	1.37184737739174	33.0279473826437	1.75633919769432e-06
177971	11869	162.518431002156	3.8753461914999	49.1725864298232	2.50184566782438e-06
299876	5370	209.640133376238	0.509888390422194	28.8710580551158	1.91531342887698e-06
221215	28852	241.82616094777	1.06765178566762	41.5583503310198	2.99499322945625e-06
130157	8337	188.485094032152	0.780653593091126	35.0672544846011	3.96749708349383e-06
314415	6722	155.313376707684	0.735583254426252	30.1593033268305	1.35335814311975e-06
289663	4495	205.660955878809	0.312608268620836	26.8471849242149	1.94520761588664e-06
257761	3328	166.99664210272	3.30736905102726	48.512004051227	1.77499717512256e-06
273943	7375	128.96755100341	1.49674802923026	39.41573514499	1.28981487453129e-06
281835	20635	197.514989792854	1.6943070219265	41.0942543585602	1.92004881699074e-06
257830	3831	164.92684324848	0.136533388069249	23.3546606150446	1.7525282746939e-06
176787	1735	181.084882177051	0.347144794639258	25.2030254492166	2.80633171482424e-06
230495	9034	152.977558872045	0.363830370379439	24.8681749633423	1.81833271719316e-06
163039	18698	194.244999590082	1.07161635092306	33.7822122913578	3.2641152182528e-06
246338	10317	120.284059951043	0.89540307743708	31.0436543077411	1.33777723992598e-06
224730	6223	157.643986957282	0.801660112573064	32.1462750295097	1.92186772629173e-06
198400	44163	238.406889062207	0.141566738395839	28.2662391454598	3.29218527759345e-06
278422	10594	195.323527852933	0.323513163021917	30.4888151322832	1.92202107959046e-06
270256	9368	179.285633545219	0.865156750984951	34.5619245820062	1.81751197591263e-06
226168	4786	215.817802107303	0.293070517214359	30.8758055211379	2.61434707654951e-06
268432	4460	176.846524238814	0.435630423453307	30.1707667481566	1.80496746033192e-06
260499	5002	216.90842285742	0.965718974466971	38.7318086398231	2.28127421473466e-06
257414	4739	256.17640697891	0.309941564037624	34.5554342207175	2.72655399397559e-06
282169	22489	142.547454169304	0.131896480981847	23.3979676956332	1.38406759894553e-06
199717	4812	201.527298991966	1.09359591430245	36.5276269439984	2.76455978349043e-06
179516	1107	194.962649642044	0.571741029628302	28.2799541457168	2.97546873590455e-06
257010	2340	257.639612339423	0.117332397018625	26.1886040659947	2.74643769353277e-06
265124	11852	169.539786686484	0.315897913462444	25.5857246657878	1.7519823413359e-06
391486	5176	208.133845523491	1.20347152656265	35.1744435152253	1.45657753728866e-06
226937	19583	168.581516434397	0.160749610139318	24.2059965019376	2.03522197047382e-06
322570	11111	275.529693156529	0.104088194801086	28.9172526561332	2.34019242850148e-06
326252	2154	109.410245780087	0.531186515858949	26.3065604849309	9.1878087499122e-07
167674	17342	152.16500722609	1.26828498007882	34.9226737789415	2.48631529489611e-06
261108	816	186.837392789853	0.580901972953663	28.3523696599305	1.96042736307354e-06
230422	8928	190.640397266631	0.54225459194754	30.7116458507978	2.26672131248207e-06
314492	25413	238.068806785198	1.86646197601167	43.2985361346531	2.07395833999217e-06
206341	15577	189.122850641692	3.36960672201898	45.5436868299445	2.51110926223391e-06
285493	29724	217.983321092135	0.274928869135486	27.9215818503769	2.09187117839883e-06
182227	2800	165.477904593524	3.03078766148589	44.4812383292756	2.48790860944886e-06
193944	2348	195.683937942184	0.318472155558199	29.8546031573466	2.7643050464247e-06
283386	2740	115.145036913538	1.76873248320936	27.6350622462986	1.11320197383653e-06
182824	28109	153.835846413787	1.00439725408855	32.5201839581364	2.30532136025106e-06
221514	37905	178.819648362286	0.563132693810385	28.9479943935376	2.21167440806532e-06
298729	34745	165.477904593524	3.03078766148589	44.4812383292756	1.5176434901668e-06
264219	49941	196.16830461578	0.298600518121153	22.3629952141578	2.0340982666131e-06
178133	27798	145.492053872768	3.7734341400776	47.9274667784077	2.23770085708267e-06
214802	9107	177.342467396791	0.366970328675938	22.873733794861	2.26194250374688e-06
221316	42117	192.576105809257	0.948932523455119	32.9495491964593	2.38394770075562e-06
236807	2311	228.592304913108	0.391600394801052	32.518659131311	2.64468654825733e-06
207192	11717	212.455479415848	1.43363028790109	41.3518003333908	2.80932568158405e-06
297587	7023	250.690643213231	0.114371317314259	30.8541010613544	2.30797608778693e-06
221016	24257	111.81033600454	0.140570580311391	22.2093476910015	1.38600683970243e-06
194846	24745	160.411994008053	0.109322809619463	22.0697909050297	2.25555010157025e-06
263859	30832	191.032827444985	1.02537637795598	35.2556614765983	1.98355034104698e-06
186292	6856	137.568529072556	0.489301860435516	23.5307847158479	2.02316835747557e-06
301451	4394	195.323527852933	0.323513163021917	30.4888151322832	1.77519050532834e-06
141953	4349	189.422831859108	0.225939884278117	23.9745912160534	3.6559048602544e-06
206444	19791	150.005435517478	0.47334205154002	29.000690474493	1.99072773216124e-06
395680	26969	204.144655993662	0.561823192694375	30.9018208307424	1.41351705261801e-06
192509	3711	138.109986685329	0.741271420414646	24.606760338149	1.96553680692999e-06
437921	19467	126.840184013036	0.478178306562073	26.7233542960097	7.93538911037316e-07
222183	3396	161.083141983991	0.97752197274105	29.0874702720904	1.98630712821624e-06
253515	14352	132.334376700291	0.936245824491605	28.1979445247856	1.43013208751033e-06
197196	5717	239.381765617501	0.204115385064376	28.0215554282755	3.32583041109646e-06
346092	34450	238.604376720383	0.114782080391796	23.8643708131425	1.8888348218154e-06
258978	22219	139.982443021355	0.351011276175417	21.5107678032805	1.48087305687842e-06
280556	31257	249.484406249573	0.55297358388898	34.2470701459475	2.43630120628932e-06
262478	4134	201.957422959675	0.245964787372702	26.092071516493	2.10801670276632e-06
195042	3389	221.493715250945	1.60920196137612	41.9325380085357	3.11128934577133e-06
243492	2999	136.718029168133	0.738300517510533	30.2649844438468	1.53832546008243e-06
305657	26076	87.7105149677115	1.00447253311175	26.1258039345416	7.86184450980858e-07
265888	2544	316.922939641178	0.473119041802329	36.3972891568797	3.26559313099571e-06
271499	20836	131.917593210047	1.14254110360936	31.5703514342829	1.33119482425044e-06
197885	1186	195.023573537253	0.965068986924667	32.6814220800308	2.70010945941348e-06
182430	2276	207.387818723074	0.374036269426798	26.3836988271204	3.11454149383737e-06
274322	16737	202.065428186531	2.10750093899243	46.3673555379417	2.01808062364597e-06
291312	16122	230.577598603183	0.372453606362515	30.8107145530212	2.16853218620551e-06
221182	43933	137.078089701674	1.01581002711719	31.4400126844129	1.69795195875601e-06
180462	9030	166.219805893228	0.212352296007273	24.6795901104133	2.52350482913077e-06
245315	12916	186.513299679038	1.98235766932901	41.6046170567495	2.08301710692948e-06
243461	49932	249.71401807969	0.414139690513575	31.7485879987273	2.81009276532536e-06
215360	8545	203.615100026015	0.148230332587862	25.1669041533959	2.59031198510573e-06
175155	13259	209.640133376238	0.509888390422194	28.8710580551158	3.27913293824277e-06
319368	3938	252.330284605534	1.6831350502341	44.4038217765527	2.16463718417105e-06
184026	17937	160.653371040736	0.443297283103846	27.62241578335	2.39176106653089e-06
178298	5214	159.732100731409	1.66833292888788	38.6688442174382	2.45444252759247e-06
258066	12997	112.734275332151	0.836534691967264	27.1949145503532	1.19682960292043e-06
224303	46261	124.949333936633	0.881133115128218	30.7597596760402	1.52618084596347e-06
211028	4941	175.809510267197	3.83769671322686	52.8816431780077	2.28249280258073e-06
210122	37743	233.203064826969	0.290135413413169	33.5440442085441	3.04067401973738e-06
186248	20338	156.411833369059	0.136011593672692	25.1305499478583	2.3008331411566e-06
261079	10012	153.876210455564	0.721500537039603	32.0557368089168	1.61475514607597e-06
223007	42984	123.369078602282	0.52261475282084	23.3681370445035	1.51563617116364e-06
281466	4576	186.837392789853	0.580901972953663	28.3523696599305	1.81863268713594e-06
222255	24943	150.253923402967	0.117321783164406	20.0745293101341	1.85217243556124e-06
279711	20296	195.101321838103	1.08707529667538	37.197181065147	1.91098730267834e-06
267447	47204	155.742418904296	0.261013823045788	24.3492686226984	1.59542473328139e-06
220087	9793	252.316963733069	1.93904263352191	42.9760808060809	3.14093677815291e-06
288036	7659	153.693441083029	3.99922264475728	60.1733822735292	1.46189337713141e-06
211543	3635	183.578040451145	0.434690983151236	23.643118628231	2.37754752217085e-06
207910	3899	197.791659617387	1.12646424287267	35.5127551904228	2.60639198622411e-06
212242	21681	237.622178366006	0.411886043875108	34.6114900520522	3.06734608021118e-06
301392	2539	142.033244989068	0.30977883529903	27.8743369082256	1.29111647970829e-06
210716	36940	191.367663736276	0.441612114035893	29.7819924286723	2.4881592719133e-06
201082	41058	189.274351525469	1.88791340861854	40.611423974683	2.57884776953216e-06
252124	18126	152.687676802185	1.09649485428246	33.9863170727958	1.65919310417797e-06
207779	36695	129.844048283522	0.499536804325492	26.2327317743287	1.7120937081466e-06
197740	4198	168.68632985666	0.365615151773301	27.0710168904118	2.33718179616876e-06
186578	28206	87.7710379218057	2.25999454864909	35.013431386856	1.28883682452402e-06
205128	1771	212.705299809576	0.526367302194366	31.8912317601366	2.84092979044125e-06
245169	14427	199.61404671805	0.340518776600042	27.2975561137214	2.23065640120706e-06
329958	6562	125.363423093705	0.716855501246409	29.1858993030734	1.04092470294231e-06
317357	1652	166.219805893228	0.212352296007273	24.6795901104133	1.434966704609e-06
269575	21758	181.644634038988	0.698869011180731	32.6585715587538	1.84607820314816e-06
293753	1588	125.353277410762	0.286693531436287	22.9071785186071	1.16912384466478e-06
230746	3313	192.551278955302	1.45488023284491	36.6264712173788	2.28622706596202e-06
195612	13849	186.154750390685	0.1178343532739	25.2744759123088	2.6072685457385e-06
232594	36378	263.560748218372	0.803030710807034	41.2093959854664	3.10448352792492e-06
193495	36427	170.368144716994	2.99467077969073	43.5639555356768	2.41226925926009e-06
207371	24860	184.856363141223	0.259788432700652	21.5474288545585	2.44226911876785e-06
306644	3765	211.602907765423	0.407003849692209	29.8676047359516	1.89057667483424e-06
178741	1165	159.858165942661	1.65202681829127	36.7993273328838	2.45029163943974e-06
266938	9264	162.414209840225	0.914933383034631	35.7162724056535	1.66694302766344e-06
243612	42836	179.342803984877	0.528868161416183	28.5482176370065	2.01693737543213e-06
191820	21316	184.00957753905	0.924895772771313	30.9634882180128	2.62817135269581e-06
169273	38306	134.6195372184	1.30384631503205	32.3588933456312	2.17885102711847e-06
221376	11875	246.766682197011	0.442408897355468	30.8739444596144	3.0539584323035e-06
309197	26271	180.868703000514	0.626831717103168	31.9822421028801	1.60263745493033e-06
374179	6298	144.556902011474	0.946022666956554	33.6069599820837	1.05844076466277e-06
365818	19526	171.747818485228	0.676914460989519	28.9351831558202	1.28627341588626e-06
270853	12916	189.422831859108	0.225939884278117	23.9745912160534	1.91604546609302e-06
219475	1109	203.399884544291	1.29714604454993	35.6055259174925	2.53905892541561e-06
210547	42420	196.245381388595	0.886091294392399	32.7175846673023	2.55362735705964e-06
202688	48485	263.623603958914	0.252838103227799	31.6882055402496	3.56339028064071e-06
279040	48679	173.298201325379	0.60149955251984	25.3595000313772	1.70151086823492e-06
167141	8833	150.245359685426	0.108281166801013	24.3043840791235	2.4627776693081e-06
180741	5313	241.391894118866	0.240460811021818	28.0825006197406	3.65909038414184e-06
306840	31208	226.776307206479	0.217222045812178	31.3774392227292	2.02484992585917e-06
330112	3486	129.844048283522	0.499536804325492	26.2327317743287	1.07762552886594e-06
202612	29743	103.782741754602	0.548440408721308	27.2494800628133	1.40335359593574e-06
264062	34857	207.58870426795	0.592710292272125	32.8952166737487	2.15379788109071e-06
232992	44209	258.137846722113	0.730448316439348	36.4633381455067	3.03541313573366e-06
239331	19905	238.604376720383	0.114782080391796	23.8643708131425	2.73140805475151e-06
199248	14509	194.471399688461	0.697527503846799	33.5407062644884	2.67404619022952e-06
220258	7581	237.889193031483	0.79156415090076	41.1060394998665	2.95903537571795e-06
223755	3723	210.724526375057	0.888243328946053	38.330682068458	2.58017684306811e-06
227690	43085	176.472468868749	0.357334525078546	23.648677503254	2.1234407135964e-06
225633	9971	180.221981084012	0.477875907120852	28.4040353332303	2.18832729381325e-06
208004	27582	188.543470820685	0.354613210082472	28.67645978438	2.48340154181288e-06
233049	3672	157.406132881467	0.356520610584333	28.6115119725704	1.85046783778221e-06
164807	6266	144.860594290633	0.564902867796123	28.9097548712537	2.40814007003515e-06
240878	38111	204.144655993662	0.561823192694375	30.9018208307424	2.32192407517455e-06
197128	9148	241.391894118866	0.240460811021818	28.0825006197406	3.35491485288838e-06
189025	7634	185.986997544713	0.236056793015328	22.0131633253874	2.69569325713911e-06
198254	16285	141.318468251664	0.632360884570681	21.0526276663669	1.95291840578751e-06
205586	7425	132.334376700291	0.936245824491605	28.1979445247856	1.76354389970709e-06
320767	9220	187.08232451297	1.68897997934929	45.7389228193391	1.59790225844356e-06
215360	8545	203.615100026015	0.148230332587862	25.1669041533959	2.59031198510573e-06
239724	3578	234.717958618317	1.5605122582595	42.8516276574237	2.682513642039e-06
279255	18915	204.486084786846	0.348899267256869	30.2227889445903	2.00618018918582e-06
194725	12776	87.7710379218057	2.25999454864909	35.013431386856	1.23491383769954e-06
212297	10591	120.920780634065	0.898917747238709	30.810584611356	1.56050160838986e-06
271027	6501	199.790503227267	0.669296017502508	33.2483626977505	2.01961886350268e-06
217946	19470	161.645568152405	0.781349659855476	37.8840864549036	2.03199219201344e-06
282209	37229	213.771815242949	0.29239422397448	32.1216219545641	2.07532788162343e-06
326946	2499	190.630521155233	1.71972790041797	45.7374514774165	1.5974362751809e-06
231018	3760	156.005411047361	0.346943776193126	24.786963901311	1.85012460094565e-06
326828	7660	189.422831859108	0.225939884278117	23.9745912160534	1.58788923417728e-06
203536	5445	238.078427571695	1.58728249984231	41.5294948599681	3.20468941405936e-06
259470	3871	161.083141983991	0.97752197274105	29.0874702720904	1.70086590614895e-06
213258	10651	202.283832420195	1.01018625438969	37.3209851456175	2.59874087069781e-06
265149	14386	155.812313842062	0.804204615731268	27.40610992211	1.60997420930152e-06
168583	21989	160.036487407868	0.278440892242136	25.7369335097934	2.60083240827705e-06
289663	4495	205.660955878809	0.312608268620836	26.8471849242149	1.94520761588664e-06
257761	3328	166.99664210272	3.30736905102726	48.512004051227	1.77499717512256e-06
274890	46432	208.161097880204	0.170501008187181	26.047687117563	2.07466396651018e-06
188723	3022	224.408721202245	0.312323538069032	28.7319808807804	3.25778211586678e-06
214992	23125	125.185872210125	0.864783830844661	29.2185540001824	1.59529188228635e-06
188547	7978	235.732351552635	0.100440844379364	27.3368273217266	3.42536375040873e-06
231476	14969	133.999730544507	0.560679426734842	27.5387948082727	1.58600697021292e-06
182849	1620	139.982443021355	0.351011276175417	21.5107678032805	2.0974330869967e-06
319739	15082	233.203064826969	0.290135413413169	33.5440442085441	1.99823138990007e-06
345937	4146	183.578040451145	0.434690983151236	23.643118628231	1.45388766013057e-06
193466	15735	280.157198914487	0.170531223430425	30.9939505979206	3.96738429299583e-06
180043	17881	186.154750390685	0.1178343532739	25.2744759123088	2.83272893013891e-06
310451	13004	245.047098445481	0.894383461075658	38.1415849646575	2.16253744890261e-06
219826	34652	244.481485453959	0.713666842362357	36.3640589366562	3.04701122212548e-06
196977	43583	221.64502413817	0.559621577685654	34.9127206237504	3.08283018562796e-06
291040	3681	165.719307781472	0.920022082744779	30.4320761356912	1.5600106541065e-06
233752	38285	173.298201325379	0.60149955251984	25.3595000313772	2.03116804421896e-06
176555	4118	158.465304670552	1.11276482086729	34.803226919482	2.45901571547307e-06
428611	7968	94.4195561352591	1.02423151469193	23.7429979680614	6.03539609200571e-07
339747	25381	162.454762168966	0.527643975526872	29.7777469682358	1.310038176022e-06
380591	21351	180.831196195514	0.130694520107771	26.2013096138596	1.3017331854464e-06
331342	3761	165.56863490376	0.742971005824864	27.4051426087645	1.36901660026941e-06
212133	1336	182.932030755634	0.352388685300825	27.6153835104771	2.36259160953669e-06
257929	7062	63.2122925612607	1.27188980867519	29.6021937673414	6.71441998307814e-07
294471	27021	159.361401332348	0.96648203945653	31.3041924105007	1.48268107553115e-06
224938	46424	302.636872756365	0.294706736049669	32.7856594075304	3.68609179925458e-06
147828	37760	127.904287400567	1.37487478621839	33.7211742458924	2.37047585847764e-06
169642	41174	192.020115704452	0.367953712628216	19.3425180289088	3.10113361537426e-06
277928	39067	217.147475508001	0.143667314887345	26.8640311894644	2.14057090481304e-06
207147	2214	244.354164398449	0.187010348335796	27.9400171834124	3.23182794877715e-06
275565	4799	196.46789642897	1.69820978244213	42.5413468553451	1.95332574671834e-06
245103	15005	188.012983257666	0.489099194370416	28.1553753298925	2.10158204395553e-06
260426	5522	160.036487407868	0.278440892242136	25.7369335097934	1.68361119813141e-06
192133	4396	140.619087337201	0.300493556331096	23.924977190671	2.00516191141854e-06
250989	16257	177.342467396791	0.366970328675938	22.873733794861	1.93582098693504e-06
366782	13584	142.547454169304	0.131896480981847	23.3979676956332	1.06477681654732e-06
270278	27595	192.463087367652	0.642804898643904	30.8184603405956	1.95093988328458e-06
210310	1420	207.723401838597	2.0076067403737	40.9869691362768	2.70603019598071e-06
324765	9432	180.19177888138	2.52728044116183	44.9499540545124	1.52010255576903e-06
128466	19729	182.932030755634	0.352388685300825	27.6153835104771	3.90129408486173e-06
208044	2261	168.285789946688	0.852537069789034	36.7464214963969	2.21615119281522e-06
302055	32167	165.391465503102	0.208737102290467	23.379296931845	1.50014832645785e-06
256199	2054	363.991506820522	0.533740215708273	35.857646150109	3.89243129359495e-06
290989	27350	249.473617375851	0.259271405719948	34.4087142494724	2.34884948459758e-06
228253	4863	163.51232966911	0.944402096668577	33.0923723349563	1.96264226711071e-06
213081	8717	193.670339530632	0.31825869655298	28.5334512702972	2.49015008352193e-06
382583	15200	204.701632094201	0.660774450332138	33.7722696769303	1.46589469291417e-06
207662	6735	298.375493846337	0.374089644258842	33.9224905772085	3.93652717602797e-06
276151	26291	203.003976480597	0.418010206535669	30.8886595776324	2.01402594243379e-06
224028	21199	192.020115704452	0.367953712628216	19.3425180289088	2.34828909234257e-06
241229	16720	172.328988222902	1.55140129995539	38.1680305775453	1.95720338064379e-06
252638	3180	69.8742341498851	1.06875444435143	27.4235811576011	7.57749261571461e-07
178957	16626	214.06841245836	0.135424426996186	27.5107791813998	3.27726102502713e-06
277099	17787	290.329348800264	0.295908483892115	33.1335449081661	2.87053678802659e-06
280215	3366	189.122850641692	3.36960672201898	45.5436868299445	1.84909728700679e-06
257254	3369	214.874756531558	0.349620956133912	28.8973747928971	2.28839187379072e-06
265337	5959	178.41949908323	0.870360537922205	32.7140197127676	1.84226302940603e-06
164118	1986	184.779194196105	0.536369278016141	29.60087900066	3.08463646681389e-06
266340	36772	214.05891171511	0.509562026231911	27.8695306335573	2.20193276196673e-06
238544	21808	203.239459804132	1.04597979524257	33.5727095583596	2.33424625150723e-06
217215	46895	177.992072638162	0.375571576412011	23.834204679584	2.24500846662135e-06
174741	11490	184.525899329643	0.447347758132229	26.4605157285038	2.89314132986712e-06
254748	5480	121.035252135981	1.7041991219096	28.8741044258681	1.30169198780574e-06
219243	8775	237.273927253771	0.469378483762247	30.9665482656945	2.96504588114522e-06
284679	41527	154.71032589478	0.337662352417099	27.3566951612805	1.4889187701272e-06
415778	7685	163.988924898402	1.20696301553932	37.746076930937	1.08058801992661e-06
285569	1447	150.147740594492	0.589990640103808	29.5758409357255	1.44050535198716e-06
213333	4077	204.753258716656	0.295222649164768	29.6575327632615	2.62954082162829e-06
188699	6681	215.083187450833	1.11296907066362	35.145208100898	3.12279877855532e-06
158004	36183	183.578040451145	0.434690983151236	23.643118628231	3.18316963800023e-06
185279	34298	211.602907765423	0.407003849692209	29.8676047359516	3.12897842646966e-06
268235	13509	242.092555778348	2.06705374676768	40.8529617467956	2.47270966169614e-06
168348	35021	95.8575267159693	0.892446447256806	30.5629759911848	1.56000285637887e-06
221503	5524	247.66008675459	0.943274455905811	42.466934338997	3.06325776910025e-06
179853	27245	261.744554446663	2.05717697111264	47.0611859979746	3.98719158616771e-06
204426	15070	137.349773444103	0.942851186502022	29.9186549582596	1.84076755971318e-06
326809	1909	218.87917638133	0.280555924851229	29.5493452399987	1.83492185462214e-06
197196	41068	161.668646771462	2.12259247027436	37.9431997120049	2.24612973576476e-06
348474	12421	110.338975715947	0.197287536148795	22.3232979459205	8.67492448806322e-07
229580	24091	172.862837065554	1.12339219528699	36.8196374318173	2.0628835868901e-06
255222	10013	195.989356116777	0.825344452394329	32.3240024217593	2.10388265919852e-06
319829	11442	124.592084257551	0.178098335464825	24.857523545078	1.0672833797063e-06
250421	49321	229.349968112284	0.759975111421056	33.9133839371222	2.50919881727154e-06
268790	39100	290.571956814201	0.619115984544354	36.0219594911248	2.96174542548316e-06
226651	7377	214.818367526154	0.565965594388681	33.7545413646214	2.5966947980569e-06
225291	6592	380.354644752814	1.2926128296054	44.0504780715737	4.62542897794729e-06
309404	5472	293.121909483527	0.103015259906819	30.4497108723252	2.59555055724038e-06
223222	24452	194.28338656008	0.42362233065441	27.9489440672714	2.38454655387701e-06
182479	18935	293.121909483527	0.103015259906819	30.4497108723252	4.40091037660445e-06
203536	5445	238.078427571695	1.58728249984231	41.5294948599681	3.20468941405936e-06
272591	26862	155.971771237392	0.729467238667775	29.5877166146313	1.56762300001957e-06
198886	32043	120.920780634065	0.898917747238709	30.810584611356	1.66572715000725e-06
256043	5129	188.598958677546	0.491412648277413	32.3448697568328	2.01805741937445e-06
269815	31442	265.390068495917	0.252166871516816	29.7218406676519	2.69479487082262e-06
193944	4551	181.788441917658	0.740816682538509	31.766257237968	2.56801203337975e-06
290013	2057	206.005742192272	1.1698036918335	43.5141809201268	1.94611722121925e-06
230693	15919	146.351362486113	2.68231813725228	44.7690034735846	1.73807890550756e-06
303793	3897	261.795029061133	3.00721141414891	48.9344411107016	2.36097163187436e-06
273943	6088	125.353277410762	0.286693531436287	22.9071785186071	1.25366823296019e-06
275172	14339	146.351362486113	2.68231813725228	44.7690034735846	1.45713458109203e-06
183572	6424	155.812313842062	0.804204615731268	27.40610992211	2.32542572735541e-06
167724	21215	156.610153214663	0.504950985529186	23.9619209917783	2.55818435594718e-06
160927	2279	87.7710379218057	2.25999454864909	35.013431386856	1.49427129720956e-06
218703	14749	218.827805372223	0.309772695707657	25.7194062025882	2.74128948343873e-06
208640	33459	227.400133060713	0.51347193414496	29.8490261482124	2.98607200527241e-06
213455	3735	213.069140401381	0.677920714417809	29.9378302618055	2.73477346322562e-06
261839	2462	147.845257802775	0.815465874205179	32.1476214066073	1.54696397721317e-06
402827	2678	139.747298239811	0.830893134764217	32.6607316537708	9.5045592834159e-07
306894	14021	225.672453227454	0.454466608785478	29.6592603701371	2.01463923626349e-06
205065	16328	202.065428186531	2.10750093899243	46.3673555379417	2.69965090502919e-06
294201	12003	132.5113280992	0.754951026905352	30.9563668827729	1.23400238108761e-06
287220	1639	151.902996786042	1.73412083598812	30.6995147618697	1.44896801731899e-06
278465	19769	217.716380400988	1.78106440176872	39.5385268774206	2.14204023477029e-06
326110	41597	181.084882177051	0.347144794639258	25.2030254492166	1.52133625116872e-06
219376	2406	248.180868288154	0.341116323679602	30.8562565371896	3.09946203938036e-06
203354	36873	124.472959085912	2.36458875770853	38.6340179170939	1.67698597379362e-06
232382	9630	278.308210425197	0.396006142168713	30.3328451187903	3.28118463452533e-06
211506	44804	164.061544165412	0.175408547166995	27.2703180799958	2.12515806948722e-06
244440	5567	141.612892198366	0.544020886528074	31.0174928710184	1.58722192182485e-06
189688	17926	200.989554403157	0.179792008146383	27.5067155939058	2.90295808608508e-06
203304	5777	190.786233225262	0.994050617231418	34.6284622299855	2.57103652085711e-06
221633	29843	189.595730883143	0.699103931005631	37.4779406015746	2.3436959233686e-06
200257	5894	110.291407234964	0.378282827136339	29.2134558619695	1.50890225560106e-06
246122	25818	196.16830461578	0.298600518121153	22.3629952141578	2.18366261409482e-06
179167	29767	222.523187696397	0.418549435759878	29.9910958259965	3.40270568258231e-06
233653	4450	168.036837186253	0.717829127351999	26.4460236122436	1.97033591009186e-06
201174	20585	241.737360342532	0.325088238855816	33.2623059428941	3.29214579381404e-06
230294	2858	163.649970941837	2.50859483628004	44.1759433014292	1.94688565386921e-06
142240	3879	194.71413183522	0.658273661823242	31.4092842645476	3.75044554900881e-06
163675	38175	165.397302316725	0.395718043405344	29.0816744503028	2.7685553323258e-06
280201	5207	200.989554403157	0.179792008146383	27.5067155939058	1.96521894437674e-06
250641	14759	139.905948856474	1.39926431771649	36.3460547163318	1.52929476609889e-06
261566	36536	283.918867320245	0.760170139519715	39.4881152923296	2.97385711623997e-06
210963	3114	141.612892198366	0.544020886528074	31.0174928710184	1.83909276304786e-06
272213	19451	147.392988929794	1.6075552549386	34.6257656748269	1.48345746906589e-06
239843	14806	117.529523185308	2.22084400943807	40.08180256038	1.34253946814532e-06
215680	24685	208.161097880204	0.170501008187181	26.047687117563	2.64421540130742e-06
270541	7087	192.544997214059	0.494515973181522	31.6458746659276	1.94987281156087e-06
170345	6902	135.492117827906	1.74047203497468	39.0502352874004	2.17917333482222e-06
271902	12890	229.586232119584	0.375866976861744	28.0604619742129	2.31334589547003e-06
243461	49932	249.71401807969	0.414139690513575	31.7485879987273	2.81009276532536e-06
265696	2064	164.115409966755	1.29935291098844	37.9025394298232	1.69227711438219e-06
391486	5185	243.922490920592	1.15672571900194	38.4574058041331	1.70703625938787e-06
172401	30672	190.630521155233	1.71972790041797	45.7374514774165	3.02942210558695e-06
214815	2935	149.60885128796	1.08093580372939	32.7502923073127	1.90809423831031e-06
262535	12723	157.736185509646	1.02705742567601	35.5176728459778	1.64608121927796e-06
261378	11248	156.390294851616	0.585849385977945	28.8993961600528	1.63926023321513e-06
341417	41183	97.8503949360044	0.535728392935757	27.3884516475135	7.85207748288083e-07
272591	34970	184.709344558368	0.732254197061305	33.2073360943823	1.85645527104728e-06
214992	23125	125.185872210125	0.864783830844661	29.2185540001824	1.59529188228635e-06
273482	25435	189.21173305212	0.258410079810864	28.4237219532861	1.89551162318484e-06
356523	30450	225.711753918924	0.675616098890863	35.3441648097528	1.73449782174267e-06
225636	6083	140.619087337201	0.300493556331096	23.924977190671	1.70743043453429e-06
145181	16813	232.823689407587	0.274601199726181	32.2856029610483	4.39364050161262e-06
254124	20598	152.512574766579	1.64545559961214	34.6116929832108	1.64424718087771e-06
154420	21423	293.121909483527	0.103015259906819	30.4497108723252	5.20058104269138e-06
284905	16042	128.288130253971	0.398801542952105	22.323235593174	1.23365447943326e-06
162396	30045	104.121590545481	0.678869797185934	26.5150204679242	1.75659887947643e-06
234393	36767	244.98346434724	1.10990590282166	38.6127936960479	2.86351372930967e-06
259207	35547	194.076107729605	0.347270867273267	27.1144729293928	2.05131560352442e-06
270707	29290	293.121909483527	0.103015259906819	30.4497108723252	2.96657908592095e-06
274618	36497	140.595026091345	2.39402454349846	43.2240254250324	1.40264604761907e-06
236659	3853	112.734275332151	0.836534691967264	27.1949145503532	1.30508887600836e-06
222780	23267	170.373016193518	0.483398060128575	30.7417016919887	2.0952302129076e-06
331342	14839	198.945567164346	0.332187584601528	28.4468529120204	1.64499625280064e-06
287916	7305	298.680701096815	0.650785832540563	39.309075936437	2.84215983368832e-06
177281	11876	214.232459258844	0.437779581664482	29.5926340064837	3.31077918414708e-06
242811	21587	197.044097488008	0.671071311591217	32.6205652063142	2.22332119398585e-06
348068	3539	184.054713456123	0.786274664718698	32.1300604103126	1.44873843306735e-06
226692	3505	313.217086142608	0.323916317634628	34.5724766329244	3.78544017049756e-06
264442	20624	204.486084786846	0.348899267256869	30.2227889445903	2.11855850708694e-06
183648	1397	198.758735507615	0.741856262703609	33.8557718600244	2.96515334140737e-06
200752	7927	209.085784803437	0.1594278546968	27.7573638095581	2.85345982398561e-06
259742	20739	145.551697289367	0.130728588193713	18.8128904834374	1.5352610413238e-06
202188	25176	142.741096334025	0.612242948813059	29.5472114811919	1.93419736485621e-06
186248	22756	280.841475581684	0.607888864255619	36.0608340287161	4.13120516850539e-06
290989	8350	142.741096334025	0.612242948813059	29.5472114811919	1.34393910699562e-06
358728	3208	197.463110124327	1.12644359675618	36.6442125875056	1.50809198684917e-06
269592	4997	207.387818723074	0.374036269426798	26.3836988271204	2.10757665183222e-06
137502	43853	213.411136181587	1.24397406595012	37.0897674111207	4.25221483566141e-06
198096	6532	194.244999590082	1.07161635092306	33.7822122913578	2.68646555745052e-06
278288	10780	160.89772060515	0.652591024442325	26.8163945902899	1.58402688183041e-06
322054	7613	152.51524894758	1.01250971215195	28.9604630482762	1.29745321317747e-06
281835	20635	197.514989792854	1.6943070219265	41.0942543585602	1.92004881699074e-06
193439	5725	246.616529109758	1.76606000393632	42.2254986892486	3.49289297188456e-06
199968	14190	309.881862188956	0.419092876820007	37.5311173123535	4.24563631809796e-06
212191	4837	159.732100731409	1.66833292888788	38.6688442174382	2.06239752762691e-06
369487	28117	189.512028161693	0.367746168693413	29.8130929921058	1.4052213908999e-06
228516	32870	293.852743260674	2.09618903807969	45.5783837375338	3.52306188158971e-06
183093	45458	206.169729285032	1.31868874583684	38.7869916489316	3.08503642074601e-06
133990	2830	185.519113956056	0.849880410599763	34.1064312533393	3.79335431812139e-06
311107	22698	184.198221894439	0.160535338941174	23.6662789470359	1.6221192796192e-06
284368	15891	171.90798161903	1.02119226229006	36.6087885336729	1.65623688867589e-06
213339	1698	140.311421620445	3.76457340960234	51.123396291696	1.8018967640921e-06
258978	25446	158.618294108773	1.97381115146751	37.4761431470343	1.67802156473198e-06
184398	11531	314.042908744993	0.255481265346152	31.4964057194184	4.66594827930997e-06
221316	20620	141.318468251664	0.632360884570681	21.0526276663669	1.74941660621463e-06
235241	3153	141.612892198366	0.544020886528074	31.0174928710184	1.64928956504549e-06
221040	20417	161.668646771462	2.12259247027436	37.9431997120049	2.00383550205333e-06
319368	1663	217.716380400988	1.78106440176872	39.5385268774206	1.86769881132521e-06
183398	38547	192.231438746351	0.676703967035919	31.457334295753	2.87168603811056e-06
297246	15496	263.560613535058	0.695363774636039	35.9090909898843	2.42924672728578e-06
203150	7526	283.064730876663	0.603212569536644	33.2166560023514	3.81747384012304e-06
264378	13563	133.999730544507	0.560679426734842	27.5387948082727	1.38862745552582e-06
233503	16272	141.612892198366	0.544020886528074	31.0174928710184	1.66156548982611e-06
135603	3239	153.871655533264	0.493287975178645	26.515406784689	3.10882635003052e-06
322591	13859	139.600610888951	0.689967253123347	28.6274240647133	1.18561096587635e-06
318420	1989	185.986997544713	0.236056793015328	22.0131633253874	1.60025569352026e-06
215639	3971	159.858298498952	0.935691156011591	31.8369786980037	2.03102379946586e-06
197290	11524	163.030426661358	0.33432178797966	24.0227942222115	2.26397031365909e-06
190625	3327	229.92697350329	0.876292195011673	36.4467788960247	3.30458708830239e-06
252636	19459	212.705299809576	0.526367302194366	31.8912317601366	2.3066951901298e-06
248517	8449	131.917593210047	1.14254110360936	31.5703514342829	1.45429915695574e-06
246144	25468	163.5704510838	0.917026602058231	36.9797017054209	1.82063435284792e-06
224652	3602	210.461479650895	0.636842767607767	35.3859349481424	2.56666663801834e-06
193774	2774	207.387818723074	0.374036269426798	26.3836988271204	2.93220867980612e-06
393711	11491	204.144655993662	0.561823192694375	30.9018208307424	1.42058623553799e-06
214043	22453	214.818367526154	0.565965594388681	33.7545413646214	2.74965064344265e-06
221622	7183	251.534170719541	1.09688581558069	29.8616667749807	3.10950498732126e-06
350558	32134	193.670339530632	0.31825869655298	28.5334512702972	1.51359737888434e-06
217229	39791	172.051878637672	0.414653280854762	29.51051960726	2.16994512687636e-06
190617	39421	186.154750390685	0.1178343532739	25.2744759123088	2.67559039733602e-06
239237	20342	186.228011097244	0.853747358552381	35.9018850595754	2.13267065309106e-06
282306	2367	178.819648362286	0.563132693810385	28.9479943935376	1.73541067079049e-06
185329	17515	268.463348744885	0.985283758136566	39.3173959490419	3.96870443351331e-06
292199	24871	247.002605533159	1.38599607223734	44.8772305051992	2.31595408339568e-06
315726	6473	164.047414001768	2.27462519408764	45.0407095743381	1.42352853381685e-06
177595	33526	212.005361705103	0.420237689896214	28.8662395325361	3.27056846989634e-06
245374	29873	245.047098445481	0.894383461075658	38.1415849646575	2.73607600458591e-06
155153	39333	188.254397478326	0.433631868478265	30.7053360172504	3.32423783325723e-06
241839	23131	199.988012784761	0.583814303125789	33.0352360176058	2.26560796146968e-06
155765	2315	188.712264365338	0.446871937504745	23.4376483223494	3.31923026591846e-06
259479	15469	145.551697289367	0.130728588193713	18.8128904834374	1.5368171350881e-06
192432	4467	194.962649642044	0.571741029628302	28.2799541457168	2.77575582852458e-06
177465	12856	163.239992220169	0.753947896081324	33.5799511608662	2.52011864535386e-06
292381	18846	184.198221894439	0.160535338941174	23.6662789470359	1.72601045459346e-06
256277	22754	154.256975116776	0.296954986032922	22.8458181959301	1.64908224161748e-06
211603	39247	94.4195561352591	1.02423151469193	23.7429979680614	1.222495500721e-06
261843	5673	176.555896973299	0.107421694936639	23.1962601684919	1.84734663988809e-06
374400	21880	144.615986627838	0.603240621546181	28.5853269881507	1.05824835080668e-06
221013	2785	122.242209876359	0.664045351579251	27.1477913213923	1.51534146880418e-06
184026	17937	160.653371040736	0.443297283103846	27.62241578335	2.39176106653089e-06
223373	10113	182.764047941941	0.283850273034218	27.4078749285033	2.24164701651057e-06
292504	31093	229.586232119584	0.375866976861744	28.0604619742129	2.15040948387062e-06
270035	3364	203.856928605529	0.424816191742743	31.0479748500391	2.06829534381037e-06
316044	8979	236.833238064893	1.72507617371226	45.8296983088136	2.0530628218829e-06
295254	6698	177.749003058085	1.57283354579389	37.3350304807074	1.64937162586163e-06
184852	47258	137.04501870435	0.229173120396538	25.5624363205522	2.03116982596592e-06
186178	25624	165.647176920027	2.52509394899624	44.1694040100314	2.4376020903258e-06
221477	36888	160.036487407868	0.278440892242136	25.7369335097934	1.97969147985827e-06
334893	30909	181.365647015166	0.579634614397446	32.6969957054793	1.48373415868111e-06
247240	33671	207.387818723074	0.374036269426798	26.3836988271204	2.29811440187976e-06
267894	4254	225.459184767069	1.56810759757539	40.4509488860323	2.30574927628878e-06
295374	4730	123.369078602282	0.52261475282084	23.3681370445035	1.14430341066814e-06
248824	1299	184.44465997672	0.837895042074551	26.9084691893673	2.03086452895483e-06
294096	19409	163.030426661358	0.33432178797966	24.0227942222115	1.51875137091903e-06
233830	15310	214.874756531558	0.349620956133912	28.8973747928971	2.51763231022606e-06
280881	3237	184.44465997672	0.837895042074551	26.9084691893673	1.79908158811973e-06
255050	11723	194.076107729605	0.347270867273267	27.1144729293928	2.08474951438053e-06
195209	14351	154.186901894828	1.51051835146343	33.9312956858337	2.16398766555337e-06
358728	2325	298.21514221424	0.647216661433772	39.7651287390837	2.27756904085638e-06
176946	3455	293.265913975834	0.465472979682506	31.6616585096896	4.54075400104008e-06
291979	7565	164.92684324848	0.136533388069249	23.3546606150446	1.54755775266142e-06
234204	32919	146.351362486113	2.68231813725228	44.7690034735846	1.71202300963372e-06
211111	6449	171.65877735573	1.70841224204084	36.1420301648172	2.2277286363699e-06
209745	30940	310.967429158712	0.393760046590233	35.366924883307	4.06191117470708e-06
262291	38250	143.663084835577	0.587942132315509	29.5355588787386	1.50061379422173e-06
198096	20418	312.044658123639	0.993819931823374	41.3750265474781	4.31566953180081e-06
127588	10542	317.262676689868	0.102351938584838	32.9390098480057	6.81265332828286e-06
185382	2310	273.286863806837	0.504827771011803	32.5978485606777	4.03885562631411e-06
234471	3033	177.191495199305	0.528249404070161	34.1605300371006	2.07043152983086e-06
263156	2847	170.368144716994	2.99467077969073	43.5639555356768	1.77370852391939e-06
207871	1705	341.84555706699	0.206231175163317	35.2304441515893	4.50550182587541e-06
374277	18204	227.990446799124	0.120035015247298	27.9398059130697	1.66890127123358e-06
244898	4457	205.46564552952	0.257887502164035	32.6845244449251	2.29858788880761e-06
383141	30283	123.369078602282	0.52261475282084	23.3681370445035	8.82175166903804e-07
270034	5573	169.656137247981	1.00435670966329	34.2075682138489	1.7213067055481e-06
241354	9088	174.767677581521	0.290267254172322	27.1710258152819	1.98387246541539e-06
234270	35356	184.054713456123	0.786274664718698	32.1300604103126	2.15247145994316e-06
210414	9706	274.124971607611	0.521489191372959	43.522413004488	3.5692839804999e-06
219777	9214	206.943523026088	0.803291588376707	38.4349647825372	2.57974472413336e-06
259470	3871	161.083141983991	0.97752197274105	29.0874702720904	1.70086590614895e-06
190061	4575	252.316963733069	1.93904263352191	42.9760808060809	3.63714466772952e-06
317909	12243	137.078089701674	1.01581002711719	31.4400126844129	1.18133305487285e-06
266537	49778	137.568529072556	0.489301860435516	23.5307847158479	1.41406288676934e-06
205960	20875	179.965624687303	0.452472641852338	24.4529955595479	2.39394302773651e-06
227149	5995	231.805907429272	0.897080804938591	35.8634323822717	2.79589466776616e-06
358475	5524	213.069140401381	0.677920714417809	29.9378302618055	1.62842895485829e-06
258389	5542	126.840184013036	0.478178306562073	26.7233542960097	1.34489995108295e-06
238470	6490	120.920780634065	0.898917747238709	30.810584611356	1.38923055292633e-06
152389	18052	250.510052353654	0.144812035036594	32.8822271259932	4.50379561883047e-06
207617	21426	122.357234060123	0.52705086611411	29.6163860718701	1.61463318897228e-06
270353	10659	155.290021896814	1.11571283125511	28.7755482423502	1.57369111785625e-06
312892	10313	239.790496810131	0.780735946205547	40.0298474977276	2.0996390615076e-06
295708	10365	199.988012784761	0.583814303125789	33.0352360176058	1.85288312725346e-06
166341	25366	182.755838877403	0.765035321462621	35.873656648217	3.01008728113478e-06
281479	2573	187.553316529384	0.365098340470273	27.0698446180584	1.82551701128763e-06
342651	24401	142.547454169304	0.131896480981847	23.3979676956332	1.13976311269151e-06
224488	43899	219.203378564601	0.310550177722845	28.6913476957129	2.6752307541911e-06
314551	4239	305.170836582057	0.118273653035963	34.3185591044817	2.65802519714278e-06
152285	24143	178.311613854103	1.43769907792931	40.9358663101142	3.20796512764419e-06
280881	3237	184.44465997672	0.837895042074551	26.9084691893673	1.79908158811973e-06
255050	11723	194.076107729605	0.347270867273267	27.1144729293928	2.08474951438053e-06
216206	7546	215.966137231166	0.931130563352212	32.7716829667787	2.73668652677851e-06
272212	32289	140.619087337201	0.300493556331096	23.924977190671	1.41528578286989e-06
284809	7294	110.509188760865	1.3556184305514	30.0341387436003	1.06304541188902e-06
251653	25920	144.860594290633	0.564902867796123	28.9097548712537	1.57708567162832e-06
261141	2529	143.017438956465	1.48265439861188	36.1161051171468	1.50044841629896e-06
238093	20981	183.578040451145	0.434690983151236	23.643118628231	2.11242470581911e-06
202431	4031	196.16830461578	0.298600518121153	22.3629952141578	2.65496593854818e-06
202249	11456	122.242209876359	0.664045351579251	27.1477913213923	1.65592988862649e-06
293249	4731	310.871706988484	0.431648467541317	33.5045860397943	2.9043690066045e-06
232958	22463	213.737877056042	1.10107134921315	35.414106567082	2.51368583526247e-06
297069	2530	208.133845523491	1.20347152656265	35.1744435152253	1.91951941724983e-06
251890	23848	200.961402166194	0.56274910845374	26.7672412598799	2.18579214743328e-06
244971	29801	134.711278297614	1.11520602108001	34.3393822925564	1.50659463910393e-06
401049	5385	207.641476597844	0.237476288013901	24.1246705639076	1.41848192565575e-06
246710	10237	290.193888338475	0.515572631401109	34.2437965834806	3.22261663034548e-06
148550	5512	235.287476186194	1.40395839919143	41.4625401676232	4.33943603115401e-06
270231	8336	293.121909483527	0.103015259906819	30.4497108723252	2.97180458427199e-06
239724	38328	180.907762671076	0.350408385455536	30.7460858838445	2.06753477310638e-06
162847	16712	186.275246578672	2.02359590915653	46.9204705044607	3.13388113573741e-06
186296	24523	238.604376720383	0.114782080391796	23.8643708131425	3.50898903439545e-06
239931	34832	280.528468611479	1.60205469789377	42.3167705651937	3.20330072762905e-06
238470	6490	120.920780634065	0.898917747238709	30.810584611356	1.38923055292633e-06
322830	4364	125.806949632908	1.35955377419734	32.3455914200321	1.06767206993382e-06
227263	4018	199.167349854518	2.44660959888716	51.339881146601	2.40102424153584e-06
283326	17890	199.568546041746	0.799531432434378	33.2065084545206	1.92980220608204e-06
186296	8684	226.776307206479	0.217222045812178	31.3774392227292	3.33504182188897e-06
205065	16328	202.065428186531	2.10750093899243	46.3673555379417	2.69965090502919e-06
182849	4111	156.411833369059	0.136011593672692	25.1305499478583	2.34360357931481e-06
158340	37997	296.935722758213	0.358976183977437	38.6574314557929	5.13782069031636e-06
246995	8849	178.819648362286	0.563132693810385	28.9479943935376	1.98350915940882e-06
205586	27260	176.994867631246	0.396744736525644	26.007819695175	2.35870849943604e-06
301832	22644	185.274383670191	0.430349143333549	30.3689356356983	1.68173371660794e-06
287735	26659	329.827858287153	0.558644670108271	36.61269158404	3.14052154902952e-06
216994	29246	228.450325260901	0.566089104310067	32.3960357026297	2.88437146688231e-06
222926	1445	171.747818485228	0.676914460989519	28.9351831558202	2.11075409980298e-06
282020	39332	218.87917638133	0.280555924851229	29.5493452399987	2.12633492797392e-06
209091	17896	184.198221894439	0.160535338941174	23.6662789470359	2.41355516365836e-06
215639	9730	245.641978054921	0.605424860760232	34.4415042708021	3.12091838998703e-06
317330	10850	179.965624687303	0.452472641852338	24.4529955595479	1.55376581474368e-06
203097	5736	133.999730544507	0.560679426734842	27.5387948082727	1.80762172477686e-06
347966	7715	141.347279458054	2.12068409601094	35.5422360346327	1.1129041930333e-06
220833	9900	166.122507102868	0.913082802558144	32.2763146069353	2.06096985706943e-06
202695	47239	51.7081049357813	1.51181485715778	30.0899797951606	6.98912360541448e-07
292557	37653	194.962649642044	0.571741029628302	28.2799541457168	1.82577838026313e-06
179831	34277	161.274121218058	0.427757399863877	25.0859426726352	2.45701190254591e-06
234757	34205	166.421738577013	0.731566622478521	38.2983435948004	1.94222097191626e-06
210179	46246	251.534170719541	1.09688581558069	29.8616667749807	3.27879909172711e-06
208436	1431	176.472468868749	0.357334525078546	23.648677503254	2.31959074285999e-06
164251	6632	207.641476597844	0.237476288013901	24.1246705639076	3.46348428808538e-06
272194	7432	200.924701929826	0.677992623904905	25.6523635489333	2.02237608258882e-06
278912	38068	173.298201325379	0.60149955251984	25.3595000313772	1.70229173600373e-06
282268	24783	158.618294108773	1.97381115146751	37.4761431470343	1.53956760522326e-06
284617	9226	151.646587849798	0.333485356037191	27.550445017376	1.45975153872775e-06
152208	44020	87.7710379218057	2.25999454864909	35.013431386856	1.57986831865633e-06
203361	12282	266.386552933797	0.271698613865134	30.6042257389626	3.58882072974347e-06
166948	9742	162.921255827946	0.630266370339985	28.0363900101741	2.67364451810187e-06
192099	9227	156.256640556179	0.337011032756451	25.4327898270553	2.22854041450201e-06
301905	29248	138.386338624059	0.661790102153387	27.3641634073263	1.2558276734885e-06
208979	11760	191.943214808796	0.726518008960013	38.7283801824398	2.51638595932587e-06
207671	5843	194.28338656008	0.42362233065441	27.9489440672714	2.56310823778734e-06
219153	6416	209.039538079892	0.196228749419017	28.6538955999648	2.61329328474892e-06
233156	48276	263.623603958914	0.252838103227799	31.6882055402496	3.09773906398507e-06
250139	21545	149.10281379228	3.75217176269291	50.7622684121807	1.63309543775611e-06
224346	43364	241.391894118866	0.240460811021818	28.0825006197406	2.94789144945834e-06
239208	40713	261.795029061133	3.00721141414891	48.9344411107016	2.99842252333537e-06
201196	17446	152.512574766579	1.64545559961214	34.6116929832108	2.07679412410469e-06
177324	15835	177.046368639951	0.369054142981128	24.2028077299627	2.73543651293138e-06
227693	19001	192.340726075885	3.87982977175851	54.2304336126868	2.31434823801605e-06
254873	5841	149.992429603016	0.855736271388886	31.1610324968542	1.61232521018678e-06
156393	5177	240.19703361311	0.295258351264076	32.72096878428	4.2078230144153e-06
362078	42200	214.874756531558	0.349620956133912	28.8973747928971	1.62588713785471e-06
172071	5765	189.422831859108	0.225939884278117	23.9745912160534	3.01600306052556e-06
287057	33388	164.92684324848	0.136533388069249	23.3546606150446	1.57409282847772e-06
200463	7806	223.737524231482	0.694651930219691	33.5483972553965	3.05781874182476e-06
267242	6063	314.555005817591	0.529036334872104	35.7949453223541	3.22477206609197e-06
215124	47067	238.889254114763	0.116845643946582	27.5459682443663	3.04239000373614e-06
285982	10710	164.775657307664	0.341044047716555	29.935739618212	1.57856143745865e-06
281649	17033	212.501646438799	1.49558174321797	39.8344721243287	2.06709873499692e-06
149680	34742	232.919313134712	0.700372376896467	36.1799510243103	4.26332913200603e-06
271499	3349	197.391691485813	1.53054615935892	35.8167525705132	1.99190109265836e-06
183203	49635	268.978962694613	1.38835970516807	45.5651785261903	4.02247051039965e-06
203729	12542	82.9619556356449	0.665457394163348	26.3639089773328	1.11566359791072e-06
149044	6890	175.204319020155	1.04659460567529	35.3031710740342	3.22060487461375e-06
253635	4343	158.894558578336	0.280484995066045	22.7461470277133	1.71635443747458e-06
236392	39051	175.086703405105	1.06036191891739	33.963148152643	2.02921248760597e-06
269815	31442	265.390068495917	0.252166871516816	29.7218406676519	2.69479487082262e-06
178052	7860	197.024809364676	0.283470416511779	26.1619191139077	3.03166489710526e-06
229823	4147	225.62108722012	0.420549368579901	28.2409821739406	2.68963491463705e-06
200965	37029	123.980408702651	1.16895510549168	32.3316454628847	1.69020651660738e-06
226944	5731	154.081209187255	0.747500514838934	33.4137010477018	1.8601077761173e-06
278361	35954	206.909665753732	0.882808706741669	31.5829939769539	2.03647708042997e-06
302279	18544	156.353860177791	0.37385831016219	22.7358364949841	1.4171237175362e-06
197316	25236	197.810068364751	0.222604573044466	27.1046835722869	2.74658615003416e-06
208915	13415	236.152718985305	2.30336389818475	47.1117769818509	3.09692339298122e-06
252720	4363	161.048064034711	0.486572796597825	28.4398298300867	1.74591473843716e-06
276151	26291	203.003976480597	0.418010206535669	30.8886595776324	2.01402594243379e-06
178672	10225	310.871706988484	0.431648467541317	33.5045860397943	4.76685382610462e-06
239488	39625	214.066633868933	0.7043092751311	34.3801298498902	2.44890737075776e-06
274618	3822	246.095054517332	0.442641836250659	35.514256778389	2.455166908487e-06
243650	9212	186.837392789853	0.580901972953663	28.3523696599305	2.1008958256409e-06
428959	8575	189.422831859108	0.225939884278117	23.9745912160534	1.209828124897e-06
248662	27866	154.186901894828	1.51051835146343	33.9312956858337	1.69881151203243e-06
243650	3602	147.655701829209	0.933545990910266	34.6460333727379	1.66031672232749e-06
190169	1937	227.197160653919	0.349384428111102	30.6296160417107	3.27318319176258e-06
206897	3851	286.12644321808	0.68549930358909	39.863692390234	3.78888076487904e-06
310373	6751	206.793087208655	0.542317484072564	34.4212800862643	1.82540492668945e-06
