HSC_pop_size	HSCT_bottleneck	number_drivers_per_year	gamma_shape	gamma_rate	dpcpd
277017	14680	108.949494275039	0.753606561802162	26.2598058217816	1.07752147029638e-06
250338	43846	207.015918080261	0.918013875053215	36.4139622341186	2.26560449811866e-06
334921	23889	229.92697350329	0.876292195011673	36.4467788960247	1.88085224189479e-06
171866	38397	386.323687810876	2.38531580870835	67.8411393931391	6.15840865846386e-06
320129	21454	248.401599601797	0.366176653290703	32.2581442089908	2.12586903303405e-06
259222	5634	175.973239047269	1.25165894736649	37.1339288733513	1.85986707587783e-06
236966	6391	192.268883803599	2.35078300908419	47.2252072082523	2.22295209108201e-06
315186	1500	240.353680366466	0.806142935500839	37.5857442913909	2.08925280272832e-06
271218	38739	199.790503227267	0.669296017502508	33.2483626977505	2.0181965862094e-06
275459	20984	237.273927253771	0.469378483762247	30.9665482656945	2.359935794873e-06
257557	37872	158.465304670552	1.11276482086729	34.803226919482	1.68565218435278e-06
287804	21876	179.681402351277	1.56714293798824	38.9093300641696	1.71046203201148e-06
262837	40558	341.218776809076	1.81298226135042	60.7240632699464	3.55675176577302e-06
270532	16521	273.6331613865	0.11309971014247	30.4530822947221	2.77113204430378e-06
338240	28481	198.709586378047	1.51382981699247	40.8206538527508	1.60953709109886e-06
228764	10299	243.922490920592	1.15672571900194	38.4574058041331	2.92126731934534e-06
366401	13876	164.681855033783	0.153973812769634	27.4483686182852	1.23139173876741e-06
355255	27686	231.935244162002	2.76435268826892	59.5750455852551	1.78868425525714e-06
422271	30461	350.323626941152	0.100817106568503	31.9480326309752	2.27292605635453e-06
253187	16467	171.540137053855	1.02032018683662	37.6635873783037	1.85622870933239e-06
234918	49307	360.683635459005	0.471821886670175	43.422118952083	4.20646499511873e-06
236259	47208	226.197624512962	0.297864504711724	29.1699846192492	2.6230514783081e-06
291123	26326	163.722019707647	0.524239421882467	30.8638026433603	1.54076963569037e-06
245478	29465	237.727486967662	0.805219536677302	38.3233636312402	2.6532242542022e-06
315961	8749	275.276039877435	0.444119399049877	36.1083706826515	2.38694310744381e-06
276102	43376	225.012280616484	0.99983490418056	39.070195760244	2.23276905523682e-06
203859	17592	255.028635903858	0.316754097203292	31.3982616319466	3.42741106116198e-06
320633	26641	237.273927253771	0.469378483762247	30.9665482656945	2.02744431833255e-06
248517	28679	207.445145064283	1.07468613352633	40.2004568025954	2.28693756640317e-06
265410	30150	204.486084786846	0.348899267256869	30.2227889445903	2.11083172725626e-06
220214	27152	232.013259718752	1.18662328470098	40.5793721313721	2.88652295654566e-06
275687	47656	261.129666348562	0.184532700020792	34.9478038673739	2.59505795855705e-06
314786	30504	290.571956814201	0.619115984544354	36.0219594911248	2.52898017356432e-06
382189	37934	148.300408082042	1.27611284353122	39.4423678930093	1.06309309764542e-06
275724	15122	190.879046564281	1.26978767412385	36.1205578803661	1.8966658395966e-06
257031	24173	269.266068468778	0.333298893469198	32.7587173163087	2.8701411739395e-06
237403	42974	305.197487139127	2.15540799851961	67.4456111204024	3.5221016541969e-06
226335	33099	168.285789946688	0.852537069789034	36.7464214963969	2.03705550956789e-06
300080	27503	181.552221044595	1.73293781372155	44.3918057043601	1.65756913265682e-06
525761	20269	404.411336008496	1.44706770441507	53.4443348196109	2.10737628511239e-06
272049	8335	163.967888927142	2.6245121206277	46.6122749791903	1.65127272274875e-06
288822	15309	173.501711263463	0.5785368867257	29.4520302067716	1.64581352579261e-06
341987	30627	173.057309785851	0.580162303316317	28.8342258723387	1.38639660528513e-06
312855	12611	155.962393112689	0.745204131380786	32.4633921705965	1.36578999122915e-06
230099	22129	198.687552458162	0.867101436267021	34.5027591115198	2.36571848982171e-06
342364	28570	234.466618337379	1.56381546214341	43.5582940195599	1.87629043011163e-06
400038	33835	296.441584493246	0.279316088464988	37.3112633783331	2.03022893984829e-06
314426	32752	288.756914724896	0.364981222274474	35.8684089566636	2.51606048756378e-06
299291	8591	206.651628780146	0.208530773721387	29.0055871794402	1.89170020472718e-06
240980	28351	205.370402161477	3.73086138252431	57.4155326929522	2.3348769028917e-06
243826	27843	146.884183975093	0.718385227084682	28.1008154872274	1.65044918035636e-06
226473	37632	198.346607532352	2.4360149925262	52.0242211105375	2.3994708556973e-06
333440	40565	238.406889062207	0.141566738395839	28.2662391454598	1.95888183503641e-06
275539	31385	177.576349352125	1.49266370747038	41.0750322998052	1.76566854844579e-06
389292	28166	182.141689441211	3.50228504271044	58.7761166295275	1.28186124358115e-06
278133	41307	241.567301237062	0.895443412406841	43.56823125335	2.37953864722019e-06
233039	31444	217.124951376554	0.400655517638535	31.6514356895269	2.55263230825617e-06
368834	10330	118.573462731787	0.215926503123435	27.3384224706102	8.80772385422428e-07
287057	31646	195.537876733643	1.18706749243892	33.3626486433493	1.86625029255221e-06
330748	41850	280.528468611479	1.60205469789377	42.3167705651937	2.32373633969295e-06
203011	40293	179.822910188733	0.650341490925579	29.9287030346442	2.42679218055372e-06
225824	16726	216.69576426335	0.634318801154247	35.7110755006535	2.62898108871972e-06
275566	33337	262.768672597857	1.06342993715252	42.9075488728521	2.612492729513e-06
244690	42737	265.485535981313	0.271018463529202	32.2813254284043	2.97256787292294e-06
233311	34762	268.670697590728	0.465242905870074	34.4447646100592	3.15494812927078e-06
219675	23002	253.01788771973	0.93158427383159	39.1894686550556	3.15556932915817e-06
315135	26417	163.030426661358	0.33432178797966	24.0227942222115	1.41735669850002e-06
231079	43169	158.589285348107	0.582941843595115	28.6066177383115	1.880271217785e-06
246018	28433	188.741752802825	0.986048935903681	34.3006206640214	2.10188153960474e-06
214519	24403	223.616763641989	0.258900318037811	28.3861539985802	2.85591797235815e-06
187933	23365	163.649970941837	2.50859483628004	44.1759433014292	2.38572302241839e-06
477900	14633	405.510051221864	1.48096085860143	50.7501687416859	2.32472576209194e-06
315436	39331	273.860893131948	2.88056444443382	61.6811736282155	2.3786245602907e-06
221010	46010	380.354644752814	1.2926128296054	44.0504780715737	4.71502429695816e-06
255710	19352	213.347247268229	0.21077990395084	31.3916367287932	2.28584336245875e-06
284964	36333	323.522438961991	3.03707302461705	68.6147592997059	3.11043797276571e-06
222183	919	261.129666348562	0.184532700020792	34.9478038673739	3.21997517101091e-06
308291	21791	201.527298991966	1.09359591430245	36.5276269439984	1.79093644082818e-06
356569	9632	113.964589945724	1.44493510298352	30.5710103366138	8.75655913093836e-07
252778	22068	179.287520358371	1.20858392616083	34.5718226591635	1.94320188431487e-06
338633	25146	242.398973429836	1.87621930749969	46.1693193620771	1.96114016212271e-06
287254	15546	165.647176920027	2.52509394899624	44.1694040100314	1.57988359421514e-06
301541	36368	231.935244162002	2.76435268826892	59.5750455852551	2.10730555745778e-06
223597	46176	200.961402166194	0.56274910845374	26.7672412598799	2.46237285838795e-06
297835	11749	220.997645484343	0.402497591483226	31.8544307283869	2.0329142019137e-06
335274	12276	191.821982757963	1.07265599014574	37.8349280247915	1.5674930915876e-06
390488	10346	198.758735507615	0.741856262703609	33.8557718600244	1.39452295804937e-06
275755	18491	164.398278417335	3.37965703780337	47.1892392310601	1.6333565746379e-06
184241	9110	236.69719266389	0.670759989822201	39.3323845164604	3.5197673664012e-06
269575	10799	118.742476377687	0.49192794664865	30.046395214926	1.2067953374369e-06
293753	15110	181.552221044595	1.73293781372155	44.3918057043601	1.69327069111688e-06
419792	37047	164.061544165412	0.175408547166995	27.2703180799958	1.07072951043604e-06
282787	14548	217.821974318498	1.08691482820516	38.7428741017337	2.11032520016637e-06
225394	32296	257.494821139893	1.10246621864197	46.9379277266091	3.12992033238226e-06
421593	26647	313.691272070902	0.397095953090252	35.0754708290554	2.03852564596662e-06
254658	42693	238.182649348858	1.18937639699743	47.88425960225	2.56247674801303e-06
336499	22342	204.522670828966	1.29758319560542	39.7638294370654	1.66519390685536e-06
335070	19697	125.353277410762	0.286693531436287	22.9071785186071	1.02496086412336e-06
329176	35223	281.581465248169	0.407653505810034	36.9561327774725	2.34359755624063e-06
405186	34565	82.9619556356449	0.665457394163348	26.3639089773328	5.60959729948106e-07
240001	29230	261.843532993734	0.427561862665216	37.8584039139783	2.98906897241506e-06
229464	25287	205.472541477081	0.610403507147459	34.1488937745044	2.45327576351943e-06
274631	35551	105.314630172437	0.503558634619731	30.0346527026078	1.05062150066505e-06
224931	17464	239.884545777658	0.246280869813875	28.8763406944269	2.92186463243136e-06
226774	9260	301.336839516165	0.597837538027816	48.6835470887382	3.64054248827497e-06
422138	29463	289.930989728104	0.578099315529956	39.7454691829266	1.88168674392529e-06
261333	21384	341.84555706699	0.206231175163317	35.2304441515893	3.58379221164777e-06
232461	29610	240.353680366466	0.806142935500839	37.5857442913909	2.83274714416925e-06
325103	30445	126.799468639857	0.257150484363479	27.1316834187889	1.06857151269831e-06
350558	36552	206.938249879921	0.866166050353439	40.9250074687046	1.6172904605231e-06
235030	9133	184.00957753905	0.924895772771313	30.9634882180128	2.14498501839812e-06
499263	15056	218.244070842946	0.313602360941634	28.3232507585958	1.19762321905198e-06
258066	24497	198.068622383753	1.38969249323243	43.9454958160604	2.10277122889295e-06
225440	31802	286.637986485212	0.353813954731915	35.7912935105819	3.48345259055305e-06
285631	39850	198.910520817851	1.63131779260773	38.1955913120544	1.90791731642508e-06
261052	40662	248.573431464181	2.10314407635178	57.3096050345103	2.6087641538922e-06
196749	28117	204.753258716656	0.295222649164768	29.6575327632615	2.85118517553038e-06
287570	35249	202.910615926734	0.43653972810769	33.6238709145096	1.93316234548e-06
287977	7562	249.473617375851	0.259271405719948	34.4087142494724	2.37341649740627e-06
272437	39308	165.246122879334	3.93739022284294	60.1095548844041	1.66177539680365e-06
278937	30446	224.329107519049	0.557137019062569	30.820137120315	2.20336597358091e-06
229576	31851	382.740981078542	0.557189717577116	42.5565556938812	4.56757425694517e-06
248874	31198	285.157942268588	1.44591391566562	46.4874766661448	3.13915730993312e-06
243621	46480	162.414209840225	0.914933383034631	35.7162724056535	1.82648637809723e-06
346653	26946	226.95479543538	1.4481883789592	42.1364865812423	1.79370713681097e-06
241815	26385	181.788441917658	0.740816682538509	31.766257237968	2.0596345379807e-06
279253	25183	206.680189650848	1.22529583062971	40.1833880462788	2.02772072254848e-06
422562	32739	214.560417719462	0.492589886822602	33.319802653309	1.39112547004993e-06
403594	39210	160.15558595488	1.13277008306075	32.5838611164878	1.08718768681805e-06
241354	24948	271.590234107016	0.895097196211269	44.4425572613955	3.08295214982932e-06
269844	18799	283.274352751886	0.45843418648284	32.6559984797608	2.876084393681e-06
302895	17058	360.067971193212	1.41535202677762	74.7032731825315	3.25686324406203e-06
606757	33081	197.499639674887	0.611732864592195	34.1551451480625	8.91781888332345e-07
356569	32083	133.585481597591	0.790484604068536	33.3747727140081	1.02641458123201e-06
339430	17029	239.879760595893	1.70086810989532	44.4963245764978	1.93620134799632e-06
212450	34803	328.445454784676	0.800784392623051	46.1850168525107	4.23558748436765e-06
205349	47799	158.612370660044	0.930367948942685	34.8797234624318	2.11617509783103e-06
304229	39829	255.322173618427	0.505531924810187	35.9192651986209	2.29929692578303e-06
385177	29999	118.573462731787	0.215926503123435	27.3384224706102	8.43401350560641e-07
309265	25915	237.396961258123	3.61814328399475	73.0840512741617	2.10305929731427e-06
228016	28691	370.133457294715	1.82307986639031	54.4816996180818	4.44733819802498e-06
411204	7090	287.768835943423	1.1803202424072	53.8037894043094	1.91731541937337e-06
499761	15484	317.262676689868	0.102351938584838	32.9390098480057	1.73925699053938e-06
407322	25081	320.545038367216	0.320783556091583	38.8140675485783	2.1560475117173e-06
207010	28997	186.513299679038	1.98235766932901	41.6046170567495	2.46845728025895e-06
247085	9834	204.320023420514	1.08765437238979	37.5999368498897	2.2655397376757e-06
283767	37593	143.621384741567	2.13750594448477	39.6479488920172	1.38664201921755e-06
428700	35294	153.604332326286	0.460455112056789	26.6540499343453	9.81651008153264e-07
198217	43565	304.528547891658	2.59913242883845	58.6572984942986	4.20914850262222e-06
295863	32858	238.078427571695	1.58728249984231	41.5294948599681	2.20463411977836e-06
297362	22969	164.681855033783	0.153973812769634	27.4483686182852	1.51728588211042e-06
259553	10370	125.07571293007	1.62084671825645	34.3335940839731	1.3202435961433e-06
276571	23269	205.158670004751	0.971559891843769	37.805694206919	2.03231194867944e-06
232827	13147	141.429576309229	0.648290561063136	30.2291416011874	1.66423263306301e-06
342588	9137	202.68578993451	1.85180321187107	45.2232379684623	1.62090772025626e-06
249224	23954	305.765133016912	0.436865323360722	34.8680781433613	3.36128419894159e-06
281233	42746	139.957766988373	2.36923036833133	42.8637276180704	1.36344574411412e-06
230939	24360	224.108821805143	0.216100645160042	26.0583248475683	2.65869676437884e-06
245992	34847	192.432942394237	1.06428574291844	37.3647261003799	2.14321417284354e-06
269575	33203	173.043758487576	0.187097733516908	25.5690068782438	1.75866637858502e-06
407512	19952	254.90404111998	0.596926026993891	36.8366681747823	1.71373416229498e-06
233964	12728	265.795059054523	0.482215925353861	37.0644579432608	3.11246876119945e-06
351640	25812	259.480735002236	0.795334549819735	39.8049701560006	2.02168730319019e-06
349309	29967	307.656985419515	0.752528091899059	49.8991432703973	2.41303788469357e-06
407439	5681	210.037275677233	0.556534036571829	31.9465580072593	1.41234538396307e-06
314670	38062	210.154889106361	0.522303106428483	38.8816586261433	1.82974805183043e-06
322399	10533	408.825460204246	1.15444651351469	51.6226085039118	3.47417254391061e-06
249537	30364	223.439155935935	0.874556460988458	37.6677072454144	2.45319159506348e-06
398282	7114	294.852317084726	0.827505990420299	45.1884259016701	2.02824774244232e-06
244517	45559	353.97183131742	1.04432253726115	50.7032474769835	3.96612848687743e-06
387107	12160	229.139572371283	1.26620471634332	43.5361439115929	1.62172125622188e-06
258674	46108	234.41328189922	1.31788310214311	42.0444893855691	2.48277047398233e-06
226061	41923	327.740848310025	1.69239312585838	50.1123031576675	3.97202583531097e-06
306260	27290	168.555636734251	3.50563799523237	55.4356752623995	1.5078569353665e-06
284368	15280	255.322173618427	0.505531924810187	35.9192651986209	2.4598857973965e-06
318161	9699	190.630521155233	1.71972790041797	45.7374514774165	1.64154437666872e-06
277012	31338	194.28338656008	0.42362233065441	27.9489440672714	1.92151694096116e-06
225695	32869	260.227164708262	0.758958612209962	38.4416754755757	3.15891418147065e-06
269706	33191	139.982443021355	0.351011276175417	21.5107678032805	1.42196889399665e-06
230727	36286	226.99633568434	0.37174968351083	34.8178252274504	2.6954269287868e-06
291158	10535	246.766682197011	0.442408897355468	30.8739444596144	2.32201451414565e-06
211444	26762	325.787156861337	0.629687905446864	45.3859996403719	4.22129525096365e-06
346991	11046	191.753550289666	1.88668379081481	45.462762072327	1.51402253249919e-06
263029	43162	139.600610888951	0.689967253123347	28.6274240647133	1.45408843546916e-06
291951	12974	158.209566582116	0.39258144129365	30.3258767845181	1.48466991840502e-06
250112	15198	245.718609267775	0.309663140992009	31.4212567947805	2.69160083973092e-06
255880	34073	205.563427893276	1.05724281852775	35.3844962324033	2.20098277974132e-06
306870	39413	190.879046564281	1.26978767412385	36.1205578803661	1.70416232266736e-06
232086	34135	247.342447939458	0.694471540193603	35.3269697235184	2.91982516093123e-06
175904	22286	406.938213032531	1.01192678536476	54.0091493473379	6.33811177567171e-06
303637	10825	238.910438101801	0.416688496796038	37.5328156680053	2.1556962606151e-06
258066	21230	149.378674170811	0.968731585061907	30.8212637687381	1.58586036736287e-06
248577	1961	153.530285692092	0.921745851650911	35.9851798148262	1.69215542751084e-06
217850	28659	166.361772967558	0.900593476708723	32.1595331577607	2.09219958394846e-06
315766	21381	282.000632969092	0.280606641052108	34.2904693703679	2.44676271000653e-06
382583	9780	63.2122925612607	1.27188980867519	29.6021937673414	4.52671350220831e-07
316253	33526	182.956411898993	0.946586609190187	35.6084170556644	1.58496660445556e-06
291373	26563	130.834292049112	3.21676461222721	41.8067300415899	1.23021046975199e-06
255846	18018	356.082865780741	0.336913642748267	37.1755397129469	3.81311216626291e-06
268386	24385	380.998410831584	2.45327419447815	58.3277989910497	3.88929103065095e-06
247957	12722	294.791793120475	0.901819653793817	43.4882686151572	3.25721293722409e-06
225327	30045	188.090556470957	0.660558779513029	30.5301276748621	2.28697223622165e-06
228016	28691	370.133457294715	1.82307986639031	54.4816996180818	4.44733819802498e-06
227722	22521	125.034402458168	1.18710650697423	35.6831193631055	1.50429034847185e-06
282169	16287	327.740848310025	1.69239312585838	50.1123031576675	3.18220687728359e-06
252857	27070	260.831742327357	1.53118187375134	48.2217909347653	2.82613300492229e-06
301737	36110	201.674382925193	0.802425209360459	34.8430718311812	1.83117269661802e-06
232277	29107	136.47523605396	0.883927982933379	30.5427344494842	1.60973646255212e-06
357524	18124	183.739682064688	0.561635059641714	32.2090175197818	1.40800726445867e-06
407322	15058	132.437167728118	0.34985229820157	29.2772459395184	8.90797834193835e-07
324126	10780	236.329160668276	0.404205931702506	31.4787474878153	1.99760942508723e-06
239912	22887	141.489684613955	0.842663333135899	33.5609774176828	1.61577149765365e-06
403748	14166	356.082865780741	0.336913642748267	37.1755397129469	2.4162831649685e-06
219264	14178	160.15558595488	1.13277008306075	32.5838611164878	2.00116036957113e-06
296405	12942	183.382607603511	0.889852557936198	35.3443716460687	1.69503923018612e-06
320129	15328	241.391894118866	0.240460811021818	28.0825006197406	2.06587861493392e-06
290160	16908	147.903584118135	0.310796605510647	28.9955372102297	1.39652363852287e-06
219024	37938	133.585481597591	0.790484604068536	33.3747727140081	1.67099322820932e-06
262325	43894	211.702299939487	0.452454949348987	35.9487295330178	2.2110218286632e-06
353031	42338	150.521113166039	0.715501151637636	32.5407993020122	1.1681314428869e-06
298484	33966	180.943672207417	0.698957558916516	34.9526658939885	1.66084643813236e-06
308456	45339	166.421738577013	0.731566622478521	38.2983435948004	1.47816858386332e-06
273073	40321	205.563427893276	1.05724281852775	35.3844962324033	2.06240629311652e-06
280157	33670	190.093178070746	0.721194608401666	35.3279173273413	1.85896917653703e-06
363888	23253	236.917784813966	3.84758305858503	70.1123006002573	1.78376264512192e-06
315725	13431	178.311613854103	1.43769907792931	40.9358663101142	1.54731164609485e-06
230779	38066	386.323687810876	2.38531580870835	67.8411393931391	4.58629711756941e-06
262519	35781	198.332957411472	3.98228392996903	62.928970000224	2.06986147863919e-06
302364	21431	166.681750505054	0.14270836022541	22.9928204325057	1.51030655154328e-06
339351	43295	212.705299809576	0.526367302194366	31.8912317601366	1.71726102487876e-06
393088	22054	183.515234171011	0.784439354146908	40.1771139628399	1.27905574192604e-06
265956	40981	254.620921449123	0.432120350923554	32.6315350592077	2.62295855560332e-06
351299	18010	105.314630172437	0.503558634619731	30.0346527026078	8.21332350360071e-07
321597	41079	141.612892198366	0.544020886528074	31.0174928710184	1.20641836388668e-06
246005	11043	270.935840250656	0.698713629831405	38.5469952581414	3.0173775869981e-06
437962	29595	198.950716832429	1.26374977287788	34.3697760637879	1.24456107396338e-06
252778	30478	140.619087337201	0.300493556331096	23.924977190671	1.52409534661473e-06
218731	31737	140.619087337201	0.300493556331096	23.924977190671	1.76133137747543e-06
285331	27142	95.8575267159693	0.892446447256806	30.5629759911848	9.20416501766963e-07
314475	14836	176.994867631246	0.396744736525644	26.007819695175	1.54199044618827e-06
292713	48656	231.994354408485	1.56408073465454	43.9732193734321	2.17141353811464e-06
317671	39315	280.265370284535	0.577025599214295	39.1071358454383	2.41712441345502e-06
283441	20065	250.744470243783	0.362639968768062	34.9743863895074	2.42368306403389e-06
243238	26955	142.033244989068	0.30977883529903	27.8743369082256	1.59980010546149e-06
210642	8041	304.144509776097	0.389870332345725	38.6270432883669	3.95587123899105e-06
188594	38663	207.981402592206	0.737550727638075	33.7106216561525	3.02136898255753e-06
380868	36300	198.687552458162	0.867101436267021	34.5027591115198	1.42923390463227e-06
280903	20721	196.192918336487	1.04862727889449	35.1786503471738	1.91352475679327e-06
226692	39288	195.362124787996	0.623174817792062	30.7241389402155	2.36108331149447e-06
325475	29517	202.910615926734	0.43653972810769	33.6238709145096	1.70802518070415e-06
294003	43082	293.121909483527	0.103015259906819	30.4497108723252	2.73151540838836e-06
252894	24272	273.895004803312	1.36087110261387	46.4568424957954	2.967240319793e-06
236642	41387	347.161034267887	1.20838725294022	45.6558374528562	4.01926167494309e-06
278361	24864	166.421738577013	0.731566622478521	38.2983435948004	1.63798078288318e-06
225130	44551	248.180868288154	0.341116323679602	30.8562565371896	3.02024423378096e-06
223616	42194	256.83511900631	1.38195922038367	47.0702968699904	3.1467241176448e-06
354140	34060	218.827805372223	0.309772695707657	25.7194062025882	1.69291306798583e-06
281712	19168	246.24869785511	1.38576784270707	44.5271470891369	2.39483574262484e-06
265447	43827	274.917255000662	1.17525152294467	46.265476497489	2.83747022534036e-06
297390	16583	232.84732237738	2.17955971561069	45.3380376789936	2.14512212760035e-06
246684	6690	344.341008105502	2.45705659954608	54.1826145360154	3.8243259482044e-06
240158	23318	165.246122879334	3.93739022284294	60.1095548844041	1.88513022168321e-06
182295	46879	208.614874153554	0.345755341034158	28.7999775801869	3.13528950558543e-06
315851	22380	194.484781532831	0.530708907146176	33.1189293742022	1.68698220964368e-06
365662	28632	188.06194956118	0.242018559066417	26.5370302607832	1.40905595324599e-06
212172	43353	108.426485842978	0.768968188030958	29.6224929359018	1.40008514470914e-06
278789	27535	281.755835471359	0.525666878886512	35.3200477017631	2.7688818275181e-06
237403	42974	305.197487139127	2.15540799851961	67.4456111204024	3.5221016541969e-06
347463	11166	405.125501265749	0.305953455746724	35.578786048003	3.19439157602431e-06
264602	27568	231.411921166719	0.270087894572687	27.7533572734991	2.39607132021097e-06
204801	20859	342.401703688701	2.0487398664106	53.2395334739544	4.58047987764268e-06
352422	14618	143.621384741567	2.13750594448477	39.6479488920172	1.11651158516581e-06
236415	35183	254.038073229972	0.609476928370939	38.597553663824	2.94395330743821e-06
316850	22668	231.805907429272	0.897080804938591	35.8634323822717	2.00437013693677e-06
266174	15004	110.697379895981	1.16749209733432	31.3809859883389	1.13940690249875e-06
301518	33499	159.043763271093	1.42527996170746	36.5216937044955	1.44514204037246e-06
344066	29611	194.859552735649	0.947898742296699	35.5585936444367	1.55162610753997e-06
275755	18491	164.398278417335	3.37965703780337	47.1892392310601	1.6333565746379e-06
269836	9502	379.772093197555	0.107734403925938	29.4927582856564	3.85594023114959e-06
291394	16100	412.265329267447	0.119189792506203	36.5342043055714	3.87617470774115e-06
415873	20706	310.983791309141	0.43787607903126	36.3985064296238	2.04872734500276e-06
263644	16170	211.587515007048	0.538364047083101	32.4276041518899	2.19876736029311e-06
497001	12412	188.741752802825	0.986048935903681	34.3006206640214	1.04044195607349e-06
220809	6165	303.649592015634	0.576103974267525	43.4202588054046	3.76758506425821e-06
210175	29947	174.622266176617	0.652030599419552	33.1055012749696	2.27628008853179e-06
403748	18202	211.987580494626	2.97084770494306	55.7429353357284	1.43849106810708e-06
276268	35220	286.372871000892	0.488694669579405	36.699372952955	2.83993516520778e-06
685940.2711	30412	185.836277993111	1.05856339871817	37.833860408584	7.42190545516028e-07
229109	14844	241.144622384335	1.65737938297025	44.2239860415502	2.88365013296399e-06
314475	14836	176.994867631246	0.396744736525644	26.007819695175	1.54199044618827e-06
324179	41155	216.342224382426	0.797115994651963	34.7930589015919	1.82836773191833e-06
217479	40817	248.04726997858	0.112382659272263	30.022744364124	3.12481463306871e-06
346078	25709	252.23107843866	0.915323602706655	39.1317363975235	1.99678699748865e-06
203127	39480	127.904287400567	1.37487478621839	33.7211742458924	1.72514094732376e-06
315135	27689	126.799468639857	0.257150484363479	27.1316834187889	1.10237137890986e-06
364103	36537	162.778349645327	1.94509276704776	40.2113589294014	1.22484044685178e-06
241768	42050	188.06194956118	0.242018559066417	26.5370302607832	2.13112660888056e-06
257031	26279	283.274352751886	0.45843418648284	32.6559984797608	3.01945725273782e-06
279253	27431	265.019671371185	0.593356580535743	36.2509507868623	2.6000841223833e-06
337564	25758	139.476668350407	0.337770058107409	23.117025713224	1.13201602805473e-06
196888	15024	215.695703435552	1.24955239665147	40.2030283391641	3.00143803939368e-06
428504	22333	164.115409966755	1.29935291098844	37.9025394298232	1.04930469769918e-06
361866	11604	246.24869785511	1.38576784270707	44.5271470891369	1.8643751187631e-06
175904	22286	406.938213032531	1.01192678536476	54.0091493473379	6.33811177567171e-06
303637	10825	238.910438101801	0.416688496796038	37.5328156680053	2.1556962606151e-06
274009	47237	221.343927015506	0.226974170608433	32.0057874059186	2.21314525380809e-06
469331	36305	173.848200639008	0.238129505587833	26.6616927936743	1.01484121037577e-06
346653	26946	226.95479543538	1.4481883789592	42.1364865812423	1.79370713681097e-06
314072	29419	184.269614828439	0.823682680784477	36.5090824626702	1.60742842343139e-06
356500	23479	257.494821139893	1.10246621864197	46.9379277266091	1.97886469396064e-06
318125	34952	155.812313842062	0.804204615731268	27.40610992211	1.34187206796727e-06
255849	29000	206.553876013713	0.968523081737535	37.1200903792378	2.21185554829042e-06
227537	24406	194.617594078005	0.455709399216099	32.20279836605	2.34335025901258e-06
285211	19411	193.687281851937	0.355908263866218	29.7838322167682	1.8605526689559e-06
230769	15821	140.595026091345	2.39402454349846	43.2240254250324	1.66916636248827e-06
245657	13014	268.310875989542	0.635403589205949	38.3244551562208	2.99237673008425e-06
305886	23934	175.547254720817	1.26521498153017	34.8023068262026	1.57232231222337e-06
247632	15830	207.488072153628	1.57935739596737	40.4104493120428	2.29558567412037e-06
197477	21640	161.274121218058	0.427757399863877	25.0859426726352	2.23746009634912e-06
274239	28710	97.0413412965086	0.320805992145794	26.90499076606	9.69470748083187e-07
220087	12444	187.138736565252	0.514339628365719	34.7634396135262	2.3295736108996e-06
223959	23755	242.534068629023	0.614367767446669	31.5966050028767	2.96695779295982e-06
247205	7208	287.947348635899	0.654265776821564	39.6276687009067	3.19126573320849e-06
261672	16742	318.752667675234	1.2197404464263	51.46684260053	3.33736502160013e-06
445611	31579	326.65905102622	1.0802827562341	55.9019340318743	2.00838018850842e-06
331820	11615	175.836314465	0.855945261151411	34.4468229942047	1.45182125038084e-06
319566	31223	513.357443290671	0.114588262392293	30.3394109565289	4.40115265310316e-06
436542	22539	223.51431822426	0.164328389580214	29.4197839164953	1.40276993997132e-06
341835	33786	204.522670828966	1.29758319560542	39.7638294370654	1.6392004460132e-06
253973	21236	138.246530847796	0.439235958850403	25.8065125543653	1.49133025463764e-06
269097	19952	199.167349854518	2.44660959888716	51.339881146601	2.02775940350193e-06
276344	16348	222.363269352702	2.04279555870882	46.8022625837972	2.20455098204682e-06
322592	13221	263.560748218372	0.803030710807034	41.2093959854664	2.23838235819292e-06
540708	12850	200.841252551221	0.943827158340121	38.8732044615484	1.01764724581409e-06
327101	21698	206.909665753732	0.882808706741669	31.5829939769539	1.73302984884047e-06
274959	18530	155.313376707684	0.735583254426252	30.1593033268305	1.54756200222214e-06
240685	42560	274.287665272228	0.825141547367621	36.4953293368742	3.1222263769672e-06
422562	13657	221.352822088904	0.708449942224203	36.308460046503	1.4351647519531e-06
221622	32936	229.586232119584	0.375866976861744	28.0604619742129	2.83818111771437e-06
438117	16072	291.438108062306	3.1024378240407	51.169063461791	1.8224825104566e-06
259426	36004	237.622178366006	0.411886043875108	34.6114900520522	2.50946191498223e-06
289663	29691	140.619087337201	0.300493556331096	23.924977190671	1.33002065685496e-06
254000	29642	231.91911749936	0.759111363468982	36.4708835303954	2.50155449788976e-06
322684	44728	174.767677581521	0.290267254172322	27.1710258152819	1.48385279412015e-06
261216	18468	211.710698411062	0.290650391124357	32.6155336250624	2.22049687123009e-06
326260	9083	139.168254202233	1.80523853396847	36.6800916730814	1.16864736169097e-06
270935	10115	205.587833646689	0.287112796046298	31.6554107292741	2.07892793016056e-06
236415	18398	349.461045179043	0.553377129435099	45.7132551184138	4.04977484947433e-06
392045	21165	290.890914798677	0.340792125801194	36.7493680452538	2.03283146171316e-06
395409	20806	272.559991927206	0.799394829441607	44.8951392300299	1.88852480320416e-06
346078	27014	190.500782351138	2.38369525695476	47.0436023586932	1.5080991904916e-06
316984	11021	213.532852925034	0.548190657738883	31.6778327179453	1.84558689038913e-06
325447	11638	192.268883803599	2.35078300908419	47.2252072082523	1.61858632961846e-06
204860	30053	143.59167232095	0.960227127069752	32.7939566453789	1.920344830495e-06
401884	40833	97.0413412965086	0.320805992145794	26.90499076606	6.61550816861545e-07
322108	22237	175.26428959304	1.40827524333387	35.8752858634867	1.49073023914756e-06
371962	18603	163.5704510838	0.917026602058231	36.9797017054209	1.20479571071076e-06
312550	43074	194.471399688461	0.697527503846799	33.5407062644884	1.70468198787667e-06
328594	8084	329.426840277502	0.355167141000166	42.6322823740649	2.74667001963369e-06
308052	20429	189.595730883143	0.699103931005631	37.4779406015746	1.6862099859243e-06
183029	38439	325.796986029915	1.46233968103837	48.7554056678657	4.87679265184064e-06
254575	50095	185.509798228873	0.639582707359542	32.4220541599471	1.99644907215892e-06
342632	23239	263.004490972532	0.379295805252666	36.1619247417791	2.10301504015916e-06
243753	43123	171.976921927438	1.91932998482409	44.2889477596649	1.9329798981603e-06
302789	7273	179.681402351277	1.56714293798824	38.9093300641696	1.62581142201676e-06
226692	39288	195.362124787996	0.623174817792062	30.7241389402155	2.36108331149447e-06
250338	43846	207.015918080261	0.918013875053215	36.4139622341186	2.26560449811866e-06
318161	33228	325.796986029915	1.46233968103837	48.7554056678657	2.80548050287037e-06
226594	49197	352.938063664103	0.384977702751237	36.3293861897782	4.26733981958805e-06
302643	42610	122.357234060123	0.52705086611411	29.6163860718701	1.10765918522767e-06
342483	28300	305.353590293177	3.29729906247754	66.94304624244	2.44270570768598e-06
233393	45741	196.212373555058	0.60735680773911	31.9586053786212	2.30327450577432e-06
342915	21965	163.51232966911	0.944402096668577	33.0923723349563	1.30638492161271e-06
475315	36774	117.529523185308	2.22084400943807	40.08180256038	6.77442735151169e-07
278675	28265	193.82860724231	0.591963551687225	39.2859937141389	1.90557918764122e-06
280357	35310	380.998410831584	2.45327419447815	58.3277989910497	3.72322168717844e-06
275121	18909	241.069106476174	1.05040846840913	51.1362995822246	2.40062847043365e-06
378822	23545	187.942049921626	1.39214587895417	37.2443030484094	1.35923923587509e-06
475712	16265	257.832086691919	0.809146004454361	38.3541538987999	1.48490952216467e-06
225642	35887	220.320463445228	0.421386533808342	33.5373174659045	2.67511238186649e-06
315726	14957	218.750576984211	0.428305011938316	32.1610819020062	1.89821759776455e-06
266375	21162	295.161355036973	1.15990007123713	43.2833753596656	3.0358000813764e-06
320155	42416	185.274383670191	0.430349143333549	30.3689356356983	1.58548531539788e-06
280344	30642	245.641978054921	0.605424860760232	34.4415042708021	2.40059256020608e-06
420054	24796	198.436663002651	0.45417216776399	32.8667126895722	1.29426714283931e-06
254520	23467	161.714380720313	1.87820731324864	41.6226281868806	1.74073981558962e-06
235690	38793	194.962649642044	0.571741029628302	28.2799541457168	2.26629999403726e-06
311802	16161	229.92697350329	0.876292195011673	36.4467788960247	2.02031068982124e-06
260426	41816	158.589285348107	0.582941843595115	28.6066177383115	1.66838638513259e-06
334153	41335	285.325803935987	0.43162655752479	35.1264714460629	2.33939103144808e-06
344066	40098	227.377156528444	1.05765143800008	41.562664057684	1.81055702620009e-06
244611	5348	316.922939641178	0.473119041802329	36.3972891568797	3.54964423682576e-06
311049	39807	149.12833998041	0.849293429518118	34.0673708409244	1.31352550391378e-06
474429	32550	239.032743346368	2.78746659214318	58.0051456443196	1.38036298022721e-06
294228	32673	310.967429158712	0.393760046590233	35.366924883307	2.89559647395536e-06
280604	48426	169.456604176658	3.75005046932282	52.0644658760858	1.65451906949703e-06
359092	26826	171.65877735573	1.70841224204084	36.1420301648172	1.30968671023772e-06
518892	10090	185.986997544713	0.236056793015328	22.0131633253874	9.82002840534679e-07
198217	27955	148.300408082042	1.27611284353122	39.4423678930093	2.0497862842037e-06
253917	7783	238.910438101801	0.416688496796038	37.5328156680053	2.57780749411968e-06
219831	16772	180.943672207417	0.698957558916516	34.9526658939885	2.25507816567954e-06
220214	27152	232.013259718752	1.18662328470098	40.5793721313721	2.88652295654566e-06
245315	46161	239.528717668242	0.971618837569659	45.0147534849371	2.67510369159967e-06
250329	22266	197.633851447362	0.476494835103773	27.6696613208561	2.16300391367002e-06
347463	11166	405.125501265749	0.305953455746724	35.578786048003	3.19439157602431e-06
403600	31382	178.49486556376	1.80429557876834	38.9633757213579	1.21166260887465e-06
242656	9562	281.58424403391	1.63167141826527	45.6956648509658	3.17924832802274e-06
239468	33114	225.246002425222	1.6035364703526	49.7672036140688	2.57701377808963e-06
205219	35025	285.325803935987	0.43162655752479	35.1264714460629	3.80917230534927e-06
448663	31776	179.967006663103	0.478092390870597	29.1172651078451	1.09895465466883e-06
278728	15320	239.702823588371	0.157326883103285	26.7632512000449	2.35613237502394e-06
340471	31382	207.58870426795	0.592710292272125	32.8952166737487	1.67043940916135e-06
363681	28014	238.182649348858	1.18937639699743	47.88425960225	1.79430655903251e-06
221182	40642	175.967132497897	1.09213959038102	35.288566353689	2.17966079007763e-06
219066	45993	287.303869044435	1.3891679112287	51.2090085248001	3.59313580287663e-06
350554	34435	190.948385424689	0.664004893203874	30.8511998042129	1.49234144079801e-06
249777	39743	349.769136822564	1.81305404689936	50.6198420093632	3.83650859660038e-06
303855	37976	176.257572354042	2.2660237142102	46.3000291131171	1.5892365059131e-06
306870	27258	216.604110580652	1.48497987286526	43.4108947083978	1.93383491184882e-06
368205	9582	188.741752802825	0.986048935903681	34.3006206640214	1.40438259287755e-06
267721	13495	185.274383670191	0.430349143333549	30.3689356356983	1.89600760176157e-06
272455	30297	311.278785930062	1.81008973278745	56.497159524701	3.13012641202845e-06
344890	18248	210.046280478144	0.65165042048639	33.5407594197848	1.66855884944172e-06
274845	36170	179.445328470798	3.3318799418934	50.5770535090381	1.78875743384925e-06
314874	23661	246.36185653465	0.295103018644278	36.2164025128084	2.14360026710967e-06
253241	40152	148.300408082042	1.27611284353122	39.4423678930093	1.60441037547635e-06
247636	21374	273.6331613865	0.11309971014247	30.4530822947221	3.02734616214762e-06
224868	27882	197.391691485813	1.53054615935892	35.8167525705132	2.40496271037076e-06
243826	10273	251.621454054661	0.49485075605875	34.8215111513463	2.82731885330153e-06
529296	21365	222.112821446228	0.565208110883136	36.6441396240168	1.14969370245547e-06
262313	15262	205.472541477081	0.610403507147459	34.1488937745044	2.14605631364142e-06
263577	19119	250.815073950374	0.781273150361727	42.0786299212686	2.607073402328e-06
239967	26422	217.880030465647	0.218639657989328	30.9576446497721	2.48755699874083e-06
253859	15462	166.329696231082	1.05176411984309	35.7806768302798	1.7950823011726e-06
282268	45806	166.371813138674	0.946536075510044	33.6263039597541	1.6148241624318e-06
258804	18555	291.610256271431	0.612769255788853	33.9281867866704	3.0870164640532e-06
214871	27545	232.823689407587	0.274601199726181	32.2856029610483	2.96863290841771e-06
327912	12059	352.938063664103	0.384977702751237	36.3293861897782	2.94882041242691e-06
320155	15014	178.090282228627	1.96604489138223	44.9758901196845	1.52400737595319e-06
296590	25103	247.022664823373	0.694584518530479	40.1286504711094	2.2818517959932e-06
290624	44557	220.180784183001	0.888021584826137	33.7991407258422	2.07565454043337e-06
410193	23179	189.21173305212	0.258410079810864	28.4237219532861	1.26376683593293e-06
244601	40953	211.816138443268	0.856653443332582	36.8571150251251	2.37250946445764e-06
231236	5667	224.572918405351	2.01547475068676	50.3258755983197	2.66078062932978e-06
337966	14523	153.693441083029	3.99922264475728	60.1733822735292	1.24591799404503e-06
272729	13638	149.430228470803	1.83353065679773	34.9993230482448	1.50111607574324e-06
288192	34007	252.172983377392	0.643734941452938	34.9213048224329	2.39730764894743e-06
295726	29422	147.845257802775	0.815465874205179	32.1476214066073	1.36969864276229e-06
282843	15561	218.244070842946	0.313602360941634	28.3232507585958	2.11399596671493e-06
283988	11166	213.227015693486	1.34906249313769	41.6256799982229	2.05707144189081e-06
272540	15722	246.766682197011	0.442408897355468	30.8739444596144	2.48063807848249e-06
246895	44169	236.909978843171	1.8455867165088	43.4645363781473	2.62892498911185e-06
215858	28174	194.755689849407	0.498810295786068	35.943239663329	2.47189000391057e-06
208435	40838	101.017309522037	1.056078253066	31.2639572463525	1.32779884431679e-06
330267	27283	95.8106508715128	0.49226604717427	26.4719264149692	7.94796131295454e-07
265377	31457	187.08232451297	1.68897997934929	45.7389228193391	1.93141950407972e-06
261789	10741	152.627207754241	0.130375283593466	24.9640628245053	1.59730444584479e-06
330608	18128	192.529526727358	0.192648586745004	28.8981225118409	1.59547910340167e-06
245936	45626	226.197624512962	0.297864504711724	29.1699846192492	2.51984060574131e-06
472938	30850	249.721215396685	1.31559163894833	43.005844626298	1.44663299082665e-06
230288	14560	164.775657307664	0.341044047716555	29.935739618212	1.9603286189784e-06
289195	22645	129.844048283522	0.499536804325492	26.2327317743287	1.23009429134318e-06
397624	21099	211.138570296567	0.575773133611761	35.6889861976563	1.45479607978631e-06
255338	37286	197.044097488008	0.671071311591217	32.6205652063142	2.11424403117788e-06
223143	34384	132.268817058142	1.28433737230013	35.498829264128	1.62398247181063e-06
240366	11786	149.22005865372	0.85185974162917	33.7751375384279	1.70083155896983e-06
264543	42048	241.391894118866	0.240460811021818	28.0825006197406	2.49996278533237e-06
259158	37546	324.161029523604	1.10352395926084	57.1363964770682	3.42691489228081e-06
369948	24597	189.285740438843	0.810436720540332	34.2939215749107	1.40179449461941e-06
215858	28174	194.755689849407	0.498810295786068	35.943239663329	2.47189000391057e-06
208435	40838	101.017309522037	1.056078253066	31.2639572463525	1.32779884431679e-06
330267	27283	95.8106508715128	0.49226604717427	26.4719264149692	7.94796131295454e-07
253859	26001	230.577598603183	0.372453606362515	30.8107145530212	2.48846583429344e-06
269706	33191	139.982443021355	0.351011276175417	21.5107678032805	1.42196889399665e-06
343495	13200	305.765133016912	0.436865323360722	34.8680781433613	2.43879152010079e-06
344660	39737	224.572918405351	2.01547475068676	50.3258755983197	1.78514556259415e-06
326468	24540	265.390068495917	0.252166871516816	29.7218406676519	2.22715879679174e-06
223015	27145	223.109929716381	1.42475307308211	43.6148613495791	2.74089223332396e-06
398282	31455	173.057309785851	0.580162303316317	28.8342258723387	1.1904369663998e-06
494289	18815	166.362668201835	1.02524719568284	35.502609644062	9.22108588416538e-07
293724	31524	181.644634038988	0.698869011180731	32.6585715587538	1.69429985841697e-06
259372	43594	427.752298802681	0.674027977522153	45.5669781335273	4.5183138747001e-06
230274	40762	184.951106497639	3.93732582948414	52.5791215443917	2.20048881014576e-06
230284	32145	204.753258716656	0.295222649164768	29.6575327632615	2.43598266531946e-06
436811	24841	206.005742192272	1.1698036918335	43.5141809201268	1.29209038617951e-06
285327	35432	225.436942766997	0.596842682251933	36.5156498907604	2.16465830305442e-06
307477	24411	274.408854914277	0.172851433765282	28.8507623787405	2.44507745931215e-06
288341	16138	232.926140990936	0.632275066442284	35.1581115613765	2.2131913634692e-06
320424	17570	237.921124785348	1.24020670091369	38.3617561776006	2.03430048324111e-06
195838	13175	207.58870426795	0.592710292272125	32.8952166737487	2.90411552444661e-06
191820	19930	196.232731689208	0.602850735774663	31.3478815143644	2.80275217618698e-06
326999	6087	218.619378594924	0.148270099154079	24.932486990091	1.83167900094474e-06
298867	8548	216.551972159598	0.276036491887481	30.0125283328767	1.98514079644075e-06
374326	35599	246.095054517332	0.442641836250659	35.514256778389	1.80119207876258e-06
327492	33694	147.761574615697	0.399339603888795	29.8250787428346	1.23614082732961e-06
330077	29371	140.619087337201	0.300493556331096	23.924977190671	1.16717545762528e-06
266552	33693	224.447724775734	0.138015215598625	28.0769270934167	2.30696176865368e-06
292189	16922	248.351325714041	2.02367715607747	50.4782184453401	2.32867969361397e-06
494274	28242	231.805907429272	0.897080804938591	35.8634323822717	1.28488384557637e-06
256096	31325	186.231925074504	1.65332582431581	39.2764032913823	1.992317147706e-06
264909	14699	265.209040110511	0.491836752174833	39.5959188827393	2.74282908429616e-06
258566	22458	221.095847827535	0.58197755148893	35.2947218630938	2.34269799139315e-06
323025	15870	185.509798228873	0.639582707359542	32.4220541599471	1.57339531783874e-06
455402	26166	146.708761848219	1.82898495626454	41.6585141470709	8.82608801197166e-07
437065	19611	219.842456228314	1.11534065218461	33.4424390563255	1.37807442658564e-06
205167	34979	208.161097880204	0.170501008187181	26.047687117563	2.77970812925073e-06
319739	19248	359.438073618156	1.8683539735727	57.2662407360732	3.07989280484769e-06
289941	41723	154.693473476272	1.2272789922575	33.7789262263397	1.46173785546518e-06
228519	37198	245.269875667347	0.196062560938239	33.3190592082941	2.94055313607324e-06
263029	43162	139.600610888951	0.689967253123347	28.6274240647133	1.45408843546916e-06
291951	12974	158.209566582116	0.39258144129365	30.3258767845181	1.48466991840502e-06
207306	24930	193.670339530632	0.31825869655298	28.5334512702972	2.55951911641215e-06
261388	23586	199.54557034172	0.97053091643767	34.2745034299141	2.09152750974429e-06
256801	9542	260.430486982419	0.230492499145313	29.3058155255105	2.77844783904064e-06
325645	17119	207.824379919988	0.459075070379376	30.9818038648285	1.74847414452698e-06
221633	34600	210.821660205697	0.562705269577383	33.7856819790369	2.60608117746296e-06
338354	27564	175.973239047269	1.25165894736649	37.1339288733513	1.4248936414028e-06
216754	15152	313.994323828411	1.65320845459621	48.7657112053998	3.96882374234248e-06
288117	35558	216.263991433622	1.15203327304727	46.1960528039543	2.05647041347617e-06
204707	3595	216.342224382426	0.797115994651963	34.7930589015919	2.89544775198479e-06
294595	19374	158.1815166804	1.63749599752317	36.8155655253631	1.47108409274586e-06
360193	39226	174.767677581521	0.290267254172322	27.1710258152819	1.32933053951039e-06
340603	28426	231.994354408485	1.56408073465454	43.9732193734321	1.86610502838246e-06
339662	17182	305.197487139127	2.15540799851961	67.4456111204024	2.46173401502466e-06
276843	32979	197.523649930031	1.03677379731631	38.6113283454785	1.95475661201407e-06
477900	34355	231.805907429272	0.897080804938591	35.8634323822717	1.32890704726599e-06
437921	36436	248.380995142093	1.12830271070329	41.2725421207382	1.55392382895916e-06
241819	12245	148.300408082042	1.27611284353122	39.4423678930093	1.68019257335447e-06
373828	21411	224.399272710465	1.58018399154475	40.642775134285	1.64458662265501e-06
268020	42353	277.660437327333	2.46096117102164	48.799920503337	2.83827149811283e-06
365081	18886	301.45012973665	1.01576662172498	40.323759622264	2.26221240327977e-06
379790	9605	186.837392789853	0.580901972953663	28.3523696599305	1.34780607155903e-06
170074	46518	214.643432036122	0.681493541017487	38.5798761046952	3.45769604618718e-06
273705	18739	309.609900701457	0.361724031752099	38.5819795493452	3.09912607841166e-06
248037	44044	222.827356316598	0.647938869033937	36.3710905032576	2.46126951913104e-06
337564	25758	139.476668350407	0.337770058107409	23.117025713224	1.13201602805473e-06
291123	26326	163.722019707647	0.524239421882467	30.8638026433603	1.54076963569037e-06
246820	45393	380.688418021245	0.553100288469461	40.2211889359996	4.22567849923626e-06
369455	14579	173.394526479557	0.147971269874358	25.028669069565	1.28582235239546e-06
311101	31418	215.695703435552	1.24955239665147	40.2030283391641	1.89953466141267e-06
320366	18894	286.372871000892	0.488694669579405	36.699372952955	2.44902145740067e-06
214770	12659	249.973727076866	0.582648721974002	34.6231173106033	3.1888044244447e-06
335651	40212	209.486786598949	0.569833129841361	39.2939473854056	1.70992013025719e-06
292447	24078	135.492117827906	1.74047203497468	39.0502352874004	1.26932839700968e-06
364853	25016	130.834292049112	3.21676461222721	41.8067300415899	9.82450782104153e-07
293687	39973	192.463087367652	0.642804898643904	30.8184603405956	1.79543571821153e-06
294943	25882	253.251410219443	1.17199613801665	44.443978431011	2.35245277919214e-06
242601	21066	131.917593210047	1.14254110360936	31.5703514342829	1.48976328864749e-06
328132	28826	375.471665118377	0.590989019726665	47.346625252462	3.1349868146813e-06
307915	14084	166.56942600672	3.72077287298636	55.580985662334	1.48207976811533e-06
284918	36059	198.395068966732	1.20860076200822	39.449933337438	1.90773532790287e-06
225286	34703	192.529526727358	0.192648586745004	28.8981225118409	2.34137121444484e-06
290364	18548	140.595026091345	2.39402454349846	43.2240254250324	1.32658267658888e-06
225078	7029	175.887106838745	1.48404608139062	38.7409821010698	2.14095773238483e-06
463463	19441	211.138570296567	0.575773133611761	35.6889861976563	1.24812948699023e-06
293724	44269	185.274383670191	0.430349143333549	30.3689356356983	1.7281565386254e-06
417814	21119	126.840184013036	0.478178306562073	26.7233542960097	8.31727403725994e-07
237152	19319	206.909665753732	0.882808706741669	31.5829939769539	2.39034794809054e-06
275591	15506	248.646037947367	0.524392086784194	35.0608902925015	2.47185873912286e-06
329351	43422	220.739435926737	1.00779606132106	42.0192904959461	1.83623422391756e-06
277980	22913	254.540229263915	0.130538532968248	30.327285746649	2.50870742907408e-06
397242	29621	179.967006663103	0.478092390870597	29.1172651078451	1.24120886569819e-06
285631	39850	198.910520817851	1.63131779260773	38.1955913120544	1.90791731642508e-06
264473	29284	199.827412274914	0.23441379866198	25.9079173015283	2.0700501086955e-06
259487	18637	214.290948292815	1.11817344704724	41.3459440246046	2.2625352656336e-06
244202	50011	187.173669937701	0.866161715353442	37.9095764573343	2.09991963690626e-06
276571	25894	200.706789111026	0.918002146551934	37.7077663103495	1.9882113959989e-06
347966	30345	156.973534405402	0.42505483927929	30.4545890629544	1.23593821759315e-06
295475	49569	184.126600148056	0.885151541839389	32.5098843197451	1.70727282769032e-06
229842	27305	175.765051361719	0.977321833300569	38.9443538253935	2.09512659097344e-06
245936	45626	226.197624512962	0.297864504711724	29.1699846192492	2.51984060574131e-06
287530	28002	286.622475858973	0.275237477552157	34.2925572174924	2.73107869491139e-06
375819	24361	143.824942801831	1.09330224855947	35.0693169980788	1.04848594451877e-06
195607	4428	150.147740594492	0.589990640103808	29.5758409357255	2.10301100094384e-06
183029	38439	325.796986029915	1.46233968103837	48.7554056678657	4.87679265184064e-06
254575	50095	185.509798228873	0.639582707359542	32.4220541599471	1.99644907215892e-06
259004	17734	185.020446959097	3.23940725266379	50.5322397573844	1.95713322626103e-06
302184	4687	404.411336008496	1.44706770441507	53.4443348196109	3.66656164137405e-06
217443	35593	220.180784183001	0.888021584826137	33.7991407258422	2.77422140588065e-06
335402	14893	254.690498399144	0.681444885145847	43.1633675622333	2.08043538021513e-06
283564	29304	170.368144716994	2.99467077969073	43.5639555356768	1.64605535371391e-06
254443	19323	159.043763271093	1.42527996170746	36.5216937044955	1.71251061231404e-06
381188	29473	313.217086142608	0.323916317634628	34.5724766329244	2.25119626832543e-06
199513	18655	212.455479415848	1.43363028790109	41.3518003333908	2.91745303122484e-06
225078	21547	246.842363417194	0.568462911021666	32.0312432927877	3.00464926700228e-06
212530	7774	265.485535981313	0.271018463529202	32.2813254284043	3.42237628958507e-06
210946	30818	131.917593210047	1.14254110360936	31.5703514342829	1.71332029803443e-06
370773	6578	188.598958677546	0.491412648277413	32.3448697568328	1.39360060152409e-06
188652	44894	153.104192524621	0.212546902571236	26.7083666114382	2.22347783836559e-06
224910	24292	310.835955733619	1.22059107755842	49.7791085101267	3.78642727390645e-06
331405	27065	194.471399688461	0.697527503846799	33.5407062644884	1.60769558489115e-06
190576	47976	226.246644173465	0.619672157798806	34.8603933983496	3.2525282283883e-06
348482	28623	173.043758487576	0.187097733516908	25.5690068782438	1.36045043648469e-06
274452	4400	213.899924706188	0.163785509687343	26.7289481238553	2.1352629639276e-06
275148	33843	248.04726997858	0.112382659272263	30.022744364124	2.4698764359005e-06
351500	30783	177.690192155788	0.413715400206001	31.0201440543246	1.38498561667833e-06
244783	36141	193.82860724231	0.591963551687225	39.2859937141389	2.16942058932163e-06
384047	34934	214.06841245836	0.135424426996186	27.5107791813998	1.52712767253951e-06
325447	11638	192.268883803599	2.35078300908419	47.2252072082523	1.61858632961846e-06
235195	21375	356.082865780741	0.336913642748267	37.1755397129469	4.14791766529774e-06
419194	22777	179.724253387546	1.292968189883	37.7212823965527	1.17462371780226e-06
235789	25278	329.250125773121	0.302245321161666	29.7558155881017	3.82568796298573e-06
235995	21596	175.836314465	0.855945261151411	34.4468229942047	2.04132853366118e-06
192062	48441	211.587515007048	0.538364047083101	32.4276041518899	3.01825359486581e-06
261488	12993	190.630521155233	1.71972790041797	45.7374514774165	1.99732071997681e-06
325997	32429	204.753258716656	0.295222649164768	29.6575327632615	1.72077605652944e-06
187653	26821	250.510052353654	0.144812035036594	32.8822271259932	3.65743638821632e-06
327537	39090	251.278509301792	1.42400897302514	42.3865356320737	2.10185191920212e-06
341768	19519	238.068806785198	1.86646197601167	43.2985361346531	1.90843878379724e-06
382334	18100	135.54493200346	1.27891771033818	33.1294084081195	9.71286827987234e-07
365850	11652	265.955882607443	2.8791210129503	52.4417738166144	1.99165301002876e-06
314212	46545	214.258394662545	0.541990518556031	32.98701830997	1.86819504170856e-06
415778	30222	184.965783558778	1.24553005799069	37.3317469764371	1.21881285540339e-06
247552	33948	171.358031435449	0.929078274095528	29.2255835835899	1.89646643423304e-06
271130	3014	211.306883971412	3.09614573421973	52.0684690344834	2.13522284433552e-06
263207	30970	188.547817428369	2.6979431540381	50.3935535129604	1.9625973580393e-06
225841	22767	217.880030465647	0.218639657989328	30.9576446497721	2.64314978377195e-06
286388	47315	172.775529059612	0.971296644801425	32.956166243504	1.65285421827015e-06
330522	35566	271.057503558933	1.24453852622665	47.6101797756784	2.24681956850598e-06
299961	20351	290.193888338475	0.515572631401109	34.2437965834806	2.65051706346003e-06
291385	22661	195.584052980823	1.00075082597212	40.9111718101279	1.83896467043741e-06
259004	17734	185.020446959097	3.23940725266379	50.5322397573844	1.95713322626103e-06
304229	39829	255.322173618427	0.505531924810187	35.9192651986209	2.29929692578303e-06
385177	29999	118.573462731787	0.215926503123435	27.3384224706102	8.43401350560641e-07
280903	20721	196.192918336487	1.04862727889449	35.1786503471738	1.91352475679327e-06
335238	10801	260.959547005137	0.511061755486031	35.8252003580731	2.13268681661319e-06
382476	32177	253.010996812059	1.18915625192807	47.3795132702512	1.81235113623789e-06
300009	44120	302.556919293079	0.581969501235159	41.4006500650559	2.76299399870131e-06
302789	20005	298.680701096815	0.650785832540563	39.309075936437	2.70255290210743e-06
293232	32511	268.41233821297	0.912191619268296	45.9547633968462	2.50783089525233e-06
412254	16319	254.11942577159	0.255839268537364	28.438572556546	1.68880739751142e-06
252913	5115	231.294227207829	0.749490692048287	34.0256978814341	2.50553674294332e-06
260499	25177	214.643432036122	0.681493541017487	38.5798761046952	2.25745280158173e-06
272049	30403	160.998800323023	1.9881865263331	42.7279274078289	1.62137189853563e-06
301518	33499	159.043763271093	1.42527996170746	36.5216937044955	1.44514204037246e-06
272455	32569	302.556919293079	0.581969501235159	41.4006500650559	3.04242192859878e-06
210642	23031	255.028635903858	0.316754097203292	31.3982616319466	3.3170430945273e-06
261268	24814	271.590234107016	0.895097196211269	44.4425572613955	2.84796773110334e-06
314362	41887	300.057730601489	1.47338290206213	57.2322994794034	2.61506153495224e-06
284799	19638	254.208464200345	0.822272888243115	41.9365096316259	2.44544940731663e-06
359092	26826	171.65877735573	1.70841224204084	36.1420301648172	1.30968671023772e-06
226961	8503	267.543939001327	0.563288824325758	35.3355213134512	3.22961695249105e-06
265410	30150	204.486084786846	0.348899267256869	30.2227889445903	2.11083172725626e-06
254466	21929	347.765945492555	1.7754134846307	53.6505858637289	3.74424643099027e-06
184875	26411	194.28338656008	0.42362233065441	27.9489440672714	2.87915213441263e-06
275370	47470	179.285633545219	0.865156750984951	34.5619245820062	1.7837582763636e-06
378392	21993	132.203269321957	0.388483570753738	23.8388622448674	9.57210347651048e-07
254789	11080	171.976921927438	1.91932998482409	44.2889477596649	1.84925428144963e-06
299300	20162	188.75599199708	0.777813689972224	29.4168401519622	1.72783061844834e-06
262984	44705	300.057730601489	1.47338290206213	57.2322994794034	3.12595433277559e-06
257498	30388	112.734275332151	0.836534691967264	27.1949145503532	1.19946962037477e-06
213933	11088	157.643986957282	0.801660112573064	32.1462750295097	2.01886260712251e-06
213526	30525	224.408721202245	0.312323538069032	28.7319808807804	2.87936089400226e-06
279253	25183	206.680189650848	1.22529583062971	40.1833880462788	2.02772072254848e-06
240836	37717	283.349610048399	0.225321601237169	30.5305250930494	3.2233565642282e-06
424185	19790	182.342050921196	0.664842087582968	32.1893273200664	1.1777108167375e-06
384115	24825	184.448116538781	1.07353344480017	33.0586955229446	1.31558857525924e-06
287735	42949	212.586033925771	0.182729562148529	27.814917733628	2.02418020125321e-06
254520	23467	161.714380720313	1.87820731324864	41.6226281868806	1.74073981558962e-06
227996	19686	182.051389365786	0.372930394996576	29.4195834325833	2.18763017671045e-06
263029	36399	165.647176920027	2.52509394899624	44.1694040100314	1.7253910480315e-06
240421	30786	187.149730956606	0.413473706001055	30.5421032651749	2.13267139277438e-06
350777	29384	190.330128966091	1.02759735194945	35.9090566167121	1.48656385146768e-06
401884	16766	325.796986029915	1.46233968103837	48.7554056678657	2.22102517710021e-06
355508	14564	247.66008675459	0.943274455905811	42.466934338997	1.90859498416073e-06
410193	37273	224.572918405351	2.01547475068676	50.3258755983197	1.49994824290932e-06
366599	26313	249.71401807969	0.414139690513575	31.7485879987273	1.8662025666706e-06
211217	20691	291.472591739324	2.30780640293073	48.0022201488725	3.78073282861305e-06
457946	30339	262.714649095298	0.216905025948506	31.5210009118052	1.57172715102856e-06
269575	29093	189.078183148197	2.29549905689927	41.8416447682788	1.92162633621108e-06
265302	23093	155.980790469042	0.871206074799957	33.7767150477486	1.61078556295103e-06
357576	18519	379.772093197555	0.107734403925938	29.4927582856564	2.90979117226122e-06
254942	44153	218.979846056562	1.97838676353508	45.5072064808087	2.35325989329576e-06
249181	34211	210.821660205697	0.562705269577383	33.7856819790369	2.31796802165755e-06
344649	29895	164.061544165412	0.175408547166995	27.2703180799958	1.30417811351539e-06
328837	23986	166.421738577013	0.731566622478521	38.2983435948004	1.38655312116381e-06
357814	29179	313.338617361635	0.406026703774056	35.432979481601	2.39918495468132e-06
327507	10604	213.087707876682	0.464835738938509	30.6554152000175	1.78256324105491e-06
275673	12448	220.269446141403	1.11527311129617	37.1761957363719	2.18910787285654e-06
219851	30164	211.816138443268	0.856653443332582	36.8571150251251	2.63959767076703e-06
265813	24255	239.879760595893	1.70086810989532	44.4963245764978	2.47243296434107e-06
297069	11337	244.290212910774	0.19063970338872	30.3162926112268	2.25297238873819e-06
271442	43075	177.046368639951	0.369054142981128	24.2028077299627	1.78696938653209e-06
315766	8382	182.863140042395	1.45833594828394	43.2383784549171	1.58660180078203e-06
214467	9035	185.386540659294	0.518999351215395	32.9977252170042	2.36823534890407e-06
315186	30858	227.24946460899	0.141243325671084	29.5024949118221	1.9753455829299e-06
228951	17724	245.985722336221	0.406376141279579	34.0609853997962	2.94357083329036e-06
347687	7581	179.342803984877	0.528868161416183	28.5482176370065	1.41319677728466e-06
255880	21785	102.710254114295	0.364367529411188	26.95184639884	1.09972626417665e-06
290338	24871	166.819783158641	1.78689247484845	33.8464891109073	1.57416701156754e-06
250112	15198	245.718609267775	0.309663140992009	31.4212567947805	2.69160083973092e-06
423954	26631	220.180784183001	0.888021584826137	33.7991407258422	1.42287848483304e-06
218381	19891	209.640133376238	0.509888390422194	28.8710580551158	2.63006639679236e-06
254476	12649	255.052860616912	0.736831528752506	37.6768767327609	2.74593659360521e-06
437921	25740	330.733671135398	0.254236523648104	31.6566591267132	2.06913951819231e-06
302975	11577	156.411833369059	0.136011593672692	25.1305499478583	1.41439251051781e-06
245478	13952	188.543470820685	0.354613210082472	28.67645978438	2.10429225553103e-06
283305	23967	204.264370055083	1.11864027784601	37.0674497999005	1.97535663369802e-06
422297	11567	263.560613535058	0.695363774636039	35.9090909898843	1.70989581431739e-06
313865	28149	224.408721202245	0.312323538069032	28.7319808807804	1.95886261371203e-06
290156	15776	173.924842394964	1.60668438791495	38.5832558336758	1.64224216463023e-06
225640	17716	182.956411898993	0.946586609190187	35.6084170556644	2.22146092695836e-06
284072	15289	396.415409380501	1.66934326312794	56.8362517588187	3.82321951737974e-06
289238	23557	171.806980348192	0.675156259444334	32.1916738235525	1.6273935504618e-06
392853	14264	151.703351203271	0.706473713952826	32.7351097930617	1.05796727970765e-06
221679	38613	187.138736565252	0.514339628365719	34.7634396135262	2.31284364915964e-06
239910	43617	161.668646771462	2.12259247027436	37.9431997120049	1.84622483170301e-06
240044	32853	277.453098653743	0.758870155244825	43.6289651695613	3.16669225543517e-06
316253	31029	195.753249883469	0.600048646735835	36.2862963363865	1.69582667564684e-06
241658	30841	285.716773416027	1.08688472411614	57.3722624708018	3.23922932653525e-06
343607	36125	170.546299571329	0.550088651291978	27.6647496530014	1.35983881530894e-06
298282	40365	227.603068961078	0.58455459614307	35.0300289622327	2.09053865787463e-06
240421	5695	219.203378564601	0.310550177722845	28.6913476957129	2.49793987025614e-06
350219	33267	162.921255827946	0.630266370339985	28.0363900101741	1.27451567450102e-06
276459	15422	239.879760595893	1.70086810989532	44.4963245764978	2.37722347093201e-06
246060	24470	206.176348471348	0.474386528014368	31.1402541416482	2.29564621694172e-06
328594	21205	356.082865780741	0.336913642748267	37.1755397129469	2.9689205989449e-06
294228	35630	281.426400212889	0.875755358527847	47.6699664801485	2.62052297354422e-06
343994	40477	249.973727076866	0.582648721974002	34.6231173106033	1.99090544090301e-06
261268	4961	396.415409380501	1.66934326312794	56.8362517588187	4.15691785730016e-06
291210	37326	382.740981078542	0.557189717577116	42.5565556938812	3.6008565214534e-06
313731	25061	172.646919238151	0.166249402176176	24.7456580880248	1.50767778187911e-06
526158	10519	282.370560273303	1.82489637318088	49.8771306993219	1.47031494978983e-06
299819	19754	212.096014563523	1.58692234554677	41.7527693137969	1.93811923662914e-06
206425	42345	190.636239481423	0.647298389359255	33.1383461718757	2.53017351131109e-06
291979	45991	140.595026091345	2.39402454349846	43.2240254250324	1.31924505633986e-06
274439	46069	194.962649642044	0.571741029628302	28.2799541457168	1.94631319016117e-06
248874	17963	155.962393112689	0.745204131380786	32.4633921705965	1.71690987289149e-06
237403	42974	305.197487139127	2.15540799851961	67.4456111204024	3.5221016541969e-06
226335	33099	168.285789946688	0.852537069789034	36.7464214963969	2.03705550956789e-06
300080	27503	181.552221044595	1.73293781372155	44.3918057043601	1.65756913265682e-06
230465	29644	263.623603958914	0.252838103227799	31.6882055402496	3.13390948388043e-06
328190	21862	226.776307206479	0.217222045812178	31.3774392227292	1.89312578460839e-06
271476	49835	198.395068966732	1.20860076200822	39.449933337438	2.0021959000259e-06
273366	9426	213.513667935551	0.241724914035959	32.3247060013789	2.13987457565346e-06
186977	10305	149.430228470803	1.83353065679773	34.9993230482448	2.18956281372243e-06
210716	24751	239.750152994724	0.194491936098224	32.103089820095	3.11722761552099e-06
320300	19233	225.818412099362	0.205836573801488	31.0469857490558	1.93156597281968e-06
187954	25135	206.943523026088	0.803291588376707	38.4349647825372	3.0165282794506e-06
347180	13244	304.528547891658	2.59913242883845	58.6572984942986	2.4031476143334e-06
328444	11505	217.124951376554	0.400655517638535	31.6514356895269	1.8111546579743e-06
529296	21365	222.112821446228	0.565208110883136	36.6441396240168	1.14969370245547e-06
218731	48049	237.648283822259	0.376993692251413	32.6298807646182	2.97667540748286e-06
230294	14309	185.386540659294	0.518999351215395	32.9977252170042	2.2054779133343e-06
316253	39963	261.843532993734	0.427561862665216	37.8584039139783	2.26837229195798e-06
307104	5761	158.612370660044	0.930367948942685	34.8797234624318	1.41500742473072e-06
347107	34378	154.71032589478	0.337662352417099	27.3566951612805	1.2211332717607e-06
285565	23633	219.734423810751	1.59147218691038	41.7773486824278	2.10814392530406e-06
314656	18805	210.154889106361	0.522303106428483	38.8816586261433	1.8298294628721e-06
259222	35662	213.227015693486	1.34906249313769	41.6256799982229	2.25360349291221e-06
332924	37222	239.790496810131	0.780735946205547	40.0298474977276	1.97330401302771e-06
264275	13867	255.683141222174	0.201131330003733	32.4581821560423	2.6506546467622e-06
273385	45245	179.164444186032	3.98018338611001	59.4777719767269	1.79549533047035e-06
253973	13672	193.884019627243	1.00758425903549	38.0915128860688	2.09151797580514e-06
274452	8124	159.043763271093	1.42527996170746	36.5216937044955	1.58765954603727e-06
257935	20401	199.113715977846	0.947784128490517	40.6219714164103	2.1149399270215e-06
188751	18164	129.844048283522	0.499536804325492	26.2327317743287	1.88468998090072e-06
330267	19761	344.70996124458	0.71031557652245	44.3060099394065	2.85953744311383e-06
422138	29463	289.930989728104	0.578099315529956	39.7454691829266	1.88168674392529e-06
261333	21384	341.84555706699	0.206231175163317	35.2304441515893	3.58379221164777e-06
297470	12602	153.835846413787	1.00439725408855	32.5201839581364	1.41684227776428e-06
318431	38331	166.99664210272	3.30736905102726	48.512004051227	1.4368106335651e-06
265302	23093	155.980790469042	0.871206074799957	33.7767150477486	1.61078556295103e-06
262354	29537	213.875767906391	0.223829106254242	32.3187276913311	2.23347464861491e-06
278717	39680	260.182156773981	2.59086042272761	52.7478380906249	2.55753264701482e-06
333617	30174	166.99664210272	3.30736905102726	48.512004051227	1.37140807230077e-06
328400	14390	216.598189058286	1.02422922591719	39.6316841722969	1.80700272853258e-06
333031	13855	330.047888209464	1.46135032304079	48.4674380268294	2.71518504167771e-06
214685	23297	212.096014563523	1.58692234554677	41.7527693137969	2.7066864075595e-06
335250	15121	253.251410219443	1.17199613801665	44.443978431011	2.0696181358785e-06
264350	12512	227.205100403702	1.7967676649493	42.9729257611249	2.35475591879489e-06
381148	16266	242.260820487068	1.07000357174132	40.717740262932	1.74139251762317e-06
290539	12610	262.768672597857	1.06342993715252	42.9075488728521	2.47785726357211e-06
248598	17858	205.46564552952	0.257887502164035	32.6845244449251	2.26437693301316e-06
300249	30624	252.172983377392	0.643734941452938	34.9213048224329	2.30103975688664e-06
261315	43745	156.893023996155	1.14545782538807	40.3282819579194	1.64492624364973e-06
363026	20020	183.382607603511	0.889852557936198	35.3443716460687	1.38397278162809e-06
304335	34642	227.400133060713	0.51347193414496	29.8490261482124	2.04713247960319e-06
296328	37802	182.956411898993	0.946586609190187	35.6084170556644	1.69153925231124e-06
220214	27152	232.013259718752	1.18662328470098	40.5793721313721	2.88652295654566e-06
330077	37540	140.412008319635	0.496082434581032	30.0604939911889	1.1654566472442e-06
272455	29353	202.673257024924	0.753180019445091	37.428198927615	2.03802168185043e-06
271476	14815	278.038246179929	0.507059142793789	36.3201840035872	2.80595197981051e-06
280510	28259	109.410245780087	0.531186515858949	26.3065604849309	1.06860396430657e-06
353491	11379	316.1852685854	1.02000328492075	41.0193608470212	2.45058858591312e-06
272455	32569	302.556919293079	0.581969501235159	41.4006500650559	3.04242192859878e-06
210642	23031	255.028635903858	0.316754097203292	31.3982616319466	3.3170430945273e-06
275121	14188	214.066633868933	0.7043092751311	34.3801298498902	2.13173086899232e-06
296924	37156	245.269875667347	0.196062560938239	33.3190592082941	2.26311198186176e-06
448244	6808	164.398278417335	3.37965703780337	47.1892392310601	1.00482380631815e-06
269007	30227	157.013939981656	0.911117466130898	29.9058633048595	1.59912261774576e-06
344020	24348	251.278509301792	1.42400897302514	42.3865356320737	2.00114607307629e-06
224446	48364	203.541927562592	0.359866962011108	27.2146452997947	2.48455805231477e-06
270133	10004	267.095940283494	0.454694782826534	34.9203449910161	2.708923750178e-06
287570	10709	274.124971607611	0.521489191372959	43.522413004488	2.61163306142124e-06
383816	12478	233.203064826969	0.290135413413169	33.5440442085441	1.66463228832372e-06
348262	16383	145.696103041102	0.704645021372412	28.2267244218191	1.14616985370801e-06
331300	46101	148.675048345184	1.10362378974386	33.0666755438003	1.22948656678493e-06
271476	14815	278.038246179929	0.507059142793789	36.3201840035872	2.80595197981051e-06
280510	28259	109.410245780087	0.531186515858949	26.3065604849309	1.06860396430657e-06
450928	26890	211.138570296567	0.575773133611761	35.6889861976563	1.28282527682679e-06
239248	21395	278.896998193987	1.33238152671545	45.4442381727994	3.19376281061924e-06
284177	29314	182.754903953466	1.14014881716185	34.700703032074	1.76192431827979e-06
276344	38883	168.738730484954	1.66755809920068	39.0866569698672	1.672907288523e-06
203033	23791	165.647176920027	2.52509394899624	44.1694040100314	2.23524196545722e-06
246486	12878	247.022664823373	0.694584518530479	40.1286504711094	2.74569113123514e-06
189558	16113	272.278422418057	0.416245827943132	36.3187388829494	3.93530360416029e-06
170236	34273	214.560417719462	0.492589886822602	33.319802653309	3.45306962613806e-06
273992	46611	259.101151540167	2.27162402837267	52.4212744272796	2.59082808477327e-06
263654	18936	304.528547891658	2.59913242883845	58.6572984942986	3.16446854113447e-06
283274	19996	267.543939001327	0.563288824325758	35.3355213134512	2.5875904359536e-06
248249	19742	159.039184329633	1.16194832534307	38.6782557086399	1.75518851106722e-06
249717	16845	304.144509776097	0.389870332345725	38.6270432883669	3.33686785250325e-06
202018	26806	197.514989792854	1.6943070219265	41.0942543585602	2.67865714112894e-06
200766	21061	238.182649348858	1.18937639699743	47.88425960225	3.25032726505236e-06
300725	29823	142.968334389879	0.795832757891599	33.7365184030544	1.30249918304626e-06
369487	13887	195.0349739258	0.302722994847273	27.9732597345471	1.44617373362868e-06
274515	30166	162.778349645327	1.94509276704776	40.2113589294014	1.62456725942143e-06
297303	10752	246.752540798009	0.24084796508944	29.9478600285976	2.27389013346892e-06
423699	31915	273.026655076953	0.334206678077197	35.2812515870171	1.7654472469549e-06
182295	46879	208.614874153554	0.345755341034158	28.7999775801869	3.13528950558543e-06
325316	21099	286.12644321808	0.68549930358909	39.863692390234	2.40968185890389e-06
215273	15734	215.559586429487	0.455711191031351	35.8424502242622	2.74337334173749e-06
206910	37712	232.187409449236	0.224451609450171	29.1476596905192	3.07442795854244e-06
228084	33897	293.365598866021	0.422152791481073	39.1606553234942	3.52388316039802e-06
162368	39771	278.253394346917	0.365283349894263	32.5295297884896	4.69512506592359e-06
260906	18328	342.401703688701	2.0487398664106	53.2395334739544	3.5954974566361e-06
299970	9841	195.101321838103	1.08707529667538	37.197181065147	1.78192542394059e-06
322859	22955	300.64226386656	0.704603693205332	46.0079238504486	2.55119861998844e-06
265563	19889	148.042872206376	1.28284054621825	36.7680714314924	1.5273095655436e-06
208525	48300	247.331674695793	0.707312292567756	38.5403580280807	3.24959130350709e-06
266250	9864	168.410726221704	0.724509481791933	32.3953376121503	1.7329549292863e-06
232277	29107	136.47523605396	0.883927982933379	30.5427344494842	1.60973646255212e-06
311686	31477	272.254894653899	0.979754244728108	38.2378833424015	2.39312584129408e-06
333031	13855	330.047888209464	1.46135032304079	48.4674380268294	2.71518504167771e-06
214685	23297	212.096014563523	1.58692234554677	41.7527693137969	2.7066864075595e-06
278868	1663	224.399272710465	1.58018399154475	40.642775134285	2.20460048472351e-06
328400	14390	216.598189058286	1.02422922591719	39.6316841722969	1.80700272853258e-06
437073	17256	186.499039279783	0.812008098177571	33.4484732816219	1.16904103433387e-06
429791	14166	185.491634142277	0.592046860212597	38.7577614256385	1.18242647687841e-06
167724	44397	233.463490544776	3.88168802676928	71.2812100731021	3.81356276676288e-06
268319	45864	177.342467396791	0.366970328675938	22.873733794861	1.81079153429253e-06
295726	11076	228.592304913108	0.391600394801052	32.518659131311	2.11777215203659e-06
356523	15387	427.752298802681	0.674027977522153	45.5669781335273	3.28709257553851e-06
311049	24140	253.882104176066	2.52700023800098	46.3541879051274	2.23619882623494e-06
265891	20636	214.290948292815	1.11817344704724	41.3459440246046	2.20804197386698e-06
303855	6951	195.537876733643	1.18706749243892	33.3626486433493	1.76307847568465e-06
320119	41370	226.035249258941	0.590174527880773	34.1311559979482	1.93451390109287e-06
190254	46083	141.347279458054	2.12068409601094	35.5422360346327	2.03545166163668e-06
293976	32319	149.12833998041	0.849293429518118	34.0673708409244	1.38981003369961e-06
275705	23193	282.369236697462	3.10981973849411	64.740196667134	2.80594964587633e-06
216984	46390	237.622178366006	0.411886043875108	34.6114900520522	3.00031185136315e-06
316850	28640	205.46564552952	0.257887502164035	32.6845244449251	1.77661220386052e-06
397624	30092	310.983791309141	0.43787607903126	36.3985064296238	2.14275392619241e-06
288341	16138	232.926140990936	0.632275066442284	35.1581115613765	2.2131913634692e-06
203740	34700	213.347247268229	0.21077990395084	31.3916367287932	2.86891629633025e-06
230923	36027	185.509798228873	0.639582707359542	32.4220541599471	2.20093287608795e-06
341618	25116	266.386552933797	0.271698613865134	30.6042257389626	2.13638090622087e-06
292673	41182	221.352822088904	0.708449942224203	36.308460046503	2.0720944122444e-06
288657	35984	231.484397662937	0.277910673553736	31.1253093725959	2.19708453012927e-06
206418	11495	216.844740966152	0.606150600865831	36.334222787219	2.87811712510141e-06
245316	9801	212.990160102886	1.902894757733	48.1356470578604	2.37870617983901e-06
314726	13352	173.463685842309	1.78555004381607	38.5176889145819	1.51002133573469e-06
262291	26276	254.208464200345	0.822272888243115	41.9365096316259	2.65530096630982e-06
201693	29499	152.132869295826	3.99702953518879	47.1298419763021	2.06651882629739e-06
387107	12160	229.139572371283	1.26620471634332	43.5361439115929	1.62172125622188e-06
377611	17025	190.330128966091	1.02759735194945	35.9090566167121	1.38092483568084e-06
292140	31288	257.494821139893	1.10246621864197	46.9379277266091	2.41481913944331e-06
268292	48965	216.242935446505	2.06446552687928	42.3919548885243	2.2082149243495e-06
254476	32739	204.499295108925	0.361519033494407	28.8037731887574	2.20166947529164e-06
273005	19761	317.262676689868	0.102351938584838	32.9390098480057	3.18387140473234e-06
185035	7303	187.567560992361	0.473085915465453	26.9692049088487	2.77722446426997e-06
266555	23793	184.00957753905	0.924895772771313	30.9634882180128	1.89130134071434e-06
248598	17858	205.46564552952	0.257887502164035	32.6845244449251	2.26437693301316e-06
295863	32858	238.078427571695	1.58728249984231	41.5294948599681	2.20463411977836e-06
282836	42702	129.844048283522	0.499536804325492	26.2327317743287	1.25775049351918e-06
323432	24145	223.439155935935	0.874556460988458	37.6677072454144	1.89270718746864e-06
315642	43941	215.611136220054	0.95000750305317	37.6018493574693	1.87147287654614e-06
223015	11737	285.157942268588	1.44591391566562	46.4874766661448	3.5031483817335e-06
246939	21729	281.323978970977	0.174665998776231	30.0651676933791	3.12121871117055e-06
277686	46476	192.770584132035	0.786968321908	33.282153204614	1.90192730877001e-06
241822	22809	198.328222237922	0.26525564456606	26.558253213239	2.24696261065024e-06
321597	15167	293.485875326725	0.626386477043095	36.2853851495362	2.50024375633509e-06
373455	20514	183.284965737543	1.12525802283376	33.7049617309844	1.34460802790634e-06
317021	39570	391.075497120243	0.312842934757868	39.3066026640355	3.37971212676022e-06
232086	32486	215.083187450833	1.11296907066362	35.145208100898	2.53901142987777e-06
386451	8759	217.417855131927	0.694613336154606	32.7950753589773	1.541373567479e-06
278646	12568	214.818367526154	0.565965594388681	33.7545413646214	2.11215475073891e-06
353281	27354	323.522438961991	3.03707302461705	68.6147592997059	2.50894570178189e-06
315766	21381	282.000632969092	0.280606641052108	34.2904693703679	2.44676271000653e-06
382583	9780	63.2122925612607	1.27188980867519	29.6021937673414	4.52671350220831e-07
375580	35619	211.640363462791	0.810532594839923	37.741562362462	1.5438431551915e-06
281995	41031	282.442122037915	1.27907210971701	47.478459492686	2.74407004727243e-06
301010	12672	155.962393112689	0.745204131380786	32.4633921705965	1.41953499121623e-06
406433	23449	221.343927015506	0.226974170608433	32.0057874059186	1.49205826753906e-06
239975	46211	353.114804929292	0.23398990454559	30.9033954006717	4.03141086248187e-06
222124	5668	130.722406144298	0.78179699904948	30.9911053619856	1.61235876572333e-06
303337	14992	349.765704716152	2.40853739051737	57.497477079161	3.15906798281049e-06
260668	26228	280.528468611479	1.60205469789377	42.3167705651937	2.9484675789923e-06
236848	30589	130.834292049112	3.21676461222721	41.8067300415899	1.51341837466665e-06
314786	29410	285.48374073146	0.693289497235107	36.050137636809	2.48469510994997e-06
256211	49771	206.857368760233	0.384623294059044	30.5197772438693	2.21197574324023e-06
274968	24756	348.113836977585	0.350512757934986	41.0399610550554	3.46853648302572e-06
382227	24608	308.486324540852	0.522105907756733	38.1152130143107	2.21116774178876e-06
368205	17370	216.263991433622	1.15203327304727	46.1960528039543	1.60916903931102e-06
212975	13002	250.690643213231	0.114371317314259	30.8541010613544	3.22490282914074e-06
303042	16786	216.844740966152	0.606150600865831	36.334222787219	1.96043842348316e-06
307477	30640	248.751160200904	2.56114865512758	51.9682549492842	2.21645855770572e-06
301378	13409	266.572157696772	0.87000064768686	36.6360269419192	2.42331782220764e-06
247893	24516	176.846524238814	0.435630423453307	30.1707667481566	1.95451676857281e-06
283652	22180	228.818773301901	1.23077949435594	40.7216883244146	2.21010515974621e-06
269310	33452	135.027522844165	0.548977034957874	29.5532361992548	1.37365273755574e-06
260074	37347	164.115409966755	1.29935291098844	37.9025394298232	1.72885894085103e-06
251785	29000	278.896998193987	1.33238152671545	45.4442381727994	3.03473743437867e-06
332990	20251	149.378674170811	0.968731585061907	30.8212637687381	1.22903583159814e-06
265691	23561	147.655701829209	0.933545990910266	34.6460333727379	1.52258137985514e-06
296093	27421	244.032235243199	2.44771340019622	62.9231919365273	2.25801172746307e-06
290539	12610	262.768672597857	1.06342993715252	42.9075488728521	2.47785726357211e-06
336210	9839	274.752115138424	0.320722054999031	32.2640894928739	2.23891472867312e-06
241658	30841	285.716773416027	1.08688472411614	57.3722624708018	3.23922932653525e-06
343607	36125	170.546299571329	0.550088651291978	27.6647496530014	1.35983881530894e-06
385320	28379	250.502327715422	0.842297497501959	34.7559329433782	1.78113709946419e-06
206992	7932	139.982443021355	0.351011276175417	21.5107678032805	1.85279403321993e-06
282846	39708	282.15493427607	0.932737053728463	41.3734546739151	2.7330321701375e-06
294773	22307	285.612109747193	3.15916626131151	61.0728922734878	2.65458142643399e-06
246630	35392	110.828854298461	0.788182047015398	28.0802728567606	1.23115880755834e-06
258804	18555	291.610256271431	0.612769255788853	33.9281867866704	3.0870164640532e-06
214871	27545	232.823689407587	0.274601199726181	32.2856029610483	2.96863290841771e-06
327912	12059	352.938063664103	0.384977702751237	36.3293861897782	2.94882041242691e-06
232738	19063	190.640397266631	0.54225459194754	30.7116458507978	2.24416493337892e-06
392458	36992	160.583705776853	0.21339835573186	25.4800956711411	1.12102532829691e-06
287085	15009	202.910615926734	0.43653972810769	33.6238709145096	1.93642822052591e-06
271130	25565	238.344605969884	3.37806576054443	57.8519084187974	2.40843477470378e-06
328749	12825	217.517022751576	1.75077133697123	40.0110936375552	1.81274178365396e-06
503211	25953	213.737877056042	1.10107134921315	35.414106567082	1.16369321181587e-06
298500	11551	165.058631686391	0.536295548771799	30.7551946808797	1.51495956206963e-06
369948	35386	304.144509776097	0.389870332345725	38.6270432883669	2.25240474208146e-06
281466	23691	212.096014563523	1.58692234554677	41.7527693137969	2.06449436666209e-06
309714	29517	143.872819379487	1.18311803078	33.4765049520938	1.27269709438064e-06
275003	8287	250.815073950374	0.781273150361727	42.0786299212686	2.49875305420453e-06
336191	5174	177.046368639951	0.369054142981128	24.2028077299627	1.44280645293611e-06
289632	20398	380.354644752814	1.2926128296054	44.0504780715737	3.59790188884765e-06
274515	12625	349.461045179043	0.553377129435099	45.7132551184138	3.48770566649718e-06
355023	32078	235.952945544606	1.35365662666996	36.6638137160309	1.82085787723501e-06
273863	21306	111.175751887656	0.813981764640332	31.5656302533218	1.11220245546887e-06
265060	40131	185.591228846796	0.699005740302472	32.834087689601	1.91831706077193e-06
363681	28014	238.182649348858	1.18937639699743	47.88425960225	1.79430655903251e-06
221182	40642	175.967132497897	1.09213959038102	35.288566353689	2.17966079007763e-06
293153	20859	215.78778285815	0.632300729310202	31.959927258764	2.01669232479566e-06
305456	30228	149.12833998041	0.849293429518118	34.0673708409244	1.33757658866376e-06
247771	9861	240.973244077649	1.03967971812258	40.3375281881472	2.66455989081001e-06
214975	1383	212.586033925771	0.182729562148529	27.814917733628	2.70928010330314e-06
436542	22163	214.962155943098	1.80482686086529	43.2822809508874	1.34909679605338e-06
269557	32063	183.657591891823	1.79429664533988	39.440073201028	1.86666079766109e-06
410685	24775	206.823602551521	1.08440408944478	38.0666234767568	1.37974361613029e-06
287921	11017	260.831742327357	1.53118187375134	48.2217909347653	2.48195690215592e-06
319368	40230	202.178399282216	1.00159898162332	34.5147603232849	1.73440489557815e-06
384723	29723	219.440936884061	0.536667576877636	30.5214703488828	1.56270367578154e-06
338033	9789	204.051161698741	0.294715105916315	29.6913951315304	1.65381568848807e-06
345570	30091	292.618146783994	1.57133366624934	46.3319943573287	2.3199165229414e-06
296513	19547	204.522670828966	1.29758319560542	39.7638294370654	1.8897521675708e-06
291951	32279	341.84555706699	0.206231175163317	35.2304441515893	3.20794643637647e-06
244915	20261	236.563857608877	0.945554496014835	36.9583640929885	2.64630650565519e-06
258604	42847	143.872819379487	1.18311803078	33.4765049520938	1.52423051418e-06
233397	23545	185.591228846796	0.699005740302472	32.834087689601	2.17855893661105e-06
269706	18205	263.623603958914	0.252838103227799	31.6882055402496	2.6779398648992e-06
282846	17930	281.581465248169	0.407653505810034	36.9561327774725	2.72747738759985e-06
234555	22675	165.477904593524	3.03078766148589	44.4812383292756	1.93286914443963e-06
341778	20557	261.770729201865	0.254809519914895	32.2735889367252	2.09837988403323e-06
499761	15484	317.262676689868	0.102351938584838	32.9390098480057	1.73925699053938e-06
407322	25081	320.545038367216	0.320783556091583	38.8140675485783	2.1560475117173e-06
347053	26448	275.210753067969	0.552729864507838	40.1513570551703	2.17258477293069e-06
215965	13456	152.977558872045	0.363830370379439	24.8681749633423	1.94066908827559e-06
311472	20120	229.964674776807	0.527892236108211	30.413455921004	2.02278280188256e-06
341518	17560	247.002605533159	1.38599607223734	44.8772305051992	1.9815045391872e-06
339215	18311	213.737877056042	1.10107134921315	35.414106567082	1.72628929973932e-06
515411	21342	132.203269321957	0.388483570753738	23.8388622448674	7.02741574914729e-07
259372	19267	188.741752802825	0.986048935903681	34.3006206640214	1.99366428377188e-06
293374	26664	189.422831859108	0.225939884278117	23.9745912160534	1.76895928960199e-06
330571	17185	267.543939001327	0.563288824325758	35.3355213134512	2.21736659644772e-06
318420	30380	123.980408702651	1.16895510549168	32.3316454628847	1.06674314619057e-06
315135	27689	126.799468639857	0.257150484363479	27.1316834187889	1.10237137890986e-06
364103	36537	162.778349645327	1.94509276704776	40.2113589294014	1.22484044685178e-06
220189	24873	245.269875667347	0.196062560938239	33.3190592082941	3.05179760161643e-06
520085	7799	260.227164708262	0.758958612209962	38.4416754755757	1.37083579835415e-06
363329	38627	187.567560992361	0.473085915465453	26.9692049088487	1.41437575515908e-06
352360	24174	184.44465997672	0.837895042074551	26.9084691893673	1.43412372446548e-06
291123	39689	249.721215396685	1.31559163894833	43.005844626298	2.35009845809357e-06
288157	11945	317.068582488446	0.483484334551976	36.21609879225	3.01461025730262e-06
225255	6335	105.314630172437	0.503558634619731	30.0346527026078	1.28091821868168e-06
275577	36931	164.940788964364	1.74545585074398	37.9171620034294	1.63980510893546e-06
394135	27979	179.164444186032	3.98018338611001	59.4777719767269	1.24541461915495e-06
383603	33697	286.12644321808	0.68549930358909	39.863692390234	2.04353997130152e-06
214692	35055	381.353691351013	2.14484152843984	64.9742736923072	4.86652802078509e-06
428504	22333	164.115409966755	1.29935291098844	37.9025394298232	1.04930469769918e-06
265436	26248	189.925621691351	0.399461430626536	30.6712430470158	1.96033759180141e-06
325645	25017	203.541927562592	0.359866962011108	27.2146452997947	1.71244489124611e-06
257485	1252	214.290948292815	1.11817344704724	41.3459440246046	2.28012695292334e-06
300249	30624	252.172983377392	0.643734941452938	34.9213048224329	2.30103975688664e-06
253859	26001	230.577598603183	0.372453606362515	30.8107145530212	2.48846583429344e-06
