HSC_pop_size	HSCT_bottleneck	number_drivers_per_year	gamma_shape	gamma_rate	dpcpd
241661	1452	212.455479415848	1.43363028790109	41.3518003333908	2.40862119505738e-06
167693	36503	238.078427571695	1.58728249984231	41.5294948599681	3.88966542777567e-06
274890	1484	218.619378594924	0.148270099154079	24.932486990091	2.17889774684393e-06
287540	40245	135.027522844165	0.548977034957874	29.5532361992548	1.28656332597599e-06
237789	40384	227.197160653919	0.349384428111102	30.6296160417107	2.61769036580455e-06
237268	18069	187.553316529384	0.365098340470273	27.0698446180584	2.16567216320882e-06
233202	35709	202.851184860799	0.503052122361507	28.4151990887914	2.38315567984625e-06
234726	1833	228.513443000035	0.205328080320343	29.3361736605086	2.66721295211164e-06
237723	20593	151.466768366907	0.200316757920714	26.6887992770495	1.74563440466664e-06
239925	3040	141.347279458054	2.12068409601094	35.5422360346327	1.61405781153704e-06
179072	3516	192.770584132035	0.786968321908	33.282153204614	2.94930858349217e-06
350137	10319	148.571650343713	0.854333686276803	30.3873053561246	1.16253242982043e-06
230471	973	223.109929716381	1.42475307308211	43.6148613495791	2.65222124004644e-06
244596	15939	215.78778285815	0.632300729310202	31.959927258764	2.41704445326507e-06
170148	7734	158.894558578336	0.280484995066045	22.7461470277133	2.55852291974555e-06
227454	12524	209.640133376238	0.509888390422194	28.8710580551158	2.52515466774782e-06
142240	13228	174.214721354876	0.3128393543695	27.5113955400471	3.35560043905874e-06
185004	640	161.209341315686	0.41188689123489	29.5727562573252	2.38735069653712e-06
213412	18798	285.48374073146	0.693289497235107	36.050137636809	3.66496370813596e-06
231558	1837	189.08997219499	1.08433645976129	38.8313989738188	2.23725683561975e-06
227280	26037	322.259762459636	0.250557436275272	36.0651154669324	3.88465090986239e-06
169315	4808	206.553876013713	0.968523081737535	37.1200903792378	3.34229708043916e-06
182854	4153	152.48439677007	0.917489906597101	30.403550662037	2.2846941855411e-06
183093	5293	231.294227207829	0.749490692048287	34.0256978814341	3.46098875581275e-06
267868	9404	143.017438956465	1.48265439861188	36.1161051171468	1.46276748204611e-06
235086	1518	154.452023089813	0.333938811190595	25.527945771678	1.80000607285556e-06
154612	12257	262.714649095298	0.216905025948506	31.5210009118052	4.65530593941561e-06
310869	6053	261.129666348562	0.184532700020792	34.9478038673739	2.30136727502812e-06
195072	6165	212.705299809576	0.526367302194366	31.8912317601366	2.98738028037664e-06
224076	24665	142.968334389879	0.795832757891599	33.7365184030544	1.74804114149479e-06
282268	11238	248.401599601797	0.366176653290703	32.2581442089908	2.4110148074743e-06
163116	5587	197.514989792854	1.6943070219265	41.0942543585602	3.31749772147788e-06
187350	8778	206.909665753732	0.882808706741669	31.5829939769539	3.02575818834036e-06
225071	35678	147.504989872735	1.14608447983202	32.224519756399	1.79553678583781e-06
196926	36765	190.640397266631	0.54225459194754	30.7116458507978	2.65227780112703e-06
284034	10897	178.819648362286	0.563132693810385	28.9479943935376	1.72485281631136e-06
206069	935	203.399884544291	1.29714604454993	35.6055259174925	2.70423963650812e-06
244867	1302	200.924701929826	0.677992623904905	25.6523635489333	2.24807195507839e-06
230636	1959	160.89772060515	0.652591024442325	26.8163945902899	1.91130470911229e-06
266118	5645	208.614874153554	0.345755341034158	28.7999775801869	2.14772244049894e-06
268154	7580	218.585535632005	0.168800164435615	29.8011232195105	2.23328565370487e-06
233830	4527	192.340726075885	3.87982977175851	54.2304336126868	2.25360686549454e-06
195035	1004	187.553316529384	0.365098340470273	27.0698446180584	2.63462815812664e-06
149438	1629	168.581516434397	0.160749610139318	24.2059965019376	3.09069425657073e-06
428726	3538	160.023316257723	0.177439273799778	26.6763948542207	1.02261128212823e-06
203489	4680	130.834292049112	3.21676461222721	41.8067300415899	1.76152084487636e-06
262674	18286	177.992072638162	0.375571576412011	23.834204679584	1.85648185232325e-06
334264	16894	195.537876733643	1.18706749243892	33.3626486433493	1.60268593156654e-06
226642	2217	285.325803935987	0.43162655752479	35.1264714460629	3.44911592437179e-06
269102	20643	158.589285348107	0.582941843595115	28.6066177383115	1.61459666867782e-06
281884	4175	213.921141458491	0.764777639144863	40.682643380304	2.07917199651048e-06
158092	1418	160.411994008053	0.109322809619463	22.0697909050297	2.77993140127619e-06
204690	532	165.105436548956	1.91800093933931	42.239623850534	2.20989624201457e-06
266445	14001	189.122850641692	3.36960672201898	45.5436868299445	1.94465948424106e-06
231865	3175	186.837392789853	0.580901972953663	28.3523696599305	2.20767803643243e-06
384414	29984	125.353277410762	0.286693531436287	22.9071785186071	8.93395237274953e-07
179059	1386	241.391894118866	0.240460811021818	28.0825006197406	3.69346223937462e-06
208169	44784	195.411005979941	3.14966886374398	44.3751541193561	2.5718172212151e-06
199968	23795	248.646037947367	0.524392086784194	35.0608902925015	3.40665517369583e-06
259817	11254	187.138736565252	0.514339628365719	34.7634396135262	1.97334611400355e-06
226671	7302	185.458948636527	0.652594887379454	27.9216269986018	2.24160438959207e-06
268177	15098	152.48439677007	0.917489906597101	30.403550662037	1.55779753894977e-06
199356	3545	204.264370055083	1.11864027784601	37.0674497999005	2.80718117894529e-06
227580	12925	182.756708023348	0.666055294035232	27.5513695160217	2.20012000023292e-06
192308	6042	184.951106497639	3.93732582948414	52.5791215443917	2.63491565752597e-06
223413	9782	192.770584132035	0.786968321908	33.282153204614	2.36395637972325e-06
275485	10451	210.046280478144	0.65165042048639	33.5407594197848	2.08893138132369e-06
222126	2774	231.484397662937	0.277910673553736	31.1253093725959	2.85515351293197e-06
205630	33211	237.442413809504	3.54151268958222	54.4572582884188	3.16358100044706e-06
140409	39370	288.756914724896	0.364981222274474	35.8684089566636	5.63435986911614e-06
220582	650	209.783639145128	0.279512392174614	31.0979506023562	2.60560560829089e-06
347297	2166	213.069140401381	0.677920714417809	29.9378302618055	1.68084109448923e-06
211615	4985	176.826455944153	0.551810185028693	29.1929989126378	2.28932752254146e-06
222117	6247	287.153999829326	0.145455069532899	31.4619345171622	3.54193189716966e-06
265787	29281	293.121909483527	0.103015259906819	30.4497108723252	3.02149361937342e-06
270279	2062	221.104568687904	0.443840501730064	31.4745425014981	2.24126159121018e-06
295374	4600	145.458910766161	3.99219829826515	43.131721325113	1.34919648900346e-06
263712	28251	206.909665753732	0.882808706741669	31.5829939769539	2.14960182542155e-06
427019	1500	207.824379919988	0.459075070379376	30.9818038648285	1.33338765440059e-06
199983	15798	141.270278779805	0.909003914020099	31.8322912952608	1.93537380512693e-06
265943	13551	197.391691485813	1.53054615935892	35.8167525705132	2.03351528243139e-06
263231	11332	199.61404671805	0.340518776600042	27.2975561137214	2.07759648076227e-06
219191	4346	186.154750390685	0.1178343532739	25.2744759123088	2.32679724427098e-06
239468	3718	179.445328470798	3.3318799418934	50.5770535090381	2.05301350036872e-06
266883	16948	169.178719473343	1.71263017833171	36.9019688779805	1.73672860775268e-06
301424	19716	260.430486982419	0.230492499145313	29.3058155255105	2.36712465999216e-06
190986	786	190.786233225262	0.994050617231418	34.6284622299855	2.73686033969157e-06
214558	21622	193.847172943361	0.79536933453235	31.7594478218249	2.47526610543678e-06
211543	757	248.622556050884	0.395955870604594	30.7382247587875	3.21994907801554e-06
224327	4479	213.901095917479	0.913408554068412	36.6782543224228	2.6123935138165e-06
199983	19808	182.932030755634	0.352388685300825	27.6153835104771	2.50613125068554e-06
294943	40067	248.180868288154	0.341116323679602	30.8562565371896	2.30535250658977e-06
200766	17313	190.330128966091	1.02759735194945	35.9090566167121	2.59731432675989e-06
294251	45030	232.273069265629	0.396462653502004	36.7972844922553	2.16265899973319e-06
198950	2093	208.133845523491	1.20347152656265	35.1744435152253	2.86619609833118e-06
223714	816	330.733671135398	0.254236523648104	31.6566591267132	4.05034842229944e-06
322592	2907	195.411005979941	3.14966886374398	44.3751541193561	1.6595967014778e-06
228016	1928	264.881764496783	0.327628466427405	32.4116749525295	3.18268658504117e-06
463463	4773	195.023573537253	0.965068986924667	32.6814220800308	1.15286691791154e-06
252512	24714	194.244999590082	1.07161635092306	33.7822122913578	2.10753580451114e-06
201341	29919	121.035252135981	1.7041991219096	28.8741044258681	1.64697419059971e-06
183637	27337	190.706429271534	1.72746349179183	40.2767564823456	2.84519659909069e-06
240366	12177	241.963516713611	0.463978361850198	31.922538506997	2.75793475125788e-06
247769	1108	244.354164398449	0.187010348335796	27.9400171834124	2.70196620281528e-06
397419	26881	189.422831859108	0.225939884278117	23.9745912160534	1.30584260598435e-06
337845	18954	231.411921166719	0.270087894572687	27.7533572734991	1.8766157956177e-06
218540	15918	172.893072227143	0.512196815692387	32.6469415255418	2.16747345994957e-06
261351	9530	192.020115704452	0.367953712628216	19.3425180289088	2.01293474591381e-06
241738	37226	156.390294851616	0.585849385977945	28.8993961600528	1.77244190502653e-06
146082	1203	306.859386650601	2.09455658207327	52.5848913401552	5.75505981816932e-06
278717	15830	205.11777339052	0.481860186264939	32.9987149288742	2.01626202362892e-06
217035	18039	280.157198914487	0.170531223430425	30.9939505979206	3.53654465698496e-06
240941	21554	198.993813221665	0.158392134635052	27.3288156528244	2.26274701845856e-06
192453	8553	261.795029061133	3.00721141414891	48.9344411107016	3.72686658541051e-06
294320	3104	172.620798397195	0.251490731308085	26.5324706212771	1.60686903451648e-06
203041	865	216.242935446505	2.06446552687928	42.3919548885243	2.91786584228592e-06
252237	5743	108.949494275039	0.753606561802162	26.2598058217816	1.18337819248204e-06
185153	13459	158.1815166804	1.63749599752317	36.8155655253631	2.34062649971897e-06
229798	35891	190.645575108929	3.98697947344688	52.3307703286516	2.27293816366571e-06
273560	32107	280.165120283047	3.02284982691951	56.419359411096	2.80587685337165e-06
310902	8361	180.868703000514	0.626831717103168	31.9822421028801	1.59384852188823e-06
263654	4088	180.179499646418	0.263765825987712	23.7442261846621	1.87231168419484e-06
213001	9664	353.114804929292	0.23398990454559	30.9033954006717	4.54194028067515e-06
199120	7166	164.836305586673	0.565568137349836	28.2159186382827	2.26801083103564e-06
186882	1762	163.649970941837	2.50859483628004	44.1759433014292	2.39914001761623e-06
222633	2110	223.616763641989	0.258900318037811	28.3861539985802	2.75183224190618e-06
215719	1140	282.955167830123	2.34583174255232	49.3884416680859	3.593654883857e-06
279205	1108	195.411005979941	3.14966886374398	44.3751541193561	1.91748936846806e-06
331219	17825	242.092555778348	2.06705374676768	40.8529617467956	2.00250370934355e-06
231931	5410	140.311421620445	3.76457340960234	51.123396291696	1.65745352606872e-06
163675	5694	159.858298498952	0.935691156011591	31.8369786980037	2.67583895581499e-06
253711	29731	128.288130253971	0.398801542952105	22.323235593174	1.38533342843997e-06
228298	6076	240.973244077649	1.03967971812258	40.3375281881472	2.89183728594157e-06
274609	34618	162.414209840225	0.914933383034631	35.7162724056535	1.62037820289366e-06
319148	27519	188.712264365338	0.446871937504745	23.4376483223494	1.62000044609645e-06
153807	2040	172.094328940194	2.25046751574752	42.0640584192961	3.06547369212659e-06
155153	23212	157.643986957282	0.801660112573064	32.1462750295097	2.78371242663397e-06
184791	38724	120.284059951043	0.89540307743708	31.0436543077411	1.78334101622311e-06
225427	5691	188.741752802825	0.986048935903681	34.3006206640214	2.29387204110634e-06
203354	3963	248.056262523504	0.134052447018901	28.1564245145217	3.34198589009575e-06
270371	11074	148.81308457826	1.22021751686993	35.913501016381	1.50795418530955e-06
237400	2292	249.831824206406	0.632718998804917	37.2848107830301	2.88319608782825e-06
232516	601	189.122850641692	3.36960672201898	45.5436868299445	2.22842641486439e-06
202188	4499	157.013939981656	0.911117466130898	29.9058633048595	2.12759994674231e-06
151775	4497	87.7105149677115	1.00447253311175	26.1258039345416	1.5832830224573e-06
223299	5968	164.836305586673	0.565568137349836	28.2159186382827	2.02242874654977e-06
245315	29660	143.621384741567	2.13750594448477	39.6479488920172	1.60399178960645e-06
202695	44420	209.792376852268	0.482142027541944	27.0160758124092	2.83565768870319e-06
386642	49970	113.964589945724	1.44493510298352	30.5710103366138	8.0754742960143e-07
252973	3225	247.342447939458	0.694471540193603	35.3269697235184	2.6787465156356e-06
210787	976	216.242935446505	2.06446552687928	42.3919548885243	2.81064011767128e-06
183295	13534	204.486084786846	0.348899267256869	30.2227889445903	3.05647098246589e-06
201141	3116	168.410726221704	0.724509481791933	32.3953376121503	2.29390949593806e-06
240366	11786	149.22005865372	0.85185974162917	33.7751375384279	1.70083155896983e-06
285275	8721	152.994568582965	1.43469947924955	35.1280965766479	1.46933030092775e-06
171512	13643	121.951311416673	2.50808898606324	43.0104358999573	1.94804551263753e-06
229798	35891	190.645575108929	3.98697947344688	52.3307703286516	2.27293816366571e-06
273560	32107	280.165120283047	3.02284982691951	56.419359411096	2.80587685337165e-06
310902	8361	180.868703000514	0.626831717103168	31.9822421028801	1.59384852188823e-06
261567	1723	179.965624687303	0.452472641852338	24.4529955595479	1.88501036442904e-06
300080	10649	107.609416054617	3.90000047389319	44.1489987829256	9.82472400552702e-07
207010	1749	221.493715250945	1.60920196137612	41.9325380085357	2.93141440789301e-06
243056	10880	153.871655533264	0.493287975178645	26.515406784689	1.73444053857214e-06
284799	16350	214.639235923935	0.646121786233744	36.1847365665782	2.06479903778267e-06
234649	16129	155.971771237392	0.729467238667775	29.5877166146313	1.82110267334757e-06
237400	2292	249.831824206406	0.632718998804917	37.2848107830301	2.88319608782825e-06
232516	601	189.122850641692	3.36960672201898	45.5436868299445	2.22842641486439e-06
309115	18144	190.73764762512	1.02353974105603	36.1332886913167	1.69053231840276e-06
195750	2049	149.10281379228	3.75217176269291	50.7622684121807	2.08684985800703e-06
262292	5246	192.544997214059	0.494515973181522	31.6458746659276	2.01119569149074e-06
234365	4435	283.274352751886	0.45843418648284	32.6559984797608	3.31147618939882e-06
287977	14438	189.422831859108	0.225939884278117	23.9745912160534	1.80211149719489e-06
140044	1255	179.822910188733	0.650341490925579	29.9287030346442	3.51793370202502e-06
312275	7046	141.612892198366	0.544020886528074	31.0174928710184	1.24243223623686e-06
238259	25334	172.051878637672	0.414653280854762	29.51051960726	1.97841428851051e-06
317671	1479	222.523187696397	0.418549435759878	29.9910958259965	1.91913196052276e-06
391145	4800	202.781409749262	0.132702653946211	24.692548518482	1.4203569166482e-06
195509	2834	181.874312714838	0.484398898059264	29.1418245368839	2.54865908096216e-06
255324	4609	164.398278417335	3.37965703780337	47.1892392310601	1.76405759834279e-06
182867	27768	187.567560992361	0.473085915465453	26.9692049088487	2.81015015692385e-06
299111	3759	209.640133376238	0.509888390422194	28.8710580551158	1.92021199420253e-06
185247	5089	228.917714637773	2.63541409084666	49.620664045547	3.38559772047809e-06
225275	1536	290.193888338475	0.515572631401109	34.2437965834806	3.52924980078808e-06
167528	1051	273.286863806837	0.504827771011803	32.5978485606777	4.46928951409533e-06
313731	9192	313.217086142608	0.323916317634628	34.5724766329244	2.73523815985807e-06
202593	1080	176.994867631246	0.396744736525644	26.007819695175	2.39355478997328e-06
209314	6924	169.456604176658	3.75005046932282	52.0644658760858	2.21802970167856e-06
223143	8240	183.739682064688	0.561635059641714	32.2090175197818	2.25593627950831e-06
184241	8254	182.764047941941	0.283850273034218	27.4078749285033	2.71776325041124e-06
187099	2014	221.736636009652	0.466184863126052	33.5941829257862	3.24693147960789e-06
257935	4044	268.541512759196	0.583755756881101	36.8108769656344	2.85238595748155e-06
200301	4526	175.765051361719	0.977321833300569	38.9443538253935	2.40412222566297e-06
224486	1521	167.824100382335	0.787479776959786	30.596990972625	2.0481992455744e-06
158165	1468	168.056125258643	1.73356722060834	40.7584834817229	2.91105959241702e-06
245580	41090	231.805907429272	0.897080804938591	35.8634323822717	2.58606025689558e-06
293279	13399	153.604332326286	0.460455112056789	26.6540499343453	1.4349264256742e-06
229027	1077	185.020446959097	3.23940725266379	50.5322397573844	2.21329945436351e-06
242522	22216	192.268883803599	2.35078300908419	47.2252072082523	2.17202589956928e-06
276433	3738	170.368144716994	2.99467077969073	43.5639555356768	1.68851779751524e-06
254770	9246	216.604110580652	1.48497987286526	43.4108947083978	2.32930062173351e-06
203536	1388	362.96570982368	2.27739521221326	51.2294337376541	4.88575290001109e-06
266883	21305	220.264309975023	0.684048768881932	34.8889766826703	2.26115512395045e-06
215719	33172	180.179499646418	0.263765825987712	23.7442261846621	2.28835876665805e-06
234734	27660	220.319042618334	0.720300496589968	33.815629009074	2.57148012385379e-06
177324	7049	213.899924706188	0.163785509687343	26.7289481238553	3.30483854963715e-06
293153	1248	186.837392789853	0.580901972953663	28.3523696599305	1.74613006831725e-06
372516	1026	180.623587385378	0.728370780737582	28.9704101243826	1.32842386238869e-06
268548	23391	156.158458047721	2.87516278844942	45.5593018382569	1.59312820021584e-06
264313	1209	200.924701929826	0.677992623904905	25.6523635489333	2.0826771116978e-06
371589	17590	172.893072227143	0.512196815692387	32.6469415255418	1.27474077525809e-06
183217	39488	218.222284913505	0.49534407810518	33.2330724275221	3.26317576281475e-06
307458	3340	173.043758487576	0.187097733516908	25.5690068782438	1.54197480308549e-06
248789	13724	189.274351525469	1.88791340861854	40.611423974683	2.08433599231906e-06
272909	5954	170.546299571329	0.550088651291978	27.6647496530014	1.71210966223855e-06
205169	2219	175.809510267197	3.83769671322686	52.8816431780077	2.34767382569007e-06
393088	5394	205.660955878809	0.312608268620836	26.8471849242149	1.43340593872256e-06
202143	16271	194.71413183522	0.658273661823242	31.4092842645476	2.63903956551062e-06
341518	4785	197.810068364751	0.222604573044466	27.1046835722869	1.58687212029861e-06
225018	4865	313.338617361635	0.406026703774056	35.432979481601	3.81508130627035e-06
192516	1260	222.827356316598	0.647938869033937	36.3710905032576	3.17109179349616e-06
149950	849	191.872578086938	0.97646977526785	32.7473780689407	3.50569053770322e-06
245649	2349	214.05891171511	0.509562026231911	27.8695306335573	2.38740142163094e-06
156407	17533	144.367056940322	1.04474920262301	32.0189381170314	2.52882660877162e-06
183846	4255	278.701787839809	1.94114141313062	46.991081405717	4.15329428993219e-06
161041	2183	125.806949632908	1.35955377419734	32.3455914200321	2.14030324163868e-06
191894	26076	197.024809364676	0.283470416511779	26.1619191139077	2.81298007368332e-06
203715	1444	176.380484796749	1.25904303712279	37.0310467565855	2.3721090981155e-06
210201	49852	208.238435535585	1.17348409732541	34.9185287317273	2.71414627780709e-06
287540	10910	204.499295108925	0.361519033494407	28.8037731887574	1.94850122207107e-06
282356	18502	267.095940283494	0.454694782826534	34.9203449910161	2.59165627578955e-06
180471	22463	203.065444280013	0.369107928220549	30.9873774498669	3.08273175722936e-06
264465	1172	119.758006222661	3.99085292692977	52.1234296921773	1.24063345485197e-06
183682	15866	247.759334180781	0.403176251075269	36.0920457009485	3.6954774903676e-06
216214	28540	198.945567164346	0.332187584601528	28.4468529120204	2.52091145067141e-06
258510	31032	249.71401807969	0.414139690513575	31.7485879987273	2.64650495044245e-06
217946	18876	190.330128966091	1.02759735194945	35.9090566167121	2.39257617999998e-06
263654	2169	214.888323524781	3.75486756371857	53.8233097809533	2.23298388397144e-06
164094	1161	242.564950182475	0.11037765728179	27.507981780937	4.04988303868055e-06
203044	15680	195.023573537253	0.965068986924667	32.6814220800308	2.63150430633772e-06
236376	12991	213.568978661965	0.822605985702474	37.369135682812	2.47538028177495e-06
175155	6421	110.338975715947	0.197287536148795	22.3232979459205	1.72589171651014e-06
193127	5442	223.51431822426	0.164328389580214	29.4197839164953	3.17080467844972e-06
193646	9070	175.836314465	0.855945261151411	34.4468229942047	2.48775253452883e-06
262710	1087	234.41328189922	1.31788310214311	42.0444893855691	2.44462780094745e-06
281345	7171	244.168760332813	0.576022818942147	37.1984472242563	2.37770533601497e-06
243262	32276	133.525629765148	0.11855757167595	22.6718643605027	1.50382568256524e-06
206970	23611	184.44465997672	0.837895042074551	26.9084691893673	2.44155112118982e-06
203901	3494	182.752052269177	2.04654918240534	41.1471365245622	2.45555712900932e-06
236259	7996	226.99633568434	0.37174968351083	34.8178252274504	2.63231355841763e-06
229891	46417	185.591228846796	0.699005740302472	32.834087689601	2.21178349795428e-06
216030	13199	206.176348471348	0.474386528014368	31.1402541416482	2.61476048762061e-06
254748	20287	166.99664210272	3.30736905102726	48.512004051227	1.79599073145527e-06
140197	12529	139.133430005794	1.175863857735	33.3280744623252	2.71894177099317e-06
293605	4894	166.681750505054	0.14270836022541	22.9928204325057	1.55536292008254e-06
185914	3598	198.37802207038	0.641733710424258	30.026966065925	2.92340238136885e-06
261497	13424	195.411005979941	3.14966886374398	44.3751541193561	2.0473375186833e-06
212907	10063	238.889254114763	0.116845643946582	27.5459682443663	3.0740704023998e-06
183295	13534	204.486084786846	0.348899267256869	30.2227889445903	3.05647098246589e-06
253598	5461	124.472959085912	2.36458875770853	38.6340179170939	1.34473381381094e-06
206069	935	203.399884544291	1.29714604454993	35.6055259174925	2.70423963650812e-06
244867	1302	200.924701929826	0.677992623904905	25.6523635489333	2.24807195507839e-06
308582	4691	212.501646438799	1.49558174321797	39.8344721243287	1.8866826049904e-06
322768	21154	49.8152244930627	2.03555924656244	29.5690757042494	4.2229043254706e-07
240843	2758	169.984264025675	0.616215004225131	29.2269158776304	1.93366762745485e-06
171873	2614	160.025128648935	0.715036714760215	30.9421466146407	2.55086610460679e-06
263523	10156	161.209341315686	0.41188689123489	29.5727562573252	1.6760185193025e-06
411890	36925	156.78887297287	0.313670644635272	24.479543254737	1.04289629777381e-06
217832	13069	138.968032323371	1.60246091786569	34.1112939065143	1.74783473104284e-06
230769	2357	218.827805372223	0.309772695707657	25.7194062025882	2.59795827817645e-06
214770	12659	249.973727076866	0.582648721974002	34.6231173106033	3.1888044244447e-06
189813	1756	208.161097880204	0.170501008187181	26.047687117563	3.00455910687879e-06
311364	25929	224.447724775734	0.138015215598625	28.0769270934167	1.9749401772786e-06
188630	3557	135.492117827906	1.74047203497468	39.0502352874004	1.96793342374114e-06
280845	11628	186.231925074504	1.65332582431581	39.2764032913823	1.81674750221266e-06
346021	19237	293.852743260674	2.09618903807969	45.5783837375338	2.32666806041643e-06
219464	17232	220.320463445228	0.421386533808342	33.5373174659045	2.75041787295009e-06
227236	13736	182.756708023348	0.666055294035232	27.5513695160217	2.20345064009668e-06
272710	6930	228.917714637773	2.63541409084666	49.620664045547	2.29977566251845e-06
201238	21174	159.249278451669	1.42754534281344	31.2720899700738	2.16807657111615e-06
276726	3041	183.578040451145	0.434690983151236	23.643118628231	1.8175145648858e-06
231931	20890	156.610153214663	0.504950985529186	23.9619209917783	1.84998518057907e-06
199829	18105	263.623603958914	0.252838103227799	31.6882055402496	3.61437253452954e-06
203699	6473	168.882590220541	3.63549973455052	52.3494370701845	2.27144967820894e-06
201829	2687	246.05076174961	0.409159789661357	33.6449020718687	3.3400139525357e-06
195040	3180	190.645575108929	3.98697947344688	52.3307703286516	2.67799756016228e-06
194213	12796	188.712264365338	0.446871937504745	23.4376483223494	2.66212819106233e-06
185697	1851	258.137846722113	0.730448316439348	36.4633381455067	3.80849974593482e-06
229791	7610	183.578040451145	0.434690983151236	23.643118628231	2.18874340371289e-06
284794	699	125.353277410762	0.286693531436287	22.9071785186071	1.20590193874103e-06
241912	5480	151.902996786042	1.73412083598812	30.6995147618697	1.7203470432817e-06
269207	1501	163.030426661358	0.33432178797966	24.0227942222115	1.6591645209144e-06
191673	2539	253.882104176066	2.52700023800098	46.3541879051274	3.62892743736233e-06
284799	16350	214.639235923935	0.646121786233744	36.1847365665782	2.06479903778267e-06
273872	7455	183.284965737543	1.12525802283376	33.7049617309844	1.83352292699422e-06
158165	3263	190.645575108929	3.98697947344688	52.3307703286516	3.30235288549333e-06
334647	2876	117.529523185308	2.22084400943807	40.08180256038	9.62204034873697e-07
234550	639	302.636872756365	0.294706736049669	32.7856594075304	3.53503354142284e-06
298539	4944	182.752052269177	2.04654918240534	41.1471365245622	1.67713616700709e-06
175904	5920	241.144622384335	1.65737938297025	44.2239860415502	3.75585659401291e-06
277691	4916	207.641476597844	0.237476288013901	24.1246705639076	2.0486107140754e-06
233240	2131	163.967888927142	2.6245121206277	46.6122749791903	1.92602938154293e-06
177637	4007	198.041638172379	1.43095438104778	43.4981447318882	3.05443027415042e-06
194467	2192	204.499295108925	0.361519033494407	28.8037731887574	2.88106486650339e-06
360842	8524	206.711348703547	0.651787556503416	29.6498845798153	1.56947490093032e-06
210210	2959	520.10515215811	3.33434258680093	61.1615827209456	6.77867666786064e-06
167707	11044	263.623603958914	0.252838103227799	31.6882055402496	4.30665654506076e-06
263496	2734	113.964589945724	1.44493510298352	30.5710103366138	1.18495822811715e-06
180198	20848	63.2122925612607	1.27188980867519	29.6021937673414	9.61078165027005e-07
186296	14943	180.758039965281	0.256308030166053	23.137258752312	2.65828309117853e-06
240216	27588	139.905948856474	1.39926431771649	36.3460547163318	1.59566377539295e-06
386642	49970	113.964589945724	1.44493510298352	30.5710103366138	8.0754742960143e-07
219376	12625	179.681402351277	1.56714293798824	38.9093300641696	2.24399120533255e-06
265105	2937	245.047098445481	0.894383461075658	38.1415849646575	2.5324377644679e-06
254575	50095	185.509798228873	0.639582707359542	32.4220541599471	1.99644907215892e-06
251278	27986	129.140537815452	0.428727176367228	27.3326417728022	1.40804086567497e-06
252965	14333	291.008640848375	0.351572195784386	37.7713104540076	3.15175596438161e-06
229027	1531	188.741752802825	0.986048935903681	34.3006206640214	2.25781542180826e-06
182267	21615	171.358031435449	0.929078274095528	29.2255835835899	2.57574908638019e-06
203541	1894	291.472591739324	2.30780640293073	48.0022201488725	3.92331297311678e-06
318823	3269	127.212562757771	1.599950041528	34.6055486391876	1.09316946769641e-06
278258	2205	155.742418904296	0.261013823045788	24.3492686226984	1.53343860245494e-06
364074	22659	189.497586570183	0.233510056549932	29.2159354760393	1.42600534521909e-06
240843	3524	160.653371040736	0.443297283103846	27.62241578335	1.82752341579126e-06
220524	5353	301.333456220137	0.295677252365068	35.2312138925777	3.7436792046756e-06
212172	2146	234.717958618317	1.5605122582595	42.8516276574237	3.03085657072637e-06
183203	6292	166.361772967558	0.900593476708723	32.1595331577607	2.4878723566927e-06
216180	36435	176.472468868749	0.357334525078546	23.648677503254	2.23649836284006e-06
298551	1016	283.064730876663	0.603212569536644	33.2166560023514	2.59761250379665e-06
184386	4716	328.445454784676	0.800784392623051	46.1850168525107	4.88025425495378e-06
244147	4107	206.857368760233	0.384623294059044	30.5197772438693	2.32127577709873e-06
304229	6021	196.16830461578	0.298600518121153	22.3629952141578	1.76658835911845e-06
194856	9760	182.956411898993	0.946586609190187	35.6084170556644	2.57241472450879e-06
207662	897	144.556902011474	0.946022666956554	33.6069599820837	1.90716793096836e-06
208081	10416	236.329160668276	0.404205931702506	31.4787474878153	3.1116591736671e-06
154499	17292	164.398278417335	3.37965703780337	47.1892392310601	2.91526962788933e-06
183029	2402	208.619254542974	0.355919969523842	29.7885229162068	3.12278164382475e-06
195209	949	185.509798228873	0.639582707359542	32.4220541599471	2.60359933478916e-06
184241	7571	172.051878637672	0.414653280854762	29.51051960726	2.55846966726312e-06
307096	752	177.046368639951	0.369054142981128	24.2028077299627	1.5795013423133e-06
231070	1866	179.287520358371	1.20858392616083	34.5718226591635	2.12575706891135e-06
284034	8246	189.422831859108	0.225939884278117	23.9745912160534	1.82712866286322e-06
295524	23461	241.646437879855	0.135389791808236	26.03825443316	2.24024118273735e-06
221528	2765	201.674382925193	0.802425209360459	34.8430718311812	2.49418834621101e-06
198181	15874	124.472959085912	2.36458875770853	38.6340179170939	1.72075933472345e-06
260941	10531	205.70888763612	0.391367951111319	31.3765052784975	2.15982154404105e-06
325374	48202	169.984264025675	0.616215004225131	29.2269158776304	1.43130770251805e-06
187510	9489	188.75599199708	0.777813689972224	29.4168401519622	2.75793133220409e-06
225016	1985	159.389963387837	0.699095419863804	32.837262889808	1.9406834678403e-06
294201	43037	224.321364979837	0.853117465622715	36.5536713663156	2.0889768632212e-06
188220	11323	171.29414021686	0.481660742828605	31.875954724417	2.4933535984102e-06
276151	43693	161.274121218058	0.427757399863877	25.0859426726352	1.60001921936453e-06
296199	600	207.824379919988	0.459075070379376	30.9818038648285	1.92229502055877e-06
200616	17450	185.986997544713	0.236056793015328	22.0131633253874	2.53994406194282e-06
224303	11751	251.830016483604	0.102676268049156	28.3373595383972	3.07595195177956e-06
193409	20835	215.210886231442	0.651815702390296	31.3955671999408	3.04855961401751e-06
265767	2405	240.517694041312	1.27839860016747	35.9514744832899	2.47943720030912e-06
269515	759	263.623603958914	0.252838103227799	31.6882055402496	2.67983766841365e-06
230964	24431	238.889254114763	0.116845643946582	27.5459682443663	2.83373645747274e-06
234555	10135	163.51232966911	0.944402096668577	33.0923723349563	1.90991019332277e-06
167141	2804	212.27061328206	0.65042848901703	33.0992141751345	3.47947735181935e-06
141113	44968	180.758039965281	0.256308030166053	23.137258752312	3.50943929159039e-06
275894	1431	171.65877735573	1.70841224204084	36.1420301648172	1.70463301178237e-06
195072	9812	227.197160653919	0.349384428111102	30.6296160417107	3.19091399275293e-06
323995	11339	229.586232119584	0.375866976861744	28.0604619742129	1.94139840327812e-06
186322	8587	185.509798228873	0.639582707359542	32.4220541599471	2.72778320619603e-06
211543	7837	231.411921166719	0.270087894572687	27.7533572734991	2.99705149057385e-06
196362	6546	185.509798228873	0.639582707359542	32.4220541599471	2.58831149888908e-06
303141	47607	154.256975116776	0.296954986032922	22.8458181959301	1.39414282342211e-06
234439	26527	210.284008762583	0.918085766272397	31.462079878242	2.45744339445349e-06
315748	6224	189.122850641692	3.36960672201898	45.5436868299445	1.64100737385069e-06
193155	1002	194.244999590082	1.07161635092306	33.7822122913578	2.75518666909331e-06
318823	3269	127.212562757771	1.599950041528	34.6055486391876	1.09316946769641e-06
272094	16835	177.992072638162	0.375571576412011	23.834204679584	1.79220972927428e-06
319022	24051	161.078563972575	1.16268979948956	32.6817730279817	1.38332508156628e-06
233830	30436	128.288130253971	0.398801542952105	22.323235593174	1.50311905855936e-06
246144	2022	216.212534586079	1.10960407386452	38.4284766197076	2.40657139095412e-06
243886	7696	163.289201448195	1.62102538863676	38.8576762375402	1.83433110223848e-06
325925	1655	211.306883971412	3.09614573421973	52.0684690344834	1.77624597617455e-06
242065	1005	259.655551111822	0.650088332091063	35.9964644712211	2.93881838158857e-06
166708	12101	195.411005979941	3.14966886374398	44.3751541193561	3.21143927779786e-06
269958	869	154.874761757903	0.720421530782755	29.0039004539122	1.57177937225449e-06
183970	2053	166.819783158641	1.78689247484845	33.8464891109073	2.4843208229847e-06
182043	16155	138.070696039053	1.05609509112931	29.7564392084069	2.0779479549285e-06
226726	2922	241.391894118866	0.240460811021818	28.0825006197406	2.91694668948502e-06
163561	39312	49.8152244930627	2.03555924656244	29.5690757042494	8.33339477823867e-07
193400	11296	225.290187212347	1.49799966130578	35.7165805087546	3.19148598564048e-06
165955	7429	188.937909893686	0.728515741931248	29.2214454389259	3.11914741524974e-06
156888	7219	171.29414021686	0.481660742828605	31.875954724417	2.99129961687807e-06
203672	8600	161.083141983991	0.97752197274105	29.0874702720904	2.16683528746449e-06
213933	32752	239.381765617501	0.204115385064376	28.0215554282755	3.06563481906288e-06
300584	571	134.76900629123	1.18155322344417	31.9515040813671	1.22837594224093e-06
246643	2047	190.645575108929	3.98697947344688	52.3307703286516	2.11770309367812e-06
240348	5305	132.889114119773	1.63080823808886	34.8447634448992	1.51480255592602e-06
194498	7704	236.145843616247	0.319187197638099	28.6411900557048	3.32638337678082e-06
161228	3352	214.06841245836	0.135424426996186	27.5107791813998	3.63763615039435e-06
264859	7525	191.608848430259	0.483804214244665	32.5580837125193	1.98201967508749e-06
187340	3305	115.145036913538	1.76873248320936	27.6350622462986	1.68392150399081e-06
205818	33712	219.842456228314	1.11534065218461	33.4424390563255	2.92641119462659e-06
243826	2905	132.203269321957	0.388483570753738	23.8388622448674	1.48548857738049e-06
277591	29489	123.369078602282	0.52261475282084	23.3681370445035	1.21760963295889e-06
366613	4529	283.274352751886	0.45843418648284	32.6559984797608	2.11693016103754e-06
283668	17135	130.834292049112	3.21676461222721	41.8067300415899	1.26362548896261e-06
252497	1702	294.521956436448	2.6699951851933	54.4248661085772	3.1957190370139e-06
157557	17491	188.75599199708	0.777813689972224	29.4168401519622	3.28223883484446e-06
259097	25339	219.203378564601	0.310550177722845	28.6913476957129	2.31788558550216e-06
235685	30462	229.586232119584	0.375866976861744	28.0604619742129	2.66883075151195e-06
288366	15857	100.702081535836	1.30016315063691	28.7039402268027	9.56756738994233e-07
191673	2539	253.882104176066	2.52700023800098	46.3541879051274	3.62892743736233e-06
284799	16350	214.639235923935	0.646121786233744	36.1847365665782	2.06479903778267e-06
253528	1984	165.56863490376	0.742971005824864	27.4051426087645	1.7892015807582e-06
220988	7057	237.107851687289	0.709212087086598	31.3722718613013	2.9395738798845e-06
294320	3104	172.620798397195	0.251490731308085	26.5324706212771	1.60686903451648e-06
203041	865	216.242935446505	2.06446552687928	42.3919548885243	2.91786584228592e-06
239731	15061	227.124056253742	0.766447165549258	37.2704362777304	2.5956496588527e-06
261333	4048	263.623603958914	0.252838103227799	31.6882055402496	2.76373993794318e-06
228432	3825	226.099578746844	0.352512279275489	32.1052680436126	2.71175185909279e-06
264227	8021	147.392988929794	1.6075552549386	34.6257656748269	1.5282935053073e-06
291325	1060	202.604907975762	0.937137617682826	34.2759091736079	1.90537008378828e-06
223705	515	266.386552933797	0.271698613865134	30.6042257389626	3.2624490843806e-06
206085	7064	270.235948064116	0.259941578188867	31.8337370208304	3.59255870368844e-06
253620	1107	209.085784803437	0.1594278546968	27.7573638095581	2.25864587408232e-06
226584	6945	202.851184860799	0.503052122361507	28.4151990887914	2.45276220232454e-06
175155	6421	110.338975715947	0.197287536148795	22.3232979459205	1.72589171651014e-06
246224	10162	243.922490920592	1.15672571900194	38.4574058041331	2.71411721457989e-06
315748	6224	189.122850641692	3.36960672201898	45.5436868299445	1.64100737385069e-06
229978	2970	214.232459258844	0.437779581664482	29.5926340064837	2.55214952971492e-06
180048	2202	263.623603958914	0.252838103227799	31.6882055402496	4.01146610460824e-06
217134	1004	250.815073950374	0.781273150361727	42.0786299212686	3.16470283864069e-06
174356	3266	194.316037725247	0.323995553391832	30.1170177342517	3.05336613650558e-06
204380	1277	184.448116538781	1.07353344480017	33.0586955229446	2.47253794689158e-06
278937	2570	164.398278417335	3.37965703780337	47.1892392310601	1.6147239062558e-06
298256	2682	204.701632094201	0.660774450332138	33.7722696769303	1.88035241302499e-06
274948	3644	208.619254542974	0.355919969523842	29.7885229162068	2.0787916314634e-06
240097	30226	198.37802207038	0.641733710424258	30.026966065925	2.26367439130771e-06
177465	1320	162.709791177919	0.233967860607279	24.9712043566369	2.51193333785545e-06
197142	17619	260.539266390204	0.412686148611206	33.3590382534469	3.62077187655715e-06
233068	6057	164.241595723772	0.493393548942265	25.9921446073069	1.93066819377039e-06
292012	3261	113.964589945724	1.44493510298352	30.5710103366138	1.0692428847991e-06
399514	681	170.368144716994	2.99467077969073	43.5639555356768	1.16832461520881e-06
330277	25402	124.472959085912	2.36458875770853	38.6340179170939	1.03253270955842e-06
214057	24445	183.578040451145	0.434690983151236	23.643118628231	2.34962433128834e-06
301639	3828	125.353277410762	0.286693531436287	22.9071785186071	1.13855846472709e-06
157788	3010	164.398278417335	3.37965703780337	47.1892392310601	2.85450251121298e-06
177281	7223	250.510052353654	0.144812035036594	32.8822271259932	3.87141831644652e-06
265563	1280	293.265913975834	0.465472979682506	31.6616585096896	3.02552786897285e-06
295313	5516	379.772093197555	0.107734403925938	29.4927582856564	3.52328373018621e-06
279282	25882	132.334376700291	0.936245824491605	28.1979445247856	1.29818583426494e-06
305738	6706	125.185872210125	0.864783830844661	29.2185540001824	1.12179379846963e-06
248037	35303	133.800754922734	0.67052934281196	31.7088925116239	1.47791422548739e-06
221355	803	167.728412161234	1.727728913241	43.59458633	2.07598606912944e-06
261483	1025	205.563427893276	1.05724281852775	35.3844962324033	2.15382060661767e-06
253711	29731	128.288130253971	0.398801542952105	22.323235593174	1.38533342843997e-06
228298	6076	240.973244077649	1.03967971812258	40.3375281881472	2.89183728594157e-06
217035	21305	185.519113956056	0.849880410599763	34.1064312533393	2.34188746093987e-06
250375	27723	107.609416054617	3.90000047389319	44.1489987829256	1.17751499933242e-06
184133	828	174.622266176617	0.652030599419552	33.1055012749696	2.59821524445466e-06
268319	19592	63.2122925612607	1.27188980867519	29.6021937673414	6.45442041680001e-07
186292	6355	182.971400556889	0.344058869057705	28.2253671940997	2.69089122654241e-06
288366	15857	100.702081535836	1.30016315063691	28.7039402268027	9.56756738994233e-07
176740	1188	305.170836582057	0.118273653035963	34.3185591044817	4.73059004066118e-06
163229	831	267.543939001327	0.563288824325758	35.3355213134512	4.49060579403366e-06
174379	4901	159.249278451669	1.42754534281344	31.2720899700738	2.502017978187e-06
203731	6311	316.1852685854	1.02000328492075	41.0193608470212	4.25198428232824e-06
201305	8380	100.702081535836	1.30016315063691	28.7039402268027	1.37053780977527e-06
169985	6433	117.181611327001	0.812376097267469	31.5716352862668	1.88866965017463e-06
234365	1043	123.714638205301	2.53661754798826	38.0811517094332	1.44622368639131e-06
229380	4015	149.992429603016	0.855736271388886	31.1610324968542	1.79151697312727e-06
190694	14785	211.569037578505	0.360794273775062	30.6415896536274	3.0396404650656e-06
187924	42786	251.278509301792	1.42400897302514	42.3865356320737	3.66336536078257e-06
230456	3688	123.714638205301	2.53661754798826	38.0811517094332	1.47075456599567e-06
246005	617	182.56413909121	0.409319152923851	28.8839286598094	2.03319332345912e-06
294201	43037	224.321364979837	0.853117465622715	36.5536713663156	2.0889768632212e-06
178913	1425	183.284965737543	1.12525802283376	33.7049617309844	2.80667470257478e-06
176710	1869	188.06194956118	0.242018559066417	26.5370302607832	2.91572756480016e-06
381995	36685	349.769136822564	1.81305404689936	50.6198420093632	2.50859725319193e-06
202139	21495	172.646919238151	0.166249402176176	24.7456580880248	2.33999999102951e-06
324204	19289	140.619087337201	0.300493556331096	23.924977190671	1.1883190013898e-06
223023	1074	192.770584132035	0.786968321908	33.282153204614	2.36809022685153e-06
223348	638	226.170148731147	1.0829830455017	37.0635637756463	2.77434426589463e-06
244669	809	274.752115138424	0.320722054999031	32.2640894928739	3.07658722979695e-06
289438	7414	160.699198420742	3.99762219652133	52.5824628249686	1.52112637765319e-06
236027	8185	140.311421620445	3.76457340960234	51.123396291696	1.62869016576342e-06
277408	1290	195.537876733643	1.18706749243892	33.3626486433493	1.93116352170507e-06
234555	10135	163.51232966911	0.944402096668577	33.0923723349563	1.90991019332277e-06
317888	2518	229.586232119584	0.375866976861744	28.0604619742129	1.97869493554363e-06
276102	665	150.24403195502	1.30197175922522	31.1063373665179	1.49085296306537e-06
278465	8255	128.288130253971	0.398801542952105	22.323235593174	1.26218494052371e-06
279395	42404	242.092555778348	2.06705374676768	40.8529617467956	2.37394110884255e-06
190617	37341	155.971771237392	0.729467238667775	29.5877166146313	2.24177235607702e-06
263207	3755	156.158458047721	2.87516278844942	45.5593018382569	1.62545597917823e-06
235690	2996	125.353277410762	0.286693531436287	22.9071785186071	1.45714131588873e-06
236642	7990	375.673340217884	0.124123943748576	29.0314139996149	4.3493632913608e-06
220339	656	160.583705776853	0.21339835573186	25.4800956711411	1.99672031865783e-06
249337	23653	368.604852520592	0.802592492526947	40.2077141745062	4.05024648678533e-06
265723	21680	159.732100731409	1.66833292888788	38.6688442174382	1.64691123382124e-06
291372	2878	155.313376707684	0.735583254426252	30.1593033268305	1.46038775369286e-06
259372	7375	138.070696039053	1.05609509112931	29.7564392084069	1.45842989821202e-06
228023	2405	148.81308457826	1.22021751686993	35.913501016381	1.78800858262688e-06
226354	35620	154.874761757903	0.720421530782755	29.0039004539122	1.87456115542503e-06
206087	4134	229.349968112284	0.759975111421056	33.9133839371222	3.04898454060642e-06
194846	4795	138.109986685329	0.741271420414646	24.606760338149	1.94196198621108e-06
335207	8905	156.610153214663	0.504950985529186	23.9619209917783	1.28001179246521e-06
172440	1364	149.430228470803	1.83353065679773	34.9993230482448	2.37414686975979e-06
214808	3323	158.894558578336	0.280484995066045	22.7461470277133	2.02658912958952e-06
247267	1084	228.917714637773	2.63541409084666	49.620664045547	2.5364153765986e-06
142527	4404	141.347279458054	2.12068409601094	35.5422360346327	2.71704884290713e-06
212872	39186	240.517694041312	1.27839860016747	35.9514744832899	3.09553434183243e-06
211497	5254	238.406889062207	0.141566738395839	28.2662391454598	3.08831595282458e-06
334316	19693	136.923731863223	0.150803749034205	23.9523614038581	1.12209260685709e-06
296461	592	197.753776779212	0.854090203045354	39.3814588112039	1.82752931838628e-06
363945	38985	164.836305586673	0.565568137349836	28.2159186382827	1.24086418737946e-06
199061	3146	171.65877735573	1.70841224204084	36.1420301648172	2.36258242524997e-06
259799	12768	217.983321092135	0.274928869135486	27.9215818503769	2.29875626285943e-06
223657	1927	196.46789642897	1.69820978244213	42.5413468553451	2.40666828847046e-06
193109	33601	254.540229263915	0.130538532968248	30.327285746649	3.61127907624199e-06
264475	6220	218.244070842946	0.313602360941634	28.3232507585958	2.26081467516231e-06
204779	3520	124.949333936633	0.881133115128218	30.7597596760402	1.6716896864041e-06
215607	2194	192.231438746351	0.676703967035919	31.457334295753	2.4426919163914e-06
165058	3187	231.011003640269	2.93995737627867	49.431478172776	3.83445127947999e-06
175155	4280	238.078427571695	1.58728249984231	41.5294948599681	3.72395686437719e-06
205431	32828	213.069140401381	0.677920714417809	29.9378302618055	2.84159191939301e-06
195128	1655	235.952945544606	1.35365662666996	36.6638137160309	3.3129352330245e-06
200665	18306	150.24403195502	1.30197175922522	31.1063373665179	2.05131679569568e-06
212907	2683	249.484406249573	0.55297358388898	34.2470701459475	3.21041074850384e-06
283383	30372	184.779194196105	0.536369278016141	29.60087900066	1.78643167607288e-06
208303	44750	165.477904593524	3.03078766148589	44.4812383292756	2.17646467969275e-06
202465	19866	116.751407304312	3.99464901478514	47.7275298940865	1.57986254081882e-06
269840	7961	235.732351552635	0.100440844379364	27.3368273217266	2.3934259525953e-06
256377	9549	166.122507102868	0.913082802558144	32.2763146069353	1.77523785849048e-06
183103	18992	302.636872756365	0.294706736049669	32.7856594075304	4.52828253573522e-06
275800	911	284.510242075377	0.584667192139989	33.9951663080315	2.82625132441989e-06
180264	2945	149.22005865372	0.85185974162917	33.7751375384279	2.26790750512217e-06
178730	1199	164.398278417335	3.37965703780337	47.1892392310601	2.52003716353871e-06
205178	2054	157.459874634534	0.50301676001744	32.469308679163	2.10254957552439e-06
186420	15213	179.445328470798	3.3318799418934	50.5770535090381	2.63722259900384e-06
222117	1753	269.266068468778	0.333298893469198	32.7587173163087	3.32129128377767e-06
193736	4572	234.508207974911	0.615552996319339	35.2836332506344	3.31630797078062e-06
294499	4490	196.505580060919	0.361377179081008	31.5947865769957	1.82809263264628e-06
236966	18362	293.121909483527	0.103015259906819	30.4497108723252	3.38898291152487e-06
189284	1939	133.525629765148	0.11855757167595	22.6718643605027	1.93267071275008e-06
180188	4726	251.534170719541	1.09688581558069	29.8616667749807	3.82453167969072e-06
297835	35023	262.623808461418	0.453624625160191	36.8044934020923	2.41582514968335e-06
235621	10257	227.205100403702	1.7967676649493	42.9729257611249	2.64186862433073e-06
222120	6558	246.067175592271	0.393827316843227	30.5960900441405	3.03510105104573e-06
169315	1435	152.512574766579	1.64545559961214	34.6116929832108	2.4678420139584e-06
208436	17575	325.429672710378	1.29876896416688	48.5562635709867	4.27751513371968e-06
233039	5123	222.349243307818	0.109508966015512	25.5183266835982	2.61405176413611e-06
232727	6822	232.84732237738	2.17955971561069	45.3380376789936	2.74114249540048e-06
215322	24519	155.585433132164	0.520976061595011	33.1748999005821	1.97964657877999e-06
180048	2202	263.623603958914	0.252838103227799	31.6882055402496	4.01146610460824e-06
217134	1004	250.815073950374	0.781273150361727	42.0786299212686	3.16470283864069e-06
279205	28769	115.145036913538	1.76873248320936	27.6350622462986	1.12987179512415e-06
355752	44953	241.391894118866	0.240460811021818	28.0825006197406	1.85901317524618e-06
263207	2135	227.24946460899	0.141243325671084	29.5024949118221	2.36544344527821e-06
161228	4895	133.999730544507	0.560679426734842	27.5387948082727	2.27703965463198e-06
215154	907	232.187409449236	0.224451609450171	29.1476596905192	2.95662590006236e-06
247598	28172	251.534170719541	1.09688581558069	29.8616667749807	2.78328061737216e-06
189410	5669	187.942049921626	1.39214587895417	37.2443030484094	2.71849282409944e-06
251487	26958	161.274121218058	0.427757399863877	25.0859426726352	1.75693736633199e-06
201094	5270	204.753258716656	0.295222649164768	29.6575327632615	2.78958015704311e-06
233830	5038	121.951311416673	2.50808898606324	43.0104358999573	1.42887218048791e-06
206341	4122	144.604801663529	1.53029684958023	35.8161294348179	1.92001366090205e-06
310571	48035	164.241595723772	0.493393548942265	25.9921446073069	1.44886990281023e-06
170192	15950	197.810068364751	0.222604573044466	27.1046835722869	3.18431766933898e-06
256199	2804	223.203702395433	0.606186345347423	39.4669960384671	2.38688282492984e-06
263146	12999	151.466768366907	0.200316757920714	26.6887992770495	1.5769855805544e-06
190986	18512	237.921124785348	1.24020670091369	38.3617561776006	3.41301822145105e-06
305796	3246	155.290021896814	1.11571283125511	28.7755482423502	1.39129391746717e-06
327247	1960	184.44465997672	0.837895042074551	26.9084691893673	1.54417866490039e-06
255776	19246	318.804390545215	0.392126619169952	39.7136167198415	3.41485005014249e-06
225148	23957	136.718029168133	0.738300517510533	30.2649844438468	1.66366098267092e-06
232766	48035	153.203663883246	1.72525452282643	36.3427861832858	1.80325333353475e-06
224843	29949	211.231323600466	1.95609646226338	43.5449614650954	2.57386689854596e-06
260869	4237	180.831196195514	0.130694520107771	26.2013096138596	1.89914453147837e-06
243125	13501	198.37802207038	0.641733710424258	30.026966065925	2.23548146151078e-06
155517	16034	241.144622384335	1.65737938297025	44.2239860415502	4.24821851188775e-06
262847	8641	179.342803984877	0.528868161416183	28.5482176370065	1.86933899912791e-06
243890	2617	233.463490544776	3.88168802676928	71.2812100731021	2.6226003587377e-06
214742	3838	246.846763278415	3.82433734463868	61.1322669185937	3.14932571240206e-06
268362	44387	116.751407304312	3.99464901478514	47.7275298940865	1.19192310881154e-06
215579	32943	136.718029168133	0.738300517510533	30.2649844438468	1.73750663527705e-06
249549	2162	186.837392789853	0.580901972953663	28.3523696599305	2.05123349689803e-06
185196	30711	229.92697350329	0.876292195011673	36.4467788960247	3.40146068871706e-06
331691	21936	190.645575108929	3.98697947344688	52.3307703286516	1.57470852128653e-06
228879	13745	219.203378564601	0.310550177722845	28.6913476957129	2.62390696196179e-06
241658	26003	239.381765617501	0.204115385064376	28.0215554282755	2.71391989400963e-06
191673	3972	265.390068495917	0.252166871516816	29.7218406676519	3.79341940738135e-06
253917	968	302.636872756365	0.294706736049669	32.7856594075304	3.26540608600734e-06
142873	6405	212.56812996456	0.823017594389261	33.7626154596767	4.07619660998977e-06
212172	15995	191.367663736276	0.441612114035893	29.7819924286723	2.47108463482685e-06
294741	4786	152.132869295826	3.99702953518879	47.1298419763021	1.41413098833349e-06
340047	2787	226.246644173465	0.619672157798806	34.8603933983496	1.82284748771002e-06
236944	3877	249.71401807969	0.414139690513575	31.7485879987273	2.88738265049496e-06
189727	848	212.582666836033	0.21504737791117	31.1825850116011	3.06977006595898e-06
196286	1077	330.733671135398	0.254236523648104	31.6566591267132	4.61632335951772e-06
174356	4075	166.681750505054	0.14270836022541	22.9928204325057	2.61913745526872e-06
180014	1007	177.066579270561	0.483012280824462	28.8930464867531	2.69486770923237e-06
211543	11619	177.992072638162	0.375571576412011	23.834204679584	2.30520279128667e-06
204945	724	231.011003640269	2.93995737627867	49.431478172776	3.08817906896196e-06
191233	25693	291.438108062306	3.1024378240407	51.169063461791	4.17532836923395e-06
151190	15609	173.057309785851	0.580162303316317	28.8342258723387	3.13598528905117e-06
235086	34081	240.353680366466	0.806142935500839	37.5857442913909	2.80111633138821e-06
185193	5635	283.274352751886	0.45843418648284	32.6559984797608	4.19073138362927e-06
234483	2565	171.90798161903	1.02119226229006	36.6087885336729	2.00859239927409e-06
264557	6930	293.265913975834	0.465472979682506	31.6616585096896	3.03703269037689e-06
286415	10904	213.069140401381	0.677920714417809	29.9378302618055	2.0381302291878e-06
182043	1809	244.111439932857	1.09625367270623	43.855851386583	3.67384884653335e-06
251278	526	298.733298405572	0.101611398804038	32.7366312827478	3.25713907660829e-06
181972	5729	139.747298239811	0.830893134764217	32.6607316537708	2.10400122132008e-06
201951	3686	173.346597218208	0.778607291643354	31.599672418345	2.35167037627679e-06
229858	10474	236.145843616247	0.319187197638099	28.6411900557048	2.81467216288802e-06
173162	12720	283.918867320245	0.760170139519715	39.4881152923296	4.49209359135621e-06
230693	38104	325.429672710378	1.29876896416688	48.5562635709867	3.86482530641153e-06
249181	2745	159.043763271093	1.42527996170746	36.5216937044955	1.7486740069629e-06
236437	22087	513.357443290671	0.114588262392293	30.3394109565289	5.94855605823777e-06
396366	1158	87.7105149677115	1.00447253311175	26.1258039345416	6.06264868160882e-07
226642	1249	135.098260261938	0.67508198402663	28.0775557902738	1.63311398547366e-06
212561	27510	199.568546041746	0.799531432434378	33.2065084545206	2.57226461975809e-06
160389	986	363.463410980418	1.51873751302099	44.3223014236733	6.20859390026522e-06
213555	2112	118.742476377687	0.49192794664865	30.046395214926	1.52336331666106e-06
181972	5729	139.747298239811	0.830893134764217	32.6607316537708	2.10400122132008e-06
271027	1075	125.363423093705	0.716855501246409	29.1858993030734	1.26725910382891e-06
181630	6707	140.311421620445	3.76457340960234	51.123396291696	2.11647224442352e-06
186487	1262	246.067175592271	0.393827316843227	30.5960900441405	3.61503292700444e-06
147796	13217	273.6331613865	0.11309971014247	30.4530822947221	5.07239637209119e-06
224245	25923	184.126600148056	0.885151541839389	32.5098843197451	2.24957719798344e-06
181858	1617	184.951106497639	3.93732582948414	52.5791215443917	2.78632427645473e-06
174575	6853	203.541927562592	0.359866962011108	27.2146452997947	3.19432402468762e-06
199061	2851	237.107851687289	0.709212087086598	31.3722718613013	3.2633743052025e-06
197450	19970	147.357097254281	0.251537086872157	26.431117761327	2.04465978561288e-06
226426	11460	162.709791177919	0.233967860607279	24.9712043566369	1.96876794097196e-06
152484	5751	172.094328940194	2.25046751574752	42.0640584192961	3.09207072325565e-06
260418	1721	235.952945544606	1.35365662666996	36.6638137160309	2.48234156682566e-06
305738	15858	234.201898609494	3.82023417585164	51.9337253212984	2.09868919560632e-06
223497	5244	248.056262523504	0.134052447018901	28.1564245145217	3.0407844342185e-06
202521	925	205.247224266513	0.385336576034541	33.0413237778453	2.77660668461053e-06
270083	44753	156.256640556179	0.337011032756451	25.4327898270553	1.58506971962479e-06
217147	5048	150.253923402967	0.117321783164406	20.0745293101341	1.89574152378648e-06
245446	2437	220.269446141403	1.11527311129617	37.1761957363719	2.45869940693261e-06
210122	1249	201.957422959675	0.245964787372702	26.092071516493	2.63327023400072e-06
199135	5358	225.290187212347	1.49799966130578	35.7165805087546	3.09957259960765e-06
180229	1884	248.380995142093	1.12830271070329	41.2725421207382	3.77572908411867e-06
261636	3957	185.020446959097	3.23940725266379	50.5322397573844	1.93744490106297e-06
188989	25644	205.59356528838	0.644606309983652	35.3044105384397	2.98043823654272e-06
179464	13912	231.926304303906	1.69327494901054	44.1307847359374	3.54062392646697e-06
188237	2659	185.274383670191	0.430349143333549	30.3689356356983	2.69660614624759e-06
426955	45408	250.690643213231	0.114371317314259	30.8541010613544	1.60865590058964e-06
261351	9530	192.020115704452	0.367953712628216	19.3425180289088	2.01293474591381e-06
258674	3723	216.555141195757	0.315042190124193	29.6861754945853	2.29362733286184e-06
207636	1140	205.46564552952	0.257887502164035	32.6845244449251	2.7110885241153e-06
282676	21041	309.90203245092	0.542594319323822	35.1761715874729	3.00360364604387e-06
312162	1644	121.035252135981	1.7041991219096	28.8741044258681	1.0622799396132e-06
263193	5795	171.977480342367	3.15339209751287	52.225763774056	1.79021166604045e-06
288157	20026	126.799468639857	0.257150484363479	27.1316834187889	1.20557822469265e-06
195580	766	279.726491673991	0.486931762167847	36.4306527798521	3.91846788931259e-06
235194	2695	171.90798161903	1.02119226229006	36.6087885336729	2.00252035153527e-06
174964	20318	214.888323524781	3.75486756371857	53.8233097809533	3.36489296623651e-06
230727	8197	351.077783374002	1.07761312468402	42.0016769576273	4.16880963541627e-06
232382	10172	162.454762168966	0.527643975526872	29.7777469682358	1.91530127199589e-06
221029	5101	198.687552458162	0.867101436267021	34.5027591115198	2.4627965506313e-06
207847	3169	168.036837186253	0.717829127351999	26.4460236122436	2.21497012899245e-06
307555	48211	241.408797818636	2.81848024366428	47.3818813121241	2.15049004771959e-06
285493	10097	210.284008762583	0.918085766272397	31.462079878242	2.01798493116217e-06
253917	14269	158.894558578336	0.280484995066045	22.7461470277133	1.71444825572477e-06
323995	11339	229.586232119584	0.375866976861744	28.0604619742129	1.94139840327812e-06
186322	8587	185.509798228873	0.639582707359542	32.4220541599471	2.72778320619603e-06
211543	7837	231.411921166719	0.270087894572687	27.7533572734991	2.99705149057385e-06
196362	6546	185.509798228873	0.639582707359542	32.4220541599471	2.58831149888908e-06
439670	21162	194.962649642044	0.571741029628302	28.2799541457168	1.21487535104656e-06
204356	2505	265.718461515084	0.257734433205531	31.2052195591635	3.56239006915791e-06
174039	3851	140.619087337201	0.300493556331096	23.924977190671	2.21362897699124e-06
211048	3718	128.559002646489	1.67228607700395	33.6262024724602	1.66889260076769e-06
256518	16147	184.525899329643	0.447347758132229	26.4605157285038	1.9708184576611e-06
232097	1903	221.104568687904	0.443840501730064	31.4745425014981	2.60996885617089e-06
189893	2888	110.697379895981	1.16749209733432	31.3809859883389	1.59711254688536e-06
270231	1539	177.066579270561	0.483012280824462	28.8930464867531	1.79518232848843e-06
243582	14221	121.035252135981	1.7041991219096	28.8741044258681	1.3613626233036e-06
264769	2505	100.702081535836	1.30016315063691	28.7039402268027	1.04202574242759e-06
275081	8216	127.556363821348	1.23721840242094	34.3626664382057	1.27042394756999e-06
226940	12307	201.674382925193	0.802425209360459	34.8430718311812	2.43470765823316e-06
171729	2246	173.394526479557	0.147971269874358	25.028669069565	2.76629746405246e-06
227456	17042	238.406889062207	0.141566738395839	28.2662391454598	2.87163037719181e-06
178133	9077	356.876364571271	0.353102316155653	33.7883253613782	5.48883960062888e-06
211873	4492	379.772093197555	0.107734403925938	29.4927582856564	4.91082624125056e-06
219066	3236	250.744470243783	0.362639968768062	34.9743863895074	3.13590950376978e-06
285982	30334	169.709867673285	2.94451722599561	43.3220757219335	1.62583149138982e-06
292859	14940	188.52033141109	1.51775725745419	43.5430954672752	1.76362706510819e-06
160668	22026	148.177629762431	2.21279209084422	39.1183746066306	2.52673904534921e-06
203354	4539	160.699198420742	3.99762219652133	52.5824628249686	2.16505097758187e-06
215845	3819	87.7105149677115	1.00447253311175	26.1258039345416	1.11331177805118e-06
195793	2141	220.269446141403	1.11527311129617	37.1761957363719	3.0822242604893e-06
168237	1067	147.845257802775	0.815465874205179	32.1476214066073	2.40764814416282e-06
265410	15888	94.4780045666481	2.18094495473243	32.8976410293681	9.75260344854387e-07
246608	1744	100.702081535836	1.30016315063691	28.7039402268027	1.11876384300919e-06
259724	5413	168.68632985666	0.365615151773301	27.0710168904118	1.77940555502923e-06
252237	5743	108.949494275039	0.753606561802162	26.2598058217816	1.18337819248204e-06
287540	40245	135.027522844165	0.548977034957874	29.5532361992548	1.28656332597599e-06
237789	40384	227.197160653919	0.349384428111102	30.6296160417107	2.61769036580455e-06
261378	1220	221.580153864272	0.448734987426778	31.4573280834058	2.32257081581708e-06
225296	31804	194.033083114525	3.84306363524948	55.1952880735258	2.35955138122736e-06
201097	6425	192.551278955302	1.45488023284491	36.6264712173788	2.6232999525725e-06
235621	5444	396.78103663828	1.34472260584763	48.0577740057413	4.61364366187887e-06
217620	20305	250.744470243783	0.362639968768062	34.9743863895074	3.15674639901126e-06
224028	2976	194.076107729605	0.347270867273267	27.1144729293928	2.37343262289872e-06
214056	15120	225.290187212347	1.49799966130578	35.7165805087546	2.88351361149825e-06
155149	5306	125.185872210125	0.864783830844661	29.2185540001824	2.21061684159425e-06
177982	15767	218.827805372223	0.309772695707657	25.7194062025882	3.36847677796913e-06
202013	3060	164.836305586673	0.565568137349836	28.2159186382827	2.23553096422417e-06
263029	7503	215.083187450833	1.11296907066362	35.145208100898	2.24031953402329e-06
177982	854	227.24946460899	0.141243325671084	29.5024949118221	3.49811370195493e-06
152587	7239	163.992588726037	0.429177210050191	28.1226585295899	2.94451534949228e-06
260941	755	104.121590545481	0.678869797185934	26.5150204679242	1.09321506252929e-06
195793	2141	220.269446141403	1.11527311129617	37.1761957363719	3.0822242604893e-06
168237	1067	147.845257802775	0.815465874205179	32.1476214066073	2.40764814416282e-06
191839	4120	205.247224266513	0.385336576034541	33.0413237778453	2.93121399910346e-06
286919	27507	246.842363417194	0.568462911021666	32.0312432927877	2.35704309480494e-06
344413	13450	273.6331613865	0.11309971014247	30.4530822947221	2.17668872606315e-06
187910	4242	246.766682197011	0.442408897355468	30.8739444596144	3.59785589861965e-06
229500	14620	151.902996786042	1.73412083598812	30.6995147618697	1.81338820886432e-06
240843	3524	160.653371040736	0.443297283103846	27.62241578335	1.82752341579126e-06
181858	5043	263.623603958914	0.252838103227799	31.6882055402496	3.97154070319977e-06
232254	13264	151.902996786042	1.73412083598812	30.6995147618697	1.79188558188174e-06
169770	5202	166.219805893228	0.212352296007273	24.6795901104133	2.68243345982563e-06
176676	4439	183.244227724694	1.0431991304335	37.776505047811	2.8415799546495e-06
207847	3169	168.036837186253	0.717829127351999	26.4460236122436	2.21497012899245e-06
238438	11673	150.147740594492	0.589990640103808	29.5758409357255	1.72524376509458e-06
226426	36744	296.935722758213	0.358976183977437	38.6574314557929	3.59288477517906e-06
215089	20020	156.158458047721	2.87516278844942	45.5593018382569	1.98909005998245e-06
225255	17997	154.874761757903	0.720421530782755	29.0039004539122	1.88370697997859e-06
180512	11628	159.389963387837	0.699095419863804	32.837262889808	2.41914571440986e-06
193466	7370	205.180277932708	0.743852472053853	32.4027575933105	2.90561518696228e-06
141113	10682	263.623603958914	0.252838103227799	31.6882055402496	5.11828427715734e-06
270853	2481	275.529693156529	0.104088194801086	28.9172526561332	2.78703160630203e-06
233421	34336	144.604801663529	1.53029684958023	35.8161294348179	1.69726605063036e-06
152094	21373	182.764047941941	0.283850273034218	27.4078749285033	3.29219705589317e-06
211506	3779	179.445328470798	3.3318799418934	50.5770535090381	2.32443068710247e-06
161228	4895	133.999730544507	0.560679426734842	27.5387948082727	2.27703965463198e-06
257541	3289	237.107851687289	0.709212087086598	31.3722718613013	2.52235780931159e-06
186806	2701	155.585433132164	0.520976061595011	33.1748999005821	2.28184030832021e-06
209605	8611	239.381765617501	0.204115385064376	28.0215554282755	3.12893515778048e-06
170903	1206	104.121590545481	0.678869797185934	26.5150204679242	1.66916105411523e-06
205545	11304	153.604332326286	0.460455112056789	26.6540499343453	2.0474046422696e-06
240948	2386	277.660437327333	2.46096117102164	48.799920503337	3.15716887844763e-06
220716	4911	231.011003640269	2.93995737627867	49.431478172776	2.8675168963211e-06
219563	36875	329.250125773121	0.302245321161666	29.7558155881017	4.10841143136339e-06
214287	18650	177.342467396791	0.366970328675938	22.873733794861	2.26737867294721e-06
144430	23763	179.445328470798	3.3318799418934	50.5770535090381	3.40393988026238e-06
177768	6211	110.828854298461	0.788182047015398	28.0802728567606	1.7080728629906e-06
227665	26466	259.509210933968	0.343101539991806	33.8856413515358	3.12294001952482e-06
152094	21373	182.764047941941	0.283850273034218	27.4078749285033	3.29219705589317e-06
337261	25740	189.512028161693	0.367746168693413	29.8130929921058	1.53949325910625e-06
253598	6116	189.422831859108	0.225939884278117	23.9745912160534	2.04641465085566e-06
258737	18798	161.083141983991	0.97752197274105	29.0874702720904	1.70568444663295e-06
225977	3560	223.203702395433	0.606186345347423	39.4669960384671	2.70610280189665e-06
210019	13065	166.681750505054	0.14270836022541	22.9928204325057	2.17438579438447e-06
131821	22177	217.795489766537	0.994367370503157	37.8312519293979	4.52659266704937e-06
211913	27850	268.310875989542	0.635403589205949	38.3244551562208	3.46886831096868e-06
190376	2878	157.736185509646	1.02705742567601	35.5176728459778	2.27000216888232e-06
203127	2336	249.484406249573	0.55297358388898	34.2470701459475	3.364983095461e-06
207306	4301	187.942049921626	1.39214587895417	37.2443030484094	2.48381487179664e-06
172867	3416	133.999730544507	0.560679426734842	27.5387948082727	2.1237283543823e-06
223413	9782	192.770584132035	0.786968321908	33.282153204614	2.36395637972325e-06
241768	1952	115.145036913538	1.76873248320936	27.6350622462986	1.30482882167052e-06
264350	5048	132.5113280992	0.754951026905352	30.9563668827729	1.37334872146153e-06
273628	4446	166.219805893228	0.212352296007273	24.6795901104133	1.66429140466106e-06
344120	15631	151.902996786042	1.73412083598812	30.6995147618697	1.20938217463199e-06
243612	507	189.21173305212	0.258410079810864	28.4237219532861	2.12792600418631e-06
192355	11784	210.821660205697	0.562705269577383	33.7856819790369	3.00274798993865e-06
231924	14383	216.550176582441	0.141759625820063	23.7630543871915	2.55811453329706e-06
146032	1260	155.971771237392	0.729467238667775	29.5877166146313	2.92620741480178e-06
188594	5728	225.290187212347	1.49799966130578	35.7165805087546	3.27281562309972e-06
276406	14174	180.19177888138	2.52728044116183	44.9499540545124	1.78605423371536e-06
172938	828	248.622556050884	0.395955870604594	30.7382247587875	3.93873924649667e-06
211952	13440	186.154750390685	0.1178343532739	25.2744759123088	2.40626658285367e-06
203699	40149	145.696103041102	0.704645021372412	28.2267244218191	1.95959433081193e-06
206163	7248	178.819648362286	0.563132693810385	28.9479943935376	2.37635678966731e-06
287570	1862	231.411921166719	0.270087894572687	27.7533572734991	2.20469890277311e-06
210981	7668	265.718461515084	0.257734433205531	31.2052195591635	3.45052770141782e-06
321814	24587	195.537876733643	1.18706749243892	33.3626486433493	1.66468895147246e-06
253674	46912	154.66490951321	0.567654116079745	23.4198328578482	1.6704095733831e-06
225672	15214	87.7710379218057	2.25999454864909	35.013431386856	1.06556682728049e-06
222620	6258	269.721442059313	0.426537235986575	36.4950022538246	3.31939113717106e-06
190617	3303	388.922629804973	0.686110907766852	43.4170409742336	5.58996024237331e-06
234750	646	227.24946460899	0.141243325671084	29.5024949118221	2.65218859595886e-06
280067	13959	165.397302316725	0.395718043405344	29.0816744503028	1.61798174729056e-06
242172	4006	139.476668350407	0.337770058107409	23.117025713224	1.57791924125938e-06
233503	18257	180.179499646418	0.263765825987712	23.7442261846621	2.11407333004161e-06
334171	759	207.981402592206	0.737550727638075	33.7106216561525	1.70515114087235e-06
208694	2374	222.27663011367	0.118813946518474	23.1332616549989	2.91803822249118e-06
209091	21197	184.198221894439	0.160535338941174	23.6662789470359	2.41355516365836e-06
259786	6699	211.306883971412	3.09614573421973	52.0684690344834	2.22846100168866e-06
179853	2608	184.525899329643	0.447347758132229	26.4605157285038	2.81090895966322e-06
293851	10771	202.362456386436	1.08684947557443	34.9134177577617	1.88673065169069e-06
223405	40498	190.630521155233	1.71972790041797	45.7374514774165	2.33779638067767e-06
195302	9992	210.046280478144	0.65165042048639	33.5407594197848	2.94656102643064e-06
215983	3293	184.965783558778	1.24553005799069	37.3317469764371	2.34627526885872e-06
279205	1627	279.614136713136	1.32677002142925	46.9628650264081	2.74374072090827e-06
196681	41987	201.674382925193	0.802425209360459	34.8430718311812	2.80928282833336e-06
242592	10816	136.12617510113	2.00183782497016	38.4080842861641	1.53734840775707e-06
232254	13264	151.902996786042	1.73412083598812	30.6995147618697	1.79188558188174e-06
169770	5202	166.219805893228	0.212352296007273	24.6795901104133	2.68243345982563e-06
277121	4796	159.249278451669	1.42754534281344	31.2720899700738	1.57440032699893e-06
447029	4509	142.547454169304	0.131896480981847	23.3979676956332	8.73636767025988e-07
282268	4497	214.962155943098	1.80482686086529	43.2822809508874	2.08644767930738e-06
182488	2158	150.393688888883	0.846203893119091	30.7762762321557	2.25788821075993e-06
216075	529	164.940788964364	1.74545585074398	37.9171620034294	2.09136907326209e-06
192192	807	166.819783158641	1.78689247484845	33.8464891109073	2.37804123899276e-06
178957	19549	289.813222600662	0.375330144335898	33.9111908837933	4.43686935433042e-06
333189	6551	116.751407304312	3.99464901478514	47.7275298940865	9.60016295036397e-07
229907	8832	175.887106838745	1.48404608139062	38.7409821010698	2.0959887454045e-06
222503	2346	51.7081049357813	1.51181485715778	30.0899797951606	6.36692722884405e-07
231228	7224	203.615100026015	0.148230332587862	25.1669041533959	2.41255206597977e-06
176542	1694	198.945567164346	0.332187584601528	28.4468529120204	3.08740327171703e-06
338240	13305	199.345537697932	0.414309501155914	27.4060507200754	1.61468826299824e-06
361851	2279	208.614874153554	0.345755341034158	28.7999775801869	1.57951090482186e-06
225942	1823	188.937909893686	0.728515741931248	29.2214454389259	2.29102207335409e-06
172867	16173	135.35250953395	1.50712796278997	33.0194418997073	2.1451682116523e-06
297741	31161	156.296457293355	2.76352808731046	43.1489995984083	1.43819451145992e-06
225352	2399	139.64238244271	0.725989710613333	27.7079378349189	1.69770789567457e-06
253371	598	380.354644752814	1.2926128296054	44.0504780715737	4.11281291020173e-06
312677	21487	110.338975715947	0.197287536148795	22.3232979459205	9.66807803597112e-07
192183	687	285.325803935987	0.43162655752479	35.1264714460629	4.06755296426568e-06
253597	17565	194.28338656008	0.42362233065441	27.9489440672714	2.09893354751647e-06
140971	21953	134.76900629123	1.18155322344417	31.9515040813671	2.61919227516686e-06
217787	8076	132.437167728118	0.34985229820157	29.2772459395184	1.66603863141281e-06
202162	1529	155.742418904296	0.261013823045788	24.3492686226984	2.11064175582902e-06
235370	34969	153.104192524621	0.212546902571236	26.7083666114382	1.78214530808236e-06
341130	15385	184.428988815545	0.759639466054731	34.1051428013984	1.481209218962e-06
230934	2170	179.822910188733	0.650341490925579	29.9287030346442	2.1333606457533e-06
215979	3332	207.981402592206	0.737550727638075	33.7106216561525	2.63827530406407e-06
258326	2355	356.876364571271	0.353102316155653	33.7883253613782	3.78492085418744e-06
189440	14426	198.37802207038	0.641733710424258	30.026966065925	2.86898981381867e-06
209720	7818	225.290187212347	1.49799966130578	35.7165805087546	2.94313079164061e-06
295681	8996	248.632810253107	1.71527148699968	44.4301377460445	2.30378611245011e-06
198254	4174	285.325803935987	0.43162655752479	35.1264714460629	3.94299500303384e-06
322108	2741	180.221981084012	0.477875907120852	28.4040353332303	1.53289844488483e-06
344928	1651	173.814808398689	2.13757246068501	43.689120829382	1.38059233960988e-06
228722	6814	293.121909483527	0.103015259906819	30.4497108723252	3.51113458527122e-06
190314	31684	222.349243307818	0.109508966015512	25.5183266835982	3.20089961359918e-06
199164	2294	278.308210425197	0.396006142168713	30.3328451187903	3.82844413518641e-06
187689	1999	197.044097488008	0.671071311591217	32.6205652063142	2.8762838655057e-06
199796	21479	196.189848760746	1.05300476031349	36.2002962188879	2.69027625658646e-06
186263	8155	139.982443021355	0.351011276175417	21.5107678032805	2.05898939952787e-06
238660	34724	217.124951376554	0.400655517638535	31.6514356895269	2.4925118598999e-06
207242	5550	165.105436548956	1.91800093933931	42.239623850534	2.1826833449685e-06
280845	720	182.56413909121	0.409319152923851	28.8839286598094	1.78096716529602e-06
149527	34524	162.778349645327	1.94509276704776	40.2113589294014	2.98252543834942e-06
213284	1140	247.187346174157	0.11463085058664	30.2179721100873	3.17522929969709e-06
295320	37347	186.154750390685	0.1178343532739	25.2744759123088	1.72698433823988e-06
186296	14943	180.758039965281	0.256308030166053	23.137258752312	2.65828309117853e-06
214519	3324	238.078427571695	1.58728249984231	41.5294948599681	3.04061488530147e-06
180229	9580	195.537876733643	1.18706749243892	33.3626486433493	2.97244178367055e-06
321363	3404	152.512574766579	1.64545559961214	34.6116929832108	1.30022022010427e-06
316850	1150	175.809510267197	3.83769671322686	52.8816431780077	1.52018270835728e-06
275169	3061	109.318438092217	0.600382673089734	28.1173400125461	1.08843136441846e-06
230542	2865	136.081108385002	0.651573039738108	25.738094816065	1.61716717335435e-06
299938	7869	185.580493629761	1.34335611972906	37.0518471798136	1.69514935944991e-06
261016	6230	97.8503949360044	0.535728392935757	27.3884516475135	1.02707601755169e-06
250896	1934	120.133155143939	1.65634802531435	32.7640323187941	1.31182614270934e-06
206418	5173	188.07309465085	0.471753197498818	29.1678881332076	2.49623943875089e-06
192413	1096	213.069140401381	0.677920714417809	29.9378302618055	3.03384422878301e-06
193256	5324	224.602260655769	0.341478608339551	29.908097901257	3.18411153770581e-06
284243	988	225.672453227454	0.454466608785478	29.6592603701371	2.1751835358262e-06
196789	7799	110.509188760865	1.3556184305514	30.0341387436003	1.53852553097327e-06
187910	4029	317.262676689868	0.102351938584838	32.9390098480057	4.62568683331889e-06
201182	28956	255.052860616912	0.736831528752506	37.6768767327609	3.47334732030837e-06
233752	49778	202.781409749262	0.132702653946211	24.692548518482	2.37673049284011e-06
175193	1793	87.7710379218057	2.25999454864909	35.013431386856	1.37259249539675e-06
163209	9080	166.122507102868	0.913082802558144	32.2763146069353	2.78863393836255e-06
223702	37425	257.832086691919	0.809146004454361	38.3541538987999	3.15772446651347e-06
192313	48423	124.138908025575	1.20063045978303	32.9696911607715	1.76850549536611e-06
162462	1921	236.909978843171	1.8455867165088	43.4645363781473	3.99520155597475e-06
331983	16605	156.353860177791	0.37385831016219	22.7358364949841	1.29032733668027e-06
258326	4776	166.027295276057	3.35836928535681	45.7760717310678	1.76083438030312e-06
155149	19592	196.245381388595	0.886091294392399	32.7175846673023	3.46543373883709e-06
368695	5107	189.497586570183	0.233510056549932	29.2159354760393	1.40813265722425e-06
243262	47359	195.023573537253	0.965068986924667	32.6814220800308	2.19644317803864e-06
165137	744	246.05076174961	0.409159789661357	33.6449020718687	4.08213589944306e-06
158267	13053	166.819783158641	1.78689247484845	33.8464891109073	2.88778141877015e-06
268432	3762	208.614874153554	0.345755341034158	28.7999775801869	2.12920814366654e-06
282863	9093	136.081108385002	0.651573039738108	25.738094816065	1.31804072812442e-06
208114	1015	226.776307206479	0.217222045812178	31.3774392227292	2.98540680228446e-06
236590	28659	180.062600934355	0.957445265832595	38.1131472123069	2.08513544249841e-06
264769	2505	100.702081535836	1.30016315063691	28.7039402268027	1.04202574242759e-06
275081	8216	127.556363821348	1.23721840242094	34.3626664382057	1.27042394756999e-06
197077	27580	317.506367778167	0.242608499809347	34.8335113408031	4.41391161660778e-06
230471	973	223.109929716381	1.42475307308211	43.6148613495791	2.65222124004644e-06
372023	45961	180.062600934355	0.957445265832595	38.1131472123069	1.326052943879e-06
148961	9927	259.509210933968	0.343101539991806	33.8856413515358	4.77295493145936e-06
163101	2710	163.51232966911	0.944402096668577	33.0923723349563	2.74663543077493e-06
181858	5042	180.179499646418	0.263765825987712	23.7442261846621	2.71443909415427e-06
258461	22462	172.097449112641	0.276754741229702	28.9109060756606	1.82425921350834e-06
224488	14536	214.818367526154	0.565965594388681	33.7545413646214	2.62171462472112e-06
277556	46604	239.342663456425	0.114901562713705	26.7111070631005	2.36252620926282e-06
238380	2729	152.512574766579	1.64545559961214	34.6116929832108	1.75284281648363e-06
286884	7264	159.361401332348	0.96648203945653	31.3041924105007	1.52189239899309e-06
212320	4127	160.998800323023	1.9881865263331	42.7279274078289	2.07748965535381e-06
222065	4290	214.258394662545	0.541990518556031	32.98701830997	2.6434120660407e-06
155149	46496	194.076107729605	0.347270867273267	27.1144729293928	3.42712723667412e-06
223478	3722	207.387818723074	0.374036269426798	26.3836988271204	2.54246863100954e-06
290323	14163	274.408854914277	0.172851433765282	28.8507623787405	2.58954709739471e-06
258389	7473	184.525899329643	0.447347758132229	26.4605157285038	1.95654772115806e-06
257548	18408	201.232640053856	1.29277065799438	37.9046395780277	2.14065844626017e-06
279711	14154	154.66490951321	0.567654116079745	23.4198328578482	1.51491889170745e-06
182608	2602	123.714638205301	2.53661754798826	38.0811517094332	1.85613014906849e-06
209368	3789	148.81308457826	1.22021751686993	35.913501016381	1.94732280499565e-06
225102	1125	159.043763271093	1.42527996170746	36.5216937044955	1.93572841524741e-06
255094	1291	257.639612339423	0.117332397018625	26.1886040659947	2.76706606825271e-06
331551	13065	169.956837633438	3.36864862961552	49.24102649145	1.40441492138e-06
235043	49475	226.95479543538	1.4481883789592	42.1364865812423	2.64544768445319e-06
212172	15995	191.367663736276	0.441612114035893	29.7819924286723	2.47108463482685e-06
178133	9077	356.876364571271	0.353102316155653	33.7883253613782	5.48883960062888e-06
397242	618	162.741557746344	0.432674011840404	27.5965374002256	1.12240720139571e-06
210787	30518	208.043710084726	1.05263588468839	45.1815674340103	2.70406983047063e-06
353498	37341	209.039538079892	0.196228749419017	28.6538955999648	1.62012532809968e-06
232916	30836	178.41949908323	0.870360537922205	32.7140197127676	2.0986988675467e-06
199174	7712	155.962393112689	0.745204131380786	32.4633921705965	2.14533135703454e-06
207591	6061	165.56863490376	0.742971005824864	27.4051426087645	2.18512699667358e-06
205093	8153	141.347279458054	2.12068409601094	35.5422360346327	1.88818155877102e-06
146385	6972	265.485535981313	0.271018463529202	32.2813254284043	4.96879893995638e-06
206718	2684	189.422831859108	0.225939884278117	23.9745912160534	2.51050543555807e-06
195550	18440	128.288130253971	0.398801542952105	22.323235593174	1.79736297347448e-06
280149	2156	232.936142250653	0.816809049434321	36.2005144397037	2.27800638819209e-06
192516	1260	222.827356316598	0.647938869033937	36.3710905032576	3.17109179349616e-06
149950	849	191.872578086938	0.97646977526785	32.7473780689407	3.50569053770322e-06
118983	4547	155.812313842062	0.804204615731268	27.40610992211	3.58776507250689e-06
242772	6432	160.023316257723	0.177439273799778	26.6763948542207	1.80589213147194e-06
216547	20276	159.361401332348	0.96648203945653	31.3041924105007	2.01622086195022e-06
221173	5427	137.078089701674	1.01581002711719	31.4400126844129	1.69802105203426e-06
186037	13378	205.271475523855	1.41260200412712	38.9628266638892	3.02298792269788e-06
294142	2444	152.132869295826	3.99702953518879	47.1298419763021	1.41701076905848e-06
164371	4473	149.60885128796	1.08093580372939	32.7502923073127	2.49367141285647e-06
152484	1779	208.161097880204	0.170501008187181	26.047687117563	3.74009324095632e-06
289070	536	220.269446141403	1.11527311129617	37.1761957363719	2.08765328340534e-06
215000	1172	249.721215396685	1.31559163894833	43.005844626298	3.18217541123523e-06
245925	21817	168.581516434397	0.160749610139318	24.2059965019376	1.87808140007489e-06
170187	2683	171.939145329881	0.335355101722283	27.3130869479068	2.76793263638653e-06
235921	3534	184.44465997672	0.837895042074551	26.9084691893673	2.14193664638865e-06
226568	2977	159.929028650879	1.77836172690648	41.9464150850981	1.93390824093065e-06
169972	2041	310.983791309141	0.43787607903126	36.3985064296238	5.01265141992994e-06
235691	9761	205.660955878809	0.312608268620836	26.8471849242149	2.39064993419593e-06
197805	49960	200.818536205586	0.547465891505057	31.8987086688974	2.78146543528355e-06
164683	34527	221.64502413817	0.559621577685654	34.9127206237504	3.68736688956625e-06
160505	1035	170.368144716994	2.99467077969073	43.5639555356768	2.90808411152632e-06
279576	1811	203.615100026015	0.148230332587862	25.1669041533959	1.99534147821118e-06
242352	1844	236.274384022358	1.6665014942995	43.8035453141402	2.67102016700217e-06
252529	18090	237.273927253771	0.469378483762247	30.9665482656945	2.57422139286942e-06
247561	19961	169.984264025675	0.616215004225131	29.2269158776304	1.88119418001668e-06
295313	750	179.445328470798	3.3318799418934	50.5770535090381	1.66477952852159e-06
256402	35668	135.492117827906	1.74047203497468	39.0502352874004	1.447770616923e-06
273767	2892	211.640363462791	0.810532594839923	37.741562362462	2.1179930825367e-06
273765	2796	214.232459258844	0.437779581664482	29.5926340064837	2.14394917007206e-06
374604	1845	185.986997544713	0.236056793015328	22.0131633253874	1.36024553376558e-06
222825	3707	241.737360342532	0.325088238855816	33.2623059428941	2.97226136171769e-06
265152	4197	212.705299809576	0.526367302194366	31.8912317601366	2.19781199483177e-06
202425	7963	169.456604176658	3.75005046932282	52.0644658760858	2.29351448179397e-06
238438	11673	150.147740594492	0.589990640103808	29.5758409357255	1.72524376509458e-06
226426	36744	296.935722758213	0.358976183977437	38.6574314557929	3.59288477517906e-06
215089	20020	156.158458047721	2.87516278844942	45.5593018382569	1.98909005998245e-06
248576	8826	197.633851447362	0.476494835103773	27.6696613208561	2.17825778315325e-06
380117	828	128.288130253971	0.398801542952105	22.323235593174	9.24647751778884e-07
364074	43745	155.307112090646	0.802249054526932	31.9262996256015	1.16871552825702e-06
123571	18484	208.619254542974	0.355919969523842	29.7885229162068	4.62535385719627e-06
263301	3446	128.559002646489	1.67228607700395	33.6262024724602	1.33769505473515e-06
174741	1328	202.362456386436	1.08684947557443	34.9134177577617	3.17279681774719e-06
250156	4658	171.65877735573	1.70841224204084	36.1420301648172	1.8800189487867e-06
227280	13387	188.741752802825	0.986048935903681	34.3006206640214	2.27517024203836e-06
236116	961	100.702081535836	1.30016315063691	28.7039402268027	1.16847699349816e-06
246060	19959	147.504989872735	1.14608447983202	32.224519756399	1.64237689963952e-06
255090	971	204.144655993662	0.561823192694375	30.9018208307424	2.19256116421614e-06
174039	16087	278.308210425197	0.396006142168713	30.3328451187903	4.38113438792607e-06
270125	15581	160.998800323023	1.9881865263331	42.7279274078289	1.63292032808781e-06
176396	1859	193.256053676615	0.633025764653755	34.1977723076887	3.0015909669715e-06
174741	1328	202.362456386436	1.08684947557443	34.9134177577617	3.17279681774719e-06
179464	19824	196.454161716384	3.09785966993902	50.0194501954853	2.99910054409178e-06
200856	10903	209.640133376238	0.509888390422194	28.8710580551158	2.85954380151906e-06
219187	717	188.712264365338	0.446871937504745	23.4376483223494	2.35880733059346e-06
272795	1322	182.932030755634	0.352388685300825	27.6153835104771	1.83721712606846e-06
307029	2987	206.176348471348	0.474386528014368	31.1402541416482	1.83978291347293e-06
224939	2945	238.726526332658	0.31499548586765	30.7992468850175	2.90765619845256e-06
226692	3985	330.733671135398	0.254236523648104	31.6566591267132	3.99713993853465e-06
271027	1075	125.363423093705	0.716855501246409	29.1858993030734	1.26725910382891e-06
208167	31831	187.567560992361	0.473085915465453	26.9692049088487	2.46861283847197e-06
206650	4272	155.290021896814	1.11571283125511	28.7755482423502	2.05880529777785e-06
209411	2387	204.264370055083	1.11864027784601	37.0674497999005	2.67239262077836e-06
237717	1175	185.986997544713	0.236056793015328	22.0131633253874	2.14352956637817e-06
146731	13244	188.741752802825	0.986048935903681	34.3006206640214	3.52414072425377e-06
208915	11212	122.242209876359	0.664045351579251	27.1477913213923	1.60309295189345e-06
230547	29128	158.589285348107	0.582941843595115	28.6066177383115	1.88461004799256e-06
206069	935	203.399884544291	1.29714604454993	35.6055259174925	2.70423963650812e-06
244867	1302	200.924701929826	0.677992623904905	25.6523635489333	2.24807195507839e-06
220507	2929	113.964589945724	1.44493510298352	30.5710103366138	1.41597207016537e-06
247598	28172	251.534170719541	1.09688581558069	29.8616667749807	2.78328061737216e-06
209020	2362	165.56863490376	0.742971005824864	27.4051426087645	2.17018801246993e-06
224213	943	250.596589322008	0.402771360410848	35.8677743530645	3.06211503410814e-06
145311	21036	199.790503227267	0.669296017502508	33.2483626977505	3.76689474106255e-06
260481	11306	239.702823588371	0.157326883103285	26.7632512000449	2.52118221530812e-06
261351	9530	192.020115704452	0.367953712628216	19.3425180289088	2.01293474591381e-06
189475	5860	169.178719473343	1.71263017833171	36.9019688779805	2.44625064532449e-06
191820	19656	217.147475508001	0.143667314887345	26.8640311894644	3.10147320630216e-06
