HSC_pop_size	HSCT_bottleneck	number_drivers_per_year	gamma_shape	gamma_rate	dpcpd
294910	16853	192.020115704452	0.367953712628216	19.3425180289088	1.78387477121603e-06
246122	25818	196.16830461578	0.298600518121153	22.3629952141578	2.18366261409482e-06
191454	1251	141.318468251664	0.632360884570681	21.0526276663669	2.02228151734097e-06
344702	11120	123.369078602282	0.52261475282084	23.3681370445035	9.80549795541338e-07
272679	11255	205.563427893276	1.05724281852775	35.3844962324033	2.06538631020434e-06
231046	10631	126.840184013036	0.478178306562073	26.7233542960097	1.5040613274429e-06
299160	20387	154.081209187255	0.747500514838934	33.4137010477018	1.41108536951185e-06
264932	10077	246.067175592271	0.393827316843227	30.5960900441405	2.54464030565684e-06
275631	5723	192.529526727358	0.192648586745004	28.8981225118409	1.91371128580392e-06
169487	5392	193.289012951962	0.626797670909095	37.5952176277907	3.12448116725422e-06
282169	22489	142.547454169304	0.131896480981847	23.3979676956332	1.38406759894553e-06
183149	13244	149.430228470803	1.83353065679773	34.9993230482448	2.23532689898049e-06
242584	6328	179.965624687303	0.452472641852338	24.4529955595479	2.03251865742428e-06
222620	36427	139.600610888951	0.689967253123347	28.6274240647133	1.71802815152734e-06
179258	2731	173.394526479557	0.147971269874358	25.028669069565	2.65011043972523e-06
205696	15202	217.147475508001	0.143667314887345	26.8640311894644	2.89225162585991e-06
170061	10458	199.61404671805	0.340518776600042	27.2975561137214	3.21583313768315e-06
253554	7272	191.049048346525	0.98288650467777	33.4618196444204	2.06434152198132e-06
282342	7101	203.34152071215	1.17094923403712	34.1132597656542	1.97313916011651e-06
193276	24279	94.4195561352591	1.02423151469193	23.7429979680614	1.33841612739847e-06
194594	27784	181.874312714838	0.484398898059264	29.1418245368839	2.56064312496701e-06
206709	12039	192.020115704452	0.367953712628216	19.3425180289088	2.54503920380497e-06
230032	4047	165.477904593524	3.03078766148589	44.4812383292756	1.97087414870122e-06
242584	13743	171.325868779811	0.403130283288024	24.7331647753203	1.93494188348158e-06
238001	1106	197.791659617387	1.12646424287267	35.5127551904228	2.27686000418425e-06
216206	4976	283.064730876663	0.603212569536644	33.2166560023514	3.5869486074438e-06
194580	20885	154.874761757903	0.720421530782755	29.0039004539122	2.18066818673593e-06
203046	17211	154.452023089813	0.333938811190595	25.527945771678	2.08404119087952e-06
222768	26408	196.505580060919	0.361377179081008	31.5947865769957	2.41673603130475e-06
155412	34153	137.078089701674	1.01581002711719	31.4400126844129	2.41652131200662e-06
225465	15773	127.904287400567	1.37487478621839	33.7211742458924	1.55422218617982e-06
202139	11949	111.81033600454	0.140570580311391	22.2093476910015	1.51544079907228e-06
191905	1791	160.411994008053	0.109322809619463	22.0697909050297	2.29011706360207e-06
375125	36451	187.553316529384	0.365098340470273	27.0698446180584	1.36979594220654e-06
208738	29289	293.121909483527	0.103015259906819	30.4497108723252	3.84728091968114e-06
197450	23955	197.514989792854	1.6943070219265	41.0942543585602	2.74062779608299e-06
246820	17073	197.463110124327	1.12644359675618	36.6442125875056	2.19185974498999e-06
295681	2483	246.752540798009	0.24084796508944	29.9478600285976	2.28636387982559e-06
185497	13837	232.936142250653	0.816809049434321	36.2005144397037	3.44038562157676e-06
355023	15493	183.578040451145	0.434690983151236	23.643118628231	1.41667873766654e-06
149980	43292	252.316963733069	1.93904263352191	42.9760808060809	4.60914357043166e-06
276667	9837	167.46760659592	0.470668356997703	31.0218515790959	1.6583667749922e-06
147144	25671	185.274383670191	0.430349143333549	30.3689356356983	3.4496890879085e-06
321899	18393	199.345537697932	0.414309501155914	27.4060507200754	1.69665689572358e-06
312994	48981	145.551697289367	0.130728588193713	18.8128904834374	1.2740556476978e-06
245398	46195	142.441389931784	3.35911722532009	47.2957038067402	1.59027532161937e-06
257223	26271	178.819648362286	0.563132693810385	28.9479943935376	1.90463856198e-06
217908	17397	217.604834171393	0.183280202843981	30.673157686209	2.73591436692012e-06
195838	4405	163.030426661358	0.33432178797966	24.0227942222115	2.28075604929484e-06
177014	8242	148.81308457826	1.22021751686993	35.913501016381	2.30324765858253e-06
192192	4970	151.466768366907	0.200316757920714	26.6887992770495	2.15918169112433e-06
200889	20672	183.578040451145	0.434690983151236	23.643118628231	2.50363900204884e-06
169985	8633	154.66490951321	0.567654116079745	23.4198328578482	2.49280511879509e-06
267140	43003	121.035252135981	1.7041991219096	28.8741044258681	1.2413095399773e-06
246615	35384	109.410245780087	0.531186515858949	26.3065604849309	1.21547390883618e-06
181617	6776	200.924701929826	0.677992623904905	25.6523635489333	3.03098628115309e-06
168564	7089	225.290187212347	1.49799966130578	35.7165805087546	3.66171536996552e-06
198400	2331	190.705009075644	0.577814229316545	31.8565901238508	2.63346510544139e-06
237295	7178	139.600610888951	0.689967253123347	28.6274240647133	1.61178038767364e-06
176059	677	185.986997544713	0.236056793015328	22.0131633253874	2.89421965324534e-06
179167	7669	210.039551127107	0.732090913710153	34.6105724345229	3.21181258270648e-06
226186	22568	246.842363417194	0.568462911021666	32.0312432927877	2.98993062222392e-06
214737	36419	202.781409749262	0.132702653946211	24.692548518482	2.58719040576315e-06
231989	15943	238.60101770726	0.66602833952966	38.0054724913429	2.81781213064436e-06
276528	28101	123.714638205301	2.53661754798826	38.0811517094332	1.22571390333383e-06
243612	42836	179.342803984877	0.528868161416183	28.5482176370065	2.01693737543213e-06
203158	46792	164.92684324848	0.136533388069249	23.3546606150446	2.22415245800967e-06
277609	16259	182.342050921196	0.664842087582968	32.1893273200664	1.79953554386852e-06
214808	28462	192.551278955302	1.45488023284491	36.6264712173788	2.45585709360206e-06
247315	28701	124.949333936633	0.881133115128218	30.7597596760402	1.38417379573477e-06
322768	21101	166.819783158641	1.78689247484845	33.8464891109073	1.41600314096966e-06
215436	3026	192.463087367652	0.642804898643904	30.8184603405956	2.44757668065871e-06
227840	15644	262.784723188763	0.641063362400767	34.3583983847183	3.15992865924613e-06
153274	27419	159.249278451669	1.42754534281344	31.2720899700738	2.84653230827323e-06
219191	16265	195.0349739258	0.302722994847273	27.9732597345471	2.43779349661829e-06
144430	28104	145.637455074174	2.49007023902556	43.1489949011393	2.76263052157179e-06
273031	7297	150.245359685426	0.108281166801013	24.3043840791235	1.50763511259097e-06
201175	4366	206.793087208655	0.542317484072564	34.4212800862643	2.81623662637695e-06
169642	984	281.323978970977	0.174665998776231	30.0651676933791	4.54339507502709e-06
160357	13752	191.537401849695	0.984432759482284	34.6622720818257	3.27244838122226e-06
192432	42231	213.532852925034	0.548190657738883	31.6778327179453	3.04014672644418e-06
191896	40937	126.840184013036	0.478178306562073	26.7233542960097	1.81091504492211e-06
334913	27422	190.73764762512	1.02353974105603	36.1332886913167	1.56031237247604e-06
243020	32171	142.441389931784	3.35911722532009	47.2957038067402	1.60583648825097e-06
350967	34461	193.847172943361	0.79536933453235	31.7594478218249	1.51321390629405e-06
198917	47165	209.085784803437	0.1594278546968	27.7573638095581	2.87978285709496e-06
194616	12598	226.560369681692	0.189844848214933	23.7243010196658	3.18942605743452e-06
140044	15281	186.154750390685	0.1178343532739	25.2744759123088	3.64180553803804e-06
276555	11874	145.458910766161	3.99219829826515	43.131721325113	1.44100654026471e-06
203859	41683	154.006036743761	0.234447766452356	25.1916143623911	2.06973617668673e-06
220954	11491	100.702081535836	1.30016315063691	28.7039402268027	1.2486586067544e-06
239540	2354	141.347279458054	2.12068409601094	35.5422360346327	1.61665200147376e-06
202162	9652	190.636239481423	0.647298389359255	33.1383461718757	2.58352740412338e-06
232491	37668	182.754903953466	1.14014881716185	34.700703032074	2.15362472954135e-06
240428	39085	198.910520817851	1.63131779260773	38.1955913120544	2.26662589635072e-06
231617	1000	222.27663011367	0.118813946518474	23.1332616549989	2.62924167399014e-06
225564	16262	260.539266390204	0.412686148611206	33.3590382534469	3.16453959536198e-06
243650	3420	217.517022751576	1.75077133697123	40.0110936375552	2.44587337834785e-06
183149	9954	217.880030465647	0.218639657989328	30.9576446497721	3.25926753799825e-06
204690	3508	145.551697289367	0.130728588193713	18.8128904834374	1.94817418240034e-06
188451	7623	180.758039965281	0.256308030166053	23.137258752312	2.62788473796475e-06
230939	19644	185.986997544713	0.236056793015328	22.0131633253874	2.20644160549202e-06
196749	29456	188.75599199708	0.777813689972224	29.4168401519622	2.62842354523575e-06
226394	47071	176.472468868749	0.357334525078546	23.648677503254	2.13559642074774e-06
194354	5157	172.620798397195	0.251490731308085	26.5324706212771	2.43336228860168e-06
256043	28627	193.588533569645	1.14451204490176	33.0211356081956	2.07144715546383e-06
259459	6096	242.534068629023	0.614367767446669	31.5966050028767	2.56100925523296e-06
314726	1670	188.012983257666	0.489099194370416	28.1553753298925	1.6366746430852e-06
255159	37697	293.121909483527	0.103015259906819	30.4497108723252	3.14734626100746e-06
221780	9808	188.712264365338	0.446871937504745	23.4376483223494	2.33122870579308e-06
168391	47082	182.864169278166	0.414335821114012	26.3139056582556	2.97520487466533e-06
177527	23900	94.4780045666481	2.18094495473243	32.8976410293681	1.45805341231364e-06
193798	532	173.043758487576	0.187097733516908	25.5690068782438	2.44632291874559e-06
250760	5551	273.286863806837	0.504827771011803	32.5978485606777	2.98584755829224e-06
228750	29930	173.298201325379	0.60149955251984	25.3595000313772	2.07558291878589e-06
222083	17760	155.290021896814	1.11571283125511	28.7755482423502	1.91573472434086e-06
185457	16098	199.61404671805	0.340518776600042	27.2975561137214	2.94886577065052e-06
283587	15541	124.949333936633	0.881133115128218	30.7597596760402	1.20713199932347e-06
219294	40802	188.543470820685	0.354613210082472	28.67645978438	2.35554759502424e-06
168764	36478	178.819648362286	0.563132693810385	28.9479943935376	2.90297009331481e-06
286343	1844	177.992072638162	0.375571576412011	23.834204679584	1.70302579101691e-06
241229	36170	63.2122925612607	1.27188980867519	29.6021937673414	7.17925138277472e-07
492585	11758	187.553316529384	0.365098340470273	27.0698446180584	1.04315946043877e-06
222488	3352	115.145036913538	1.76873248320936	27.6350622462986	1.41790053646776e-06
250786	7335	222.523187696397	0.418549435759878	29.9910958259965	2.43096731488689e-06
201174	712	205.563427893276	1.05724281852775	35.3844962324033	2.79950427828749e-06
311660	27542	168.68632985666	0.365615151773301	27.0710168904118	1.48287983178596e-06
242037	7592	177.342467396791	0.366970328675938	22.873733794861	2.00741941806351e-06
194389	28180	180.623587385378	0.728370780737582	28.9704101243826	2.54571577363731e-06
291976	25051	255.324188311192	0.202938194336906	28.2156884104008	2.39580761480482e-06
275655	24387	341.84555706699	0.206231175163317	35.2304441515893	3.39759180877019e-06
160749	10824	230.533590779651	2.63698854543085	49.4288160844112	3.92909989392381e-06
205946	8775	207.387818723074	0.374036269426798	26.3836988271204	2.7589067266213e-06
203150	35879	264.121261844747	0.508572210608447	34.527044063209	3.56199800868846e-06
219940	1844	168.581516434397	0.160749610139318	24.2059965019376	2.09996893840782e-06
231967	30611	139.476668350407	0.337770058107409	23.117025713224	1.64733715784687e-06
251466	13299	181.084882177051	0.347144794639258	25.2030254492166	1.97292264110708e-06
197991	42296	137.568529072556	0.489301860435516	23.5307847158479	1.90362228409796e-06
316768	18688	154.256975116776	0.296954986032922	22.8458181959301	1.33416838075501e-06
223413	4522	199.345537697932	0.414309501155914	27.4060507200754	2.44458540047592e-06
226692	4749	158.894558578336	0.280484995066045	22.7461470277133	1.92034812763073e-06
321292	7790	154.256975116776	0.296954986032922	22.8458181959301	1.3153824235742e-06
282127	27137	145.551697289367	0.130728588193713	18.8128904834374	1.41344775011086e-06
186693	16761	203.086914395227	0.457761323747314	31.3811352990631	2.98030727018369e-06
305009	15679	148.16103759635	0.430321008900888	29.6018741679178	1.33084810923253e-06
180460	20443	168.036837186253	0.717829127351999	26.4460236122436	2.55111878754679e-06
224610	6577	158.618294108773	1.97381115146751	37.4761431470343	1.93477881123351e-06
269310	47273	107.015579356213	1.0359840593927	30.7756213638918	1.08868355463671e-06
179578	8580	184.198221894439	0.160535338941174	23.6662789470359	2.8102142953173e-06
231989	18676	298.375493846337	0.374089644258842	33.9224905772085	3.52373218742406e-06
303913	21517	251.621454054661	0.49485075605875	34.8215111513463	2.26832628655273e-06
162368	26775	139.64238244271	0.725989710613333	27.7079378349189	2.35626397877694e-06
267115	11464	163.030426661358	0.33432178797966	24.0227942222115	1.67215881991578e-06
241597	3337	166.681750505054	0.14270836022541	22.9928204325057	1.89018212209106e-06
226448	26482	94.4780045666481	2.18094495473243	32.8976410293681	1.1430608710512e-06
288302	19946	214.05891171511	0.509562026231911	27.8695306335573	2.03419598831163e-06
221514	20145	141.347279458054	2.12068409601094	35.5422360346327	1.74820923477985e-06
273628	23519	179.967006663103	0.478092390870597	29.1172651078451	1.80193654241408e-06
218920	17478	188.070126951356	0.774418825715326	32.6394478385712	2.35364800742069e-06
218491	7110	136.923731863223	0.150803749034205	23.9523614038581	1.7169288984628e-06
179578	8429	174.021940357967	0.656466425506617	28.7547994292927	2.65496018073982e-06
210283	36469	185.986997544713	0.236056793015328	22.0131633253874	2.42317932467542e-06
191299	28015	231.411921166719	0.270087894572687	27.7533572734991	3.31421106995051e-06
251653	31660	216.550176582441	0.141759625820063	23.7630543871915	2.35756440424071e-06
211543	3266	195.411005979941	3.14966886374398	44.3751541193561	2.53079808418679e-06
222368	4846	208.865677487462	0.242003074749983	29.9988253702489	2.57336816827224e-06
299356	40150	198.910520817851	1.63131779260773	38.1955913120544	1.82044231953865e-06
200002	2085	164.047414001768	2.27462519408764	45.0407095743381	2.24720237731551e-06
328190	1995	163.030426661358	0.33432178797966	24.0227942222115	1.36097596874311e-06
309951	43516	134.6195372184	1.30384631503205	32.3588933456312	1.18993211802325e-06
183103	3017	315.763580981952	0.605271290674101	37.8624428597597	4.72469430495632e-06
221514	20145	141.347279458054	2.12068409601094	35.5422360346327	1.74820923477985e-06
251466	17561	202.781409749262	0.132702653946211	24.692548518482	2.2093066504512e-06
287977	14438	189.422831859108	0.225939884278117	23.9745912160534	1.80211149719489e-06
220203	37866	192.020115704452	0.367953712628216	19.3425180289088	2.38907966185438e-06
251230	1372	227.24946460899	0.141243325671084	29.5024949118221	2.47821228715258e-06
246013	31202	156.78887297287	0.313670644635272	24.479543254737	1.74608071967764e-06
215246	3414	211.521629028711	1.35918763774587	40.0957654723132	2.69232093700895e-06
344649	28507	178.819648362286	0.563132693810385	28.9479943935376	1.42149504228412e-06
262705	38665	277.700352033149	0.58334102684036	36.6482497701967	2.89611115998021e-06
289043	22793	241.391894118866	0.240460811021818	28.0825006197406	2.28805975277097e-06
216858	39074	138.109986685329	0.741271420414646	24.606760338149	1.74484466870157e-06
171249	35571	184.856363141223	0.259788432700652	21.5474288545585	2.95742333927794e-06
189813	27553	194.71413183522	0.658273661823242	31.4092842645476	2.8104680653644e-06
363026	38932	182.756708023348	0.666055294035232	27.5513695160217	1.37924917127977e-06
200470	11310	263.623603958914	0.252838103227799	31.6882055402496	3.6028156292837e-06
258147	12835	192.020115704452	0.367953712628216	19.3425180289088	2.03791835186665e-06
233311	41313	156.005411047361	0.346943776193126	24.786963901311	1.83194142179864e-06
201995	9428	184.856363141223	0.259788432700652	21.5474288545585	2.50726893946884e-06
172599	20073	155.290021896814	1.11571283125511	28.7755482423502	2.46497439026757e-06
171312	15609	232.187409449236	0.224451609450171	29.1476596905192	3.71328271750967e-06
195128	19059	251.534170719541	1.09688581558069	29.8616667749807	3.53170592790431e-06
246737	43332	217.795489766537	0.994367370503157	37.8312519293979	2.41836437973678e-06
176396	40531	138.386338624059	0.661790102153387	27.3641634073263	2.14937217263739e-06
288878	22922	190.645575108929	3.98697947344688	52.3307703286516	1.80808730375471e-06
255226	41907	204.499295108925	0.361519033494407	28.8037731887574	2.19519971082223e-06
179516	28917	241.385274792318	1.41140596578385	40.4997811157899	3.68395864423758e-06
183473	3959	274.408854914277	0.172851433765282	28.8507623787405	4.09763334091078e-06
278728	41387	160.53725613535	2.10112216255572	38.0628073895794	1.57798319150196e-06
199811	9600	227.400133060713	0.51347193414496	29.8490261482124	3.11801684181569e-06
199968	27631	329.250125773121	0.302245321161666	29.7558155881017	4.51099745511502e-06
207280	1728	176.380484796749	1.25904303712279	37.0310467565855	2.33131129352856e-06
206313	48923	140.619087337201	0.300493556331096	23.924977190671	1.867346088354e-06
246449	11987	161.274121218058	0.427757399863877	25.0859426726352	1.79285331832036e-06
145311	5181	202.178399282216	1.00159898162332	34.5147603232849	3.81191666626066e-06
331691	39677	152.132869295826	3.99702953518879	47.1298419763021	1.25659840523982e-06
118764.7289	4299	145.458910766161	3.99219829826515	43.131721325113	3.35712474090126e-06
222825	8312	179.342803984877	0.528868161416183	28.5482176370065	2.20509434715033e-06
186322	45301	164.273553288402	0.304017637761802	23.9735985970816	2.415520065034e-06
176556	4191	148.300408082042	1.27611284353122	39.4423678930093	2.30126695153949e-06
246550	21237	329.250125773121	0.302245321161666	29.7558155881017	3.65871076497441e-06
195197	25943	110.828854298461	0.788182047015398	28.0802728567606	1.55556026326282e-06
304603	42624	180.179499646418	0.263765825987712	23.7442261846621	1.62060933341007e-06
221355	6517	174.767677581521	0.290267254172322	27.1710258152819	2.16311154036668e-06
207262	7600	171.358031435449	0.929078274095528	29.2255835835899	2.26512365376797e-06
192918	9464	197.791659617387	1.12646424287267	35.5127551904228	2.80893933098962e-06
216030	2596	136.923731863223	0.150803749034205	23.9523614038581	1.73648804311455e-06
269885	45934	165.391465503102	0.208737102290467	23.379296931845	1.67896438389768e-06
178609	27077	138.246530847796	0.439235958850403	25.8065125543653	2.12059649156025e-06
277753	8081	167.441776331576	0.185687782455262	24.8358711388125	1.65162785888631e-06
222768	25722	182.756708023348	0.666055294035232	27.5513695160217	2.2476446781091e-06
247139	1977	185.580493629761	1.34335611972906	37.0518471798136	2.05730260531396e-06
269141	33702	174.214721354876	0.3128393543695	27.5113955400471	1.77342213357205e-06
236448	35366	248.078759628179	0.271496986345966	31.7232499559261	2.87449178930569e-06
235985	21340	156.78887297287	0.313670644635272	24.479543254737	1.82027906896648e-06
137502	10771	263.623603958914	0.252838103227799	31.6882055402496	5.25269777314151e-06
140044	26694	134.76900629123	1.18155322344417	31.9515040813671	2.63652962085165e-06
289988	28572	222.27663011367	0.118813946518474	23.1332616549989	2.1000078237878e-06
247205	43121	280.265370284535	0.577025599214295	39.1071358454383	3.10612782729585e-06
233969	40794	179.965624687303	0.452472641852338	24.4529955595479	2.10735826537965e-06
347778	14073	155.742418904296	0.261013823045788	24.3492686226984	1.2269078511059e-06
194254	5302	230.533590779651	2.63698854543085	49.4288160844112	3.25140732673901e-06
252203	16860	115.145036913538	1.76873248320936	27.6350622462986	1.25084100727445e-06
189469	4171	137.349773444103	0.942851186502022	29.9186549582596	1.98608083201962e-06
217296	39207	231.313787835709	0.124529159882078	27.6736737842869	2.91646604184771e-06
169315	5780	224.108821805143	0.216100645160042	26.0583248475683	3.62635780686227e-06
231555	8098	145.551697289367	0.130728588193713	18.8128904834374	1.72214710714744e-06
193282	2769	156.296457293355	2.76352808731046	43.1489995984083	2.21546482360794e-06
220203	46388	227.377156528444	1.05765143800008	41.562664057684	2.828985589554e-06
201370	27951	115.145036913538	1.76873248320936	27.6350622462986	1.56659807596781e-06
264935	15180	150.245359685426	0.108281166801013	24.3043840791235	1.55370608800583e-06
267640	16150	196.192918336487	1.04862727889449	35.1786503471738	2.0083501896484e-06
230687	11021	136.923731863223	0.150803749034205	23.9523614038581	1.62615800610366e-06
217212	21517	216.325802842063	0.427771452882182	32.8600727930256	2.72854829587688e-06
167460	15392	176.555896973299	0.107421694936639	23.1962601684919	2.88853927044199e-06
211767	16280	176.846524238814	0.435630423453307	30.1707667481566	2.28794394457975e-06
216260	4745	134.6195372184	1.30384631503205	32.3588933456312	1.70545015219377e-06
167268	37325	180.179499646418	0.263765825987712	23.7442261846621	2.95120683444955e-06
216122	7237	177.342467396791	0.366970328675938	22.873733794861	2.24812732479728e-06
238270	4039	173.501711263463	0.5785368867257	29.4520302067716	1.99499372202323e-06
190765	25325	165.647176920027	2.52509394899624	44.1694040100314	2.37898923792455e-06
371714	31726	138.109986685329	0.741271420414646	24.606760338149	1.0179426256888e-06
178873	3979	182.342050921196	0.664842087582968	32.1893273200664	2.79286008954844e-06
348105	14955	150.253923402967	0.117321783164406	20.0745293101341	1.18255866668293e-06
236397	3623	274.722071293427	0.251598998832837	31.0985403307575	3.18389492685223e-06
188744	9700	118.482212497246	1.24241655497173	31.1179302326953	1.71983639936802e-06
282846	11419	153.871655533264	0.493287975178645	26.515406784689	1.49044419770189e-06
153878	40797	82.9619556356449	0.665457394163348	26.3639089773328	1.4770989299234e-06
214685	527	150.253923402967	0.117321783164406	20.0745293101341	1.91748182064729e-06
156419	10590	173.394526479557	0.147971269874358	25.028669069565	3.03705750071453e-06
220072	49595	164.273553288402	0.304017637761802	23.9735985970816	2.04507856318507e-06
257799	14973	192.020115704452	0.367953712628216	19.3425180289088	2.0406693151615e-06
203774	29963	200.924701929826	0.677992623904905	25.6523635489333	2.70141743021279e-06
172518	1918	225.290187212347	1.49799966130578	35.7165805087546	3.5777912427855e-06
160439	9777	139.982443021355	0.351011276175417	21.5107678032805	2.39040097809298e-06
179682	11942	217.147475508001	0.143667314887345	26.8640311894644	3.31098602215514e-06
252638	2720	139.64238244271	0.725989710613333	27.7079378349189	1.51434807790615e-06
197151	10863	244.481485453959	0.713666842362357	36.3640589366562	3.39745823716317e-06
299356	40150	198.910520817851	1.63131779260773	38.1955913120544	1.82044231953865e-06
200002	2085	164.047414001768	2.27462519408764	45.0407095743381	2.24720237731551e-06
269557	16387	238.889254114763	0.116845643946582	27.5459682443663	2.42802489701152e-06
195920	1670	195.537876733643	1.18706749243892	33.3626486433493	2.73438245319089e-06
195236	33761	107.015579356213	1.0359840593927	30.7756213638918	1.50173824550397e-06
235043	5054	188.598958677546	0.491412648277413	32.3448697568328	2.19836147355545e-06
236022	19929	203.541927562592	0.359866962011108	27.2146452997947	2.3626997339648e-06
233752	24374	222.27663011367	0.118813946518474	23.1332616549989	2.60522720149806e-06
321363	38420	182.864169278166	0.414335821114012	26.3139056582556	1.55897761736656e-06
280574	9568	241.737360342532	0.325088238855816	33.2623059428941	2.36049718763943e-06
192183	4969	164.273553288402	0.304017637761802	23.9735985970816	2.34185401183906e-06
195348	41206	187.553316529384	0.365098340470273	27.0698446180584	2.63040677570403e-06
172599	35042	211.816138443268	0.856653443332582	36.8571150251251	3.3622337760694e-06
200016	41859	132.203269321957	0.388483570753738	23.8388622448674	1.81085882063623e-06
172823	7171	214.066488364723	0.163054227422018	24.233337408441	3.39355022055146e-06
174231	3809	160.025128648935	0.715036714760215	30.9421466146407	2.51634330283981e-06
178280	43018	145.492053872768	3.7734341400776	47.9274667784077	2.23585577055591e-06
220666	10303	220.180784183001	0.888021584826137	33.7991407258422	2.7337017264051e-06
144447	975	147.655701829209	0.933545990910266	34.6460333727379	2.80058547006925e-06
264909	41176	202.362456386436	1.08684947557443	34.9134177577617	2.09286090215871e-06
205233	4956	219.440936884061	0.536667576877636	30.5214703488828	2.92939267202497e-06
195209	13916	222.27663011367	0.118813946518474	23.1332616549989	3.11961573905186e-06
320155	8286	183.578040451145	0.434690983151236	23.643118628231	1.57096886034136e-06
190928	45648	132.5113280992	0.754951026905352	30.9563668827729	1.90147455856845e-06
253019	44770	156.005411047361	0.346943776193126	24.786963901311	1.68924896968711e-06
205419	4939	168.036837186253	0.717829127351999	26.4460236122436	2.24115050896311e-06
185119	25839	195.989356116777	0.825344452394329	32.3240024217593	2.90060523255832e-06
261306	1174	150.253923402967	0.117321783164406	20.0745293101341	1.57537364111679e-06
286415	13306	242.092555778348	2.06705374676768	40.8529617467956	2.31575607459478e-06
219464	29433	151.902996786042	1.73412083598812	30.6995147618697	1.89631371857964e-06
238383	25623	176.472468868749	0.357334525078546	23.648677503254	2.02819083608632e-06
235847	50071	253.882104176066	2.52700023800098	46.3541879051274	2.94923153019352e-06
391984	38156	180.758039965281	0.256308030166053	23.137258752312	1.26338704323185e-06
286901	17656	176.438968224885	0.572185376141303	31.0487770015069	1.68488235834952e-06
192313	41366	194.617594078005	0.455709399216099	32.20279836605	2.77255769440935e-06
171249	35571	184.856363141223	0.259788432700652	21.5474288545585	2.95742333927794e-06
189813	27553	194.71413183522	0.658273661823242	31.4092842645476	2.8104680653644e-06
363026	38932	182.756708023348	0.666055294035232	27.5513695160217	1.37924917127977e-06
246471	11678	197.633851447362	0.476494835103773	27.6696613208561	2.1968613212309e-06
207164	5091	235.732351552635	0.100440844379364	27.3368273217266	3.11754001201133e-06
209367	25760	155.742418904296	0.261013823045788	24.3492686226984	2.0380077024646e-06
183145	12445	191.427651518707	1.32006170308008	37.7551190640835	2.86362892369071e-06
207371	24264	150.245359685426	0.108281166801013	24.3043840791235	1.98499849268135e-06
309951	43516	134.6195372184	1.30384631503205	32.3588933456312	1.18993211802325e-06
183103	3017	315.763580981952	0.605271290674101	37.8624428597597	4.72469430495632e-06
238270	10938	313.217086142608	0.323916317634628	34.5724766329244	3.60149831338579e-06
212908	20174	191.872578086938	0.97646977526785	32.7473780689407	2.46903966092677e-06
275088	37807	215.966137231166	0.931130563352212	32.7716829667787	2.1509046094656e-06
214737	4442	199.988012784761	0.583814303125789	33.0352360176058	2.55155079838996e-06
279727	27263	244.354164398449	0.187010348335796	27.9400171834124	2.39327438575947e-06
135017	36979	220.180784183001	0.888021584826137	33.7991407258422	4.46784497625415e-06
225335	43680	161.274121218058	0.427757399863877	25.0859426726352	1.96084455342816e-06
204193	43681	166.56942600672	3.72077287298636	55.580985662334	2.23491790511542e-06
190694	13596	141.318468251664	0.632360884570681	21.0526276663669	2.03034120434307e-06
216030	4595	248.622556050884	0.395955870604594	30.7382247587875	3.15306988756488e-06
339430	16991	223.616763641989	0.258900318037811	28.3861539985802	1.80493376399346e-06
216557	1801	230.51822709881	0.100697659760777	25.6999765382802	2.91635360007796e-06
287318	4199	205.180277932708	0.743852472053853	32.4027575933105	1.95650028108522e-06
250824	668	201.527298991966	1.09359591430245	36.5276269439984	2.20126298232768e-06
262417	24886	166.371813138674	0.946536075510044	33.6263039597541	1.73698040401841e-06
178382	23521	205.70888763612	0.391367951111319	31.3765052784975	3.1594330903545e-06
211888	17527	218.429163370894	0.662310892514876	33.5359436167732	2.82430370775998e-06
210283	36469	185.986997544713	0.236056793015328	22.0131633253874	2.42317932467542e-06
191299	28015	231.411921166719	0.270087894572687	27.7533572734991	3.31421106995051e-06
314072	35383	222.27663011367	0.118813946518474	23.1332616549989	1.93897281134445e-06
177540	28747	136.923731863223	0.150803749034205	23.9523614038581	2.11295207814597e-06
210973	41430	265.718461515084	0.257734433205531	31.2052195591635	3.45065854385553e-06
273209	35819	139.982443021355	0.351011276175417	21.5107678032805	1.40373685539005e-06
289345	11311	206.857368760233	0.384623294059044	30.5197772438693	1.95867396067436e-06
221215	4032	156.610153214663	0.504950985529186	23.9619209917783	1.93960135125053e-06
212127	9144	224.321364979837	0.853117465622715	36.5536713663156	2.89722233443428e-06
275682	46391	183.382607603511	0.889852557936198	35.3443716460687	1.82245523111164e-06
186296	33762	203.541927562592	0.359866962011108	27.2146452997947	2.9933499195358e-06
178983	19279	329.250125773121	0.302245321161666	29.7558155881017	5.03989283398111e-06
172331	1010	121.035252135981	1.7041991219096	28.8741044258681	1.92422390927655e-06
344698	31564	263.623603958914	0.252838103227799	31.6882055402496	2.09533112812521e-06
187044	6833	243.675093784017	0.618076189493434	36.3987055618495	3.56922968215254e-06
309465	30232	224.108821805143	0.216100645160042	26.0583248475683	1.98405885017332e-06
239846	5133	180.623587385378	0.728370780737582	28.9704101243826	2.06323700842033e-06
206134	12714	329.250125773121	0.302245321161666	29.7558155881017	4.37606187773216e-06
158165	13935	204.186773086254	0.502830728289687	31.0681759374541	3.53691282315726e-06
195550	43546	139.982443021355	0.351011276175417	21.5107678032805	1.96120451303636e-06
198400	9228	173.394526479557	0.147971269874358	25.028669069565	2.39442286897311e-06
140197	21364	154.293633578936	1.93847338868444	40.6599188600242	3.01520206408059e-06
223048	25617	147.701742233109	1.37184737739174	33.0279473826437	1.81423867278778e-06
182653	5031	191.872578086938	0.97646977526785	32.7473780689407	2.8780162172458e-06
303233	5932	180.179499646418	0.263765825987712	23.7442261846621	1.62793121060276e-06
199052	3159	150.245359685426	0.108281166801013	24.3043840791235	2.06795773177775e-06
213727	3386	207.015918080261	0.918013875053215	36.4139622341186	2.65369793638628e-06
208169	10558	238.889254114763	0.116845643946582	27.5459682443663	3.14403733103264e-06
331952	8122	164.92684324848	0.136533388069249	23.3546606150446	1.3612039242551e-06
268355	751	140.311421620445	3.76457340960234	51.123396291696	1.43248627286484e-06
312584	4653	180.221981084012	0.477875907120852	28.4040353332303	1.57960372982931e-06
211331	22896	184.126600148056	0.885151541839389	32.5098843197451	2.38704420440824e-06
191894	2768	347.161034267887	1.20838725294022	45.6558374528562	4.9565182928173e-06
233736	5902	175.929714167439	0.830436040137039	34.5895827038852	2.06215224397223e-06
255964	48032	153.203663883246	1.72525452282643	36.3427861832858	1.63982460593502e-06
211600	17068	184.44465997672	0.837895042074551	26.9084691893673	2.38812776726209e-06
211262	8883	177.342467396791	0.366970328675938	22.873733794861	2.2998446180091e-06
212680	9402	145.551697289367	0.130728588193713	18.8128904834374	1.87498482882982e-06
319162	2341	213.5707715172	1.10766705402148	35.7051555188498	1.83331788062798e-06
171018	1767	138.070696039053	1.05609509112931	29.7564392084069	2.21190681424791e-06
182295	33489	87.7105149677115	1.00447253311175	26.1258039345416	1.31820829278618e-06
224634	3639	248.351325714041	2.02367715607747	50.4782184453401	3.0289920092122e-06
230693	15919	146.351362486113	2.68231813725228	44.7690034735846	1.73807890550756e-06
231993	16933	231.313787835709	0.124529159882078	27.6736737842869	2.73170485760062e-06
196687	29522	168.68632985666	0.365615151773301	27.0710168904118	2.34969432842237e-06
190320	25869	139.982443021355	0.351011276175417	21.5107678032805	2.01509847900515e-06
267118	4384	224.602260655769	0.341478608339551	29.908097901257	2.30365853042803e-06
208738	22389	246.766682197011	0.442408897355468	30.8739444596144	3.23885972803045e-06
285559	22580	243.375495910629	2.11349659924189	45.386002365571	2.33500670816562e-06
206897	8516	168.410726221704	0.724509481791933	32.3953376121503	2.23009154276029e-06
212127	9144	224.321364979837	0.853117465622715	36.5536713663156	2.89722233443428e-06
207642	18538	165.719307781472	0.920022082744779	30.4320761356912	2.18657834528254e-06
285046	21992	176.472468868749	0.357334525078546	23.648677503254	1.69616909579073e-06
293298	22246	143.872819379487	1.18311803078	33.4765049520938	1.34393043215094e-06
181573	19683	182.342050921196	0.664842087582968	32.1893273200664	2.75133011404668e-06
164234	36808	225.62108722012	0.420549368579901	28.2409821739406	3.76377586240748e-06
185497	13837	232.936142250653	0.816809049434321	36.2005144397037	3.44038562157676e-06
355023	15493	183.578040451145	0.434690983151236	23.643118628231	1.41667873766654e-06
227550	26207	218.619378594924	0.148270099154079	24.932486990091	2.63220040268042e-06
265888	4023	136.923731863223	0.150803749034205	23.9523614038581	1.41087041142901e-06
351803	3961	121.035252135981	1.7041991219096	28.8741044258681	9.42582725302334e-07
222183	22814	206.909665753732	0.882808706741669	31.5829939769539	2.55139140521807e-06
274845	15804	166.027295276057	3.35836928535681	45.7760717310678	1.6550030094278e-06
208271	691	182.172092270643	2.45372661704834	43.8789808790904	2.39640479307871e-06
164311	9264	185.986997544713	0.236056793015328	22.0131633253874	3.1011521926756e-06
291394	4462	185.986997544713	0.236056793015328	22.0131633253874	1.74867505141053e-06
182960	33010	208.865677487462	0.242003074749983	29.9988253702489	3.12764939244841e-06
273031	7297	150.245359685426	0.108281166801013	24.3043840791235	1.50763511259097e-06
268127	25235	214.066488364723	0.163054227422018	24.233337408441	2.18733484418341e-06
235685	8793	198.872699721854	0.883444567688318	35.2947188477233	2.31180054550236e-06
257016	12256	184.856363141223	0.259788432700652	21.5474288545585	1.97052241661223e-06
186695	6097	198.832838270135	0.141499697688551	25.3635379608649	2.91784730233782e-06
256251	49693	215.966137231166	0.931130563352212	32.7716829667787	2.30901751489233e-06
275088	37807	215.966137231166	0.931130563352212	32.7716829667787	2.1509046094656e-06
181159	31895	241.646437879855	0.135389791808236	26.03825443316	3.65449707321896e-06
301424	32865	218.619378594924	0.148270099154079	24.932486990091	1.98709194234676e-06
221010	10446	289.813222600662	0.375330144335898	33.9111908837933	3.59263756862997e-06
256710	750	130.834292049112	3.21676461222721	41.8067300415899	1.39632314753242e-06
182867	15530	230.51822709881	0.100697659760777	25.6999765382802	3.45364000378462e-06
203715	45578	138.968032323371	1.60246091786569	34.1112939065143	1.8689558212823e-06
244783	2773	185.986997544713	0.236056793015328	22.0131633253874	2.08165361945364e-06
309951	43516	134.6195372184	1.30384631503205	32.3588933456312	1.18993211802325e-06
162906	9274	274.722071293427	0.251598998832837	31.0985403307575	4.62023012671779e-06
213083	5922	213.901095917479	0.913408554068412	36.6782543224228	2.75024473925144e-06
178330	31216	160.53725613535	2.10112216255572	38.0628073895794	2.46637188919957e-06
346114	32216	166.329696231082	1.05176411984309	35.7806768302798	1.31661186167961e-06
286343	1844	177.992072638162	0.375571576412011	23.834204679584	1.70302579101691e-06
241229	36170	63.2122925612607	1.27188980867519	29.6021937673414	7.17925138277472e-07
492585	11758	187.553316529384	0.365098340470273	27.0698446180584	1.04315946043877e-06
222488	3352	115.145036913538	1.76873248320936	27.6350622462986	1.41790053646776e-06
205178	6485	164.241595723772	0.493393548942265	25.9921446073069	2.19310537477545e-06
204571	47911	227.857753691242	0.224376127387657	27.8120861025162	3.05159489043985e-06
339509	4565	115.145036913538	1.76873248320936	27.6350622462986	9.29182597685594e-07
253326	43356	160.411994008053	0.109322809619463	22.0697909050297	1.73485909496284e-06
338706	35182	207.387818723074	0.374036269426798	26.3836988271204	1.67751916033596e-06
258976	7339	152.994568582965	1.43469947924955	35.1280965766479	1.61854072036468e-06
276459	39769	208.614874153554	0.345755341034158	28.7999775801869	2.06738648559351e-06
155149	6348	137.078089701674	1.01581002711719	31.4400126844129	2.42061766522229e-06
199844	9529	176.472468868749	0.357334525078546	23.648677503254	2.41931814854969e-06
227580	14137	144.367056940322	1.04474920262301	32.0189381170314	1.73796547762608e-06
195975	20565	196.454161716384	3.09785966993902	50.0194501954853	2.74642469725673e-06
186408	575	157.643986957282	0.801660112573064	32.1462750295097	2.31696780250601e-06
155765	2315	188.712264365338	0.446871937504745	23.4376483223494	3.31923026591846e-06
259479	15469	145.551697289367	0.130728588193713	18.8128904834374	1.5368171350881e-06
313649	9984	127.212562757771	1.599950041528	34.6055486391876	1.11120255189518e-06
242742	27470	213.532852925034	0.548190657738883	31.6778327179453	2.41005476952117e-06
179101	6554	191.032827444985	1.02537637795598	35.2556614765983	2.92224839302022e-06
411979	25314	184.198221894439	0.160535338941174	23.6662789470359	1.22494754034669e-06
195203	7757	184.428988815545	0.759639466054731	34.1051428013984	2.58850991462481e-06
249626	27851	251.534170719541	1.09688581558069	29.8616667749807	2.76066881775181e-06
290211	13062	176.846524238814	0.435630423453307	30.1707667481566	1.66951295888791e-06
246471	19117	205.857794371789	0.970551065479921	38.2229439914333	2.28827714896675e-06
198400	44163	238.406889062207	0.141566738395839	28.2662391454598	3.29218527759345e-06
278422	10594	195.323527852933	0.323513163021917	30.4888151322832	1.92202107959046e-06
243748	13028	124.592084257551	0.178098335464825	24.857523545078	1.40041426410918e-06
169487	5392	193.289012951962	0.626797670909095	37.5952176277907	3.12448116725422e-06
282169	22489	142.547454169304	0.131896480981847	23.3979676956332	1.38406759894553e-06
183149	13244	149.430228470803	1.83353065679773	34.9993230482448	2.23532689898049e-06
211888	6386	189.122850641692	3.36960672201898	45.5436868299445	2.4453711219069e-06
305467	20302	168.036837186253	0.717829127351999	26.4460236122436	1.50711826940617e-06
199811	9600	227.400133060713	0.51347193414496	29.8490261482124	3.11801684181569e-06
183695	9970	168.882590220541	3.63549973455052	52.3494370701845	2.51880578133037e-06
265124	11852	169.539786686484	0.315897913462444	25.5857246657878	1.7519823413359e-06
301996	1401	137.349773444103	0.942851186502022	29.9186549582596	1.24604547464843e-06
225811	25457	206.711348703547	0.651787556503416	29.6498845798153	2.50799324302846e-06
234465	22596	132.334376700291	0.936245824491605	28.1979445247856	1.54632860412079e-06
195138	15030	138.070696039053	1.05609509112931	29.7564392084069	1.93850444074988e-06
226937	19583	168.581516434397	0.160749610139318	24.2059965019376	2.03522197047382e-06
164094	6810	207.15264307053	0.800650375089887	34.9344390941393	3.45863643926326e-06
167674	17342	152.16500722609	1.26828498007882	34.9226737789415	2.48631529489611e-06
242811	13209	113.964589945724	1.44493510298352	30.5710103366138	1.28590448239971e-06
240836	4156	208.161097880204	0.170501008187181	26.047687117563	2.36801963889943e-06
314492	25413	238.068806785198	1.86646197601167	43.2985361346531	2.07395833999217e-06
180512	13510	206.711348703547	0.651787556503416	29.6498845798153	3.13736738943394e-06
280677	4279	154.66490951321	0.567654116079745	23.4198328578482	1.50970502790889e-06
172387	2447	121.444320998247	0.66427508143099	29.8071970409726	1.93010010684382e-06
275800	10225	203.541927562592	0.359866962011108	27.2146452997947	2.02193298263177e-06
228969	26061	247.759334180781	0.403176251075269	36.0920457009485	2.96456156241981e-06
294859	7079	145.551697289367	0.130728588193713	18.8128904834374	1.35241513196316e-06
205585	9349	132.334376700291	0.936245824491605	28.1979445247856	1.76355247788108e-06
223118	14190	94.4195561352591	1.02423151469193	23.7429979680614	1.15940316531641e-06
264219	49941	196.16830461578	0.298600518121153	22.3629952141578	2.0340982666131e-06
204366	8582	180.831196195514	0.130694520107771	26.2013096138596	2.42421897371495e-06
255900	18119	196.16830461578	0.298600518121153	22.3629952141578	2.10022434508107e-06
221316	42117	192.576105809257	0.948932523455119	32.9495491964593	2.38394770075562e-06
355239	18126	196.16830461578	0.298600518121153	22.3629952141578	1.51291780999903e-06
284918	6206	141.489684613955	0.842663333135899	33.5609774176828	1.36054223160728e-06
379335	44637	142.741096334025	0.612242948813059	29.5472114811919	1.03093966231839e-06
218491	36149	101.017309522037	1.056078253066	31.2639572463525	1.2666871958807e-06
218868	9902	191.427651518707	1.32006170308008	37.7551190640835	2.39623571846654e-06
344559	15394	141.612892198366	0.544020886528074	31.0174928710184	1.12602058448877e-06
246078	6231	149.12833998041	0.849293429518118	34.0673708409244	1.66033044183908e-06
241901	48597	379.772093197555	0.107734403925938	29.4927582856564	4.30122855305468e-06
208407	8075	141.318468251664	0.632360884570681	21.0526276663669	1.85777774077165e-06
194058	13213	134.76900629123	1.18155322344417	31.9515040813671	1.90267937535452e-06
261230	7247	170.546299571329	0.550088651291978	27.6647496530014	1.78865419673032e-06
314395	32308	161.078563972575	1.16268979948956	32.6817730279817	1.40368369144369e-06
179102	29383	104.121590545481	0.678869797185934	26.5150204679242	1.59274955964453e-06
226394	17076	313.338617361635	0.406026703774056	35.432979481601	3.79189362515942e-06
227097	25667	155.812313842062	0.804204615731268	27.40610992211	1.87973884120921e-06
288366	5615	125.353277410762	0.286693531436287	22.9071785186071	1.1909643881103e-06
225959	20837	216.550176582441	0.141759625820063	23.7630543871915	2.62564516138054e-06
291123	24514	185.986997544713	0.236056793015328	22.0131633253874	1.7503028545691e-06
207116	44697	185.661838576335	1.06990820444949	33.1191642124814	2.45593083799423e-06
259008	17029	184.856363141223	0.259788432700652	21.5474288545585	1.95536736096186e-06
346092	34450	238.604376720383	0.114782080391796	23.8643708131425	1.8888348218154e-06
258978	22219	139.982443021355	0.351011276175417	21.5107678032805	1.48087305687842e-06
299356	40150	198.910520817851	1.63131779260773	38.1955913120544	1.82044231953865e-06
200002	2085	164.047414001768	2.27462519408764	45.0407095743381	2.24720237731551e-06
203136	2014	165.719307781472	0.920022082744779	30.4320761356912	2.23508142707918e-06
391982	1985	184.448116538781	1.07353344480017	33.0586955229446	1.2891849768247e-06
225286	39025	174.767677581521	0.290267254172322	27.1710258152819	2.12536755509826e-06
269981	49813	139.905948856474	1.39926431771649	36.3460547163318	1.41974423929755e-06
183398	28258	137.568529072556	0.489301860435516	23.5307847158479	2.05509372867119e-06
343917	39619	141.318468251664	0.632360884570681	21.0526276663669	1.12577710790975e-06
305657	26076	87.7105149677115	1.00447253311175	26.1258039345416	7.86184450980858e-07
182430	2276	207.387818723074	0.374036269426798	26.3836988271204	3.11454149383737e-06
180462	9030	166.219805893228	0.212352296007273	24.6795901104133	2.52350482913077e-06
215360	8545	203.615100026015	0.148230332587862	25.1669041533959	2.59031198510573e-06
171888	6163	316.922939641178	0.473119041802329	36.3972891568797	5.05144062653697e-06
148105	8839	94.732447604211	0.651400909457528	26.7080013202537	1.75241181823911e-06
320300	16491	174.931150614531	0.343843882372521	31.4013109155184	1.49629543035024e-06
191200	22878	197.633851447362	0.476494835103773	27.6696613208561	2.83191739908526e-06
255964	48032	153.203663883246	1.72525452282643	36.3427861832858	1.63982460593502e-06
315519	21592	274.486702975059	0.358614140230681	35.5668813777382	2.38343289727474e-06
247800	10240	156.256640556179	0.337011032756451	25.4327898270553	1.72760445958604e-06
202139	21495	172.646919238151	0.166249402176176	24.7456580880248	2.33999999102951e-06
281466	4576	186.837392789853	0.580901972953663	28.3523696599305	1.81863268713594e-06
239631	4342	248.056262523504	0.134052447018901	28.1564245145217	2.83605292593417e-06
279711	20296	195.101321838103	1.08707529667538	37.197181065147	1.91098730267834e-06
225695	35405	154.006036743761	0.234447766452356	25.1916143623911	1.86948912135041e-06
235685	31566	184.779194196105	0.536369278016141	29.60087900066	2.14797024698458e-06
211407	5211	195.023573537253	0.965068986924667	32.6814220800308	2.52740524380004e-06
206038	15055	180.758039965281	0.256308030166053	23.137258752312	2.40357364541587e-06
378838	1605	141.318468251664	0.632360884570681	21.0526276663669	1.02200382649311e-06
154410	30031	520.10515215811	3.33434258680093	61.1615827209456	9.22832473512717e-06
155219	44102	225.290187212347	1.49799966130578	35.7165805087546	3.97653244527325e-06
369633	13486	215.210886231442	0.651815702390296	31.3955671999408	1.59514671684485e-06
228023	13158	179.342803984877	0.528868161416183	28.5482176370065	2.15482713543709e-06
214576	43341	185.986997544713	0.236056793015328	22.0131633253874	2.37469902473119e-06
262535	2927	196.16830461578	0.298600518121153	22.3629952141578	2.04714575163786e-06
331847	15383	224.221764619609	0.34489413491674	32.703446291089	1.85117299369072e-06
186578	28206	87.7710379218057	2.25999454864909	35.013431386856	1.28883682452402e-06
318904	8495	142.547454169304	0.131896480981847	23.3979676956332	1.22463490682732e-06
217976	8769	293.121909483527	0.103015259906819	30.4497108723252	3.68423002813339e-06
269575	21758	181.644634038988	0.698869011180731	32.6585715587538	1.84607820314816e-06
365271	31807	87.7710379218057	2.25999454864909	35.013431386856	6.58329287148564e-07
191839	2315	191.301463437543	1.12323485338267	42.317175775937	2.73204926244936e-06
230746	3313	192.551278955302	1.45488023284491	36.6264712173788	2.28622706596202e-06
212424	33070	173.463685842309	1.78555004381607	38.5176889145819	2.23723767046302e-06
228754	924	156.78887297287	0.313670644635272	24.479543254737	1.87781877514734e-06
207371	24860	184.856363141223	0.259788432700652	21.5474288545585	2.44226911876785e-06
178115	4065	139.476668350407	0.337770058107409	23.117025713224	2.14539964907091e-06
266938	9264	162.414209840225	0.914933383034631	35.7162724056535	1.66694302766344e-06
182595	20502	238.726526332658	0.31499548586765	30.7992468850175	3.58194516620784e-06
243612	42836	179.342803984877	0.528868161416183	28.5482176370065	2.01693737543213e-06
169273	38306	134.6195372184	1.30384631503205	32.3588933456312	2.17885102711847e-06
184442	42240	241.408797818636	2.81848024366428	47.3818813121241	3.58591842761627e-06
258411	49352	168.581516434397	0.160749610139318	24.2059965019376	1.78733555581386e-06
174846	6652	267.603908398592	2.09578438303638	48.4412340781131	4.19318367519334e-06
303699	2427	171.65877735573	1.70841224204084	36.1420301648172	1.5485662453702e-06
227267	18417	237.273927253771	0.469378483762247	30.9665482656945	2.86036051921273e-06
270853	12916	189.422831859108	0.225939884278117	23.9745912160534	1.91604546609302e-06
225448	38506	198.018068187847	1.23965866445204	38.1337688744295	2.40638752754147e-06
261411	24861	160.036487407868	0.278440892242136	25.7369335097934	1.67726732954837e-06
231018	27262	196.609630865876	1.10136049325268	34.3770199368174	2.33166473140711e-06
197065	32854	227.857753691242	0.224376127387657	27.8120861025162	3.16782695218415e-06
210547	42420	196.245381388595	0.886091294392399	32.7175846673023	2.55362735705964e-06
200076	32869	202.362456386436	1.08684947557443	34.9134177577617	2.77103545017874e-06
180741	5313	241.391894118866	0.240460811021818	28.0825006197406	3.65909038414184e-06
261333	22075	94.4195561352591	1.02423151469193	23.7429979680614	9.8986241859645e-07
197276	4541	121.035252135981	1.7041991219096	28.8741044258681	1.68091116258205e-06
330112	3486	129.844048283522	0.499536804325492	26.2327317743287	1.07762552886594e-06
202612	29743	103.782741754602	0.548440408721308	27.2494800628133	1.40335359593574e-06
199248	14509	194.471399688461	0.697527503846799	33.5407062644884	2.67404619022952e-06
220258	7581	237.889193031483	0.79156415090076	41.1060394998665	2.95903537571795e-06
242804	12479	278.308210425197	0.396006142168713	30.3328451187903	3.14034467199991e-06
277017	6786	168.581516434397	0.160749610139318	24.2059965019376	1.66728817478139e-06
227690	43085	176.472468868749	0.357334525078546	23.648677503254	2.1234407135964e-06
225633	9971	180.221981084012	0.477875907120852	28.4040353332303	2.18832729381325e-06
193646	16510	302.636872756365	0.294706736049669	32.7856594075304	4.2817415135904e-06
236415	21605	161.209341315686	0.41188689123489	29.5727562573252	1.86819545402006e-06
142527	656	180.758039965281	0.256308030166053	23.137258752312	3.47462239964494e-06
197128	9148	241.391894118866	0.240460811021818	28.0825006197406	3.35491485288838e-06
174356	26410	161.668646771462	2.12259247027436	37.9431997120049	2.54036453792166e-06
189025	7634	185.986997544713	0.236056793015328	22.0131633253874	2.69569325713911e-06
198254	16285	141.318468251664	0.632360884570681	21.0526276663669	1.95291840578751e-06
209851	48402	160.036487407868	0.278440892242136	25.7369335097934	2.08936878968682e-06
215360	8545	203.615100026015	0.148230332587862	25.1669041533959	2.59031198510573e-06
279255	18915	204.486084786846	0.348899267256869	30.2227889445903	2.00618018918582e-06
194725	12776	87.7710379218057	2.25999454864909	35.013431386856	1.23491383769954e-06
275330	46640	192.020115704452	0.367953712628216	19.3425180289088	1.91073442334406e-06
169487	25711	153.876210455564	0.721500537039603	32.0557368089168	2.48738049987531e-06
271027	6501	199.790503227267	0.669296017502508	33.2483626977505	2.01961886350268e-06
201411	22600	221.64502413817	0.559621577685654	34.9127206237504	3.01496264590533e-06
274533	25429	148.300408082042	1.27611284353122	39.4423678930093	1.47997686214774e-06
223308	6711	222.27663011367	0.118813946518474	23.1332616549989	2.72707233419571e-06
249114	20021	125.034402458168	1.18710650697423	35.6831193631055	1.37511342893096e-06
266174	32554	182.864169278166	0.414335821114012	26.3139056582556	1.88221886453887e-06
326495	2239	141.318468251664	0.632360884570681	21.0526276663669	1.18584935640974e-06
226954	10866	132.203269321957	0.388483570753738	23.8388622448674	1.59592136674558e-06
154499	32799	182.051389365786	0.372930394996576	29.4195834325833	3.22831170278951e-06
317834	47782	195.036619548627	0.362814246856255	26.5243704435335	1.68121378730076e-06
188429	9705	162.518431002156	3.8753461914999	49.1725864298232	2.36299070391698e-06
211407	7477	175.973239047269	1.25165894736649	37.1339288733513	2.2805227033315e-06
284034	4438	121.035252135981	1.7041991219096	28.8741044258681	1.16747794457543e-06
214992	23125	125.185872210125	0.864783830844661	29.2185540001824	1.59529188228635e-06
305657	35729	152.16500722609	1.26828498007882	34.9226737789415	1.36391586240921e-06
204946	8800	176.826455944153	0.551810185028693	29.1929989126378	2.36382287862467e-06
143533	40479	199.568546041746	0.799531432434378	33.2065084545206	3.80932008555802e-06
172867	40135	115.145036913538	1.76873248320936	27.6350622462986	1.82490501112207e-06
213516	1765	149.593641473542	3.98152641842311	50.734436827228	1.91950763913804e-06
345937	4146	183.578040451145	0.434690983151236	23.643118628231	1.45388766013057e-06
180215	41521	156.610153214663	0.504950985529186	23.9619209917783	2.38087236310454e-06
195704	26679	197.633851447362	0.476494835103773	27.6696613208561	2.76674266599099e-06
219826	34652	244.481485453959	0.713666842362357	36.3640589366562	3.04701122212548e-06
169653	9555	128.288130253971	0.398801542952105	22.323235593174	2.0717248116033e-06
233752	38285	173.298201325379	0.60149955251984	25.3595000313772	2.03116804421896e-06
315779	15407	182.864169278166	0.414335821114012	26.3139056582556	1.58654541324714e-06
426534	3197	108.949494275039	0.753606561802162	26.2598058217816	6.9980767098776e-07
242037	7592	177.342467396791	0.366970328675938	22.873733794861	2.00741941806351e-06
270307	2326	193.588533569645	1.14451204490176	33.0211356081956	1.96213765839e-06
203046	7076	131.862160672608	1.40203243166375	34.5109609305192	1.77923324578462e-06
331342	3761	165.56863490376	0.742971005824864	27.4051426087645	1.36901660026941e-06
240611	4981	177.868243913557	1.18479716340435	37.9547142637606	2.02530332070195e-06
208553	14183	177.046368639951	0.369054142981128	24.2028077299627	2.32582865851387e-06
224938	46424	302.636872756365	0.294706736049669	32.7856594075304	3.68609179925458e-06
214742	18408	191.367663736276	0.441612114035893	29.7819924286723	2.44151106509431e-06
310337	36621	244.354164398449	0.187010348335796	27.9400171834124	2.1572144607486e-06
193109	2159	214.05891171511	0.509562026231911	27.8695306335573	3.03695204170815e-06
304632	31774	197.791659617387	1.12646424287267	35.5127551904228	1.77885106573129e-06
250989	16257	177.342467396791	0.366970328675938	22.873733794861	1.93582098693504e-06
213370	720	159.858165942661	1.65202681829127	36.7993273328838	2.05262022742231e-06
207870	7824	189.512028161693	0.367746168693413	29.8130929921058	2.4977680091376e-06
264442	24587	140.619087337201	0.300493556331096	23.924977190671	1.45687059365221e-06
167707	34125	215.083187450833	1.11296907066362	35.145208100898	3.51368163949394e-06
192768	7011	198.709586378047	1.51382981699247	40.8206538527508	2.82417115752241e-06
366782	13584	142.547454169304	0.131896480981847	23.3979676956332	1.06477681654732e-06
301392	16198	141.612892198366	0.544020886528074	31.0174928710184	1.28729537137968e-06
270278	27595	192.463087367652	0.642804898643904	30.8184603405956	1.95093988328458e-06
193108	1478	184.951106497639	3.93732582948414	52.5791215443917	2.62399983567488e-06
228795	45398	152.48439677007	0.917489906597101	30.403550662037	1.82593793834188e-06
128466	19729	182.932030755634	0.352388685300825	27.6153835104771	3.90129408486173e-06
302055	32167	165.391465503102	0.208737102290467	23.379296931845	1.50014832645785e-06
266694	9556	151.902996786042	1.73412083598812	30.6995147618697	1.56048727730793e-06
299970	3726	182.756708023348	0.666055294035232	27.5513695160217	1.66917794997169e-06
177187	12379	145.551697289367	0.130728588193713	18.8128904834374	2.25057015128382e-06
207662	6735	298.375493846337	0.374089644258842	33.9224905772085	3.93652717602797e-06
354419	41737	141.318468251664	0.632360884570681	21.0526276663669	1.09241853744014e-06
237294	23139	110.828854298461	0.788182047015398	28.0802728567606	1.27959702608626e-06
241229	16720	172.328988222902	1.55140129995539	38.1680305775453	1.95720338064379e-06
411890	18652	154.66490951321	0.567654116079745	23.4198328578482	1.02876855014296e-06
217215	46895	177.992072638162	0.375571576412011	23.834204679584	2.24500846662135e-06
216134	22737	155.742418904296	0.261013823045788	24.3492686226984	1.97419914794483e-06
321039	29513	156.353860177791	0.37385831016219	22.7358364949841	1.33431371332806e-06
252101	21750	131.917593210047	1.14254110360936	31.5703514342829	1.43362407760846e-06
158004	36183	183.578040451145	0.434690983151236	23.643118628231	3.18316963800023e-06
185279	34298	211.602907765423	0.407003849692209	29.8676047359516	3.12897842646966e-06
238001	1106	197.791659617387	1.12646424287267	35.5127551904228	2.27686000418425e-06
161502	1243	177.046368639951	0.369054142981128	24.2028077299627	3.00342128406486e-06
204426	15070	137.349773444103	0.942851186502022	29.9186549582596	1.84076755971318e-06
188993	11819	166.361772967558	0.900593476708723	32.1595331577607	2.41165376158468e-06
246935	12179	156.78887297287	0.313670644635272	24.479543254737	1.7395612452267e-06
242287	26176	252.316963733069	1.93904263352191	42.9760808060809	2.85314256519475e-06
197196	41068	161.668646771462	2.12259247027436	37.9431997120049	2.24612973576476e-06
348474	12421	110.338975715947	0.197287536148795	22.3232979459205	8.67492448806322e-07
303320	14134	179.287520358371	1.20858392616083	34.5718226591635	1.61940750993454e-06
268790	39100	290.571956814201	0.619115984544354	36.0219594911248	2.96174542548316e-06
180198	8264	148.300408082042	1.27611284353122	39.4423678930093	2.25475581247298e-06
284928	49270	187.211749361471	0.42132807228298	30.4524403254299	1.80013513013882e-06
361358	13864	209.640133376238	0.509888390422194	28.8710580551158	1.58943908754729e-06
230939	19644	185.986997544713	0.236056793015328	22.0131633253874	2.20644160549202e-06
196749	29456	188.75599199708	0.777813689972224	29.4168401519622	2.62842354523575e-06
226394	47071	176.472468868749	0.357334525078546	23.648677503254	2.13559642074774e-06
194354	5157	172.620798397195	0.251490731308085	26.5324706212771	2.43336228860168e-06
198886	32043	120.920780634065	0.898917747238709	30.810584611356	1.66572715000725e-06
263850	23130	165.391465503102	0.208737102290467	23.379296931845	1.71736707503591e-06
321441	35798	160.89772060515	0.652591024442325	26.8163945902899	1.37137351144011e-06
197758	35035	194.715575645591	0.343721264618172	27.7523178064751	2.69757648507704e-06
275544	22698	128.288130253971	0.398801542952105	22.323235593174	1.27556517094524e-06
230341	12948	184.00957753905	0.924895772771313	30.9634882180128	2.18864999663156e-06
230693	15919	146.351362486113	2.68231813725228	44.7690034735846	1.73807890550756e-06
231993	16933	231.313787835709	0.124529159882078	27.6736737842869	2.73170485760062e-06
289663	23192	185.986997544713	0.236056793015328	22.0131633253874	1.75912497602635e-06
207847	44269	139.133430005794	1.175863857735	33.3280744623252	1.8339811470357e-06
148540	13922	182.756708023348	0.666055294035232	27.5513695160217	3.37083149086447e-06
220087	6183	293.121909483527	0.103015259906819	30.4497108723252	3.64889214089157e-06
208640	33459	227.400133060713	0.51347193414496	29.8490261482124	2.98607200527241e-06
235557	11456	143.59167232095	0.960227127069752	32.7939566453789	1.67009191819902e-06
262581	11979	141.318468251664	0.632360884570681	21.0526276663669	1.47449314924156e-06
142527	5435	145.458910766161	3.99219829826515	43.131721325113	2.79608469793728e-06
226692	5871	156.353860177791	0.37385831016219	22.7358364949841	1.88964207035593e-06
231993	6161	185.458948636527	0.652594887379454	27.9216269986018	2.1901812063003e-06
276914	49919	198.832838270135	0.141499697688551	25.3635379608649	1.96720823833377e-06
217983	1699	198.872699721854	0.883444567688318	35.2947188477233	2.49953763168102e-06
256277	15435	184.525899329643	0.447347758132229	26.4605157285038	1.97267179310789e-06
185422	3003	152.512574766579	1.64545559961214	34.6116929832108	2.25346868544923e-06
243940	8877	173.043758487576	0.187097733516908	25.5690068782438	1.94347990902295e-06
243238	16081	166.819783158641	1.78689247484845	33.8464891109073	1.87898478775724e-06
174476	3107	156.005411047361	0.346943776193126	24.786963901311	2.44968984308021e-06
247267	666	171.325868779811	0.403130283288024	24.7331647753203	1.89829593865132e-06
203033	29138	101.017309522037	1.056078253066	31.2639572463525	1.36312694052282e-06
203304	5777	190.786233225262	0.994050617231418	34.6284622299855	2.57103652085711e-06
243056	24841	229.586232119584	0.375866976861744	28.0604619742129	2.58789487060633e-06
221633	29843	189.595730883143	0.699103931005631	37.4779406015746	2.3436959233686e-06
235228	20007	107.609416054617	3.90000047389319	44.1489987829256	1.25333853945047e-06
250786	7335	222.523187696397	0.418549435759878	29.9910958259965	2.43096731488689e-06
246122	25818	196.16830461578	0.298600518121153	22.3629952141578	2.18366261409482e-06
246577	12144	156.411833369059	0.136011593672692	25.1305499478583	1.7378975771225e-06
179167	29767	222.523187696397	0.418549435759878	29.9910958259965	3.40270568258231e-06
245665	48337	164.273553288402	0.304017637761802	23.9735985970816	1.83202543934735e-06
452109	9783	226.560369681692	0.189844848214933	23.7243010196658	1.37292852297494e-06
236614	40997	233.888772550977	0.391101971768259	32.0986166517012	2.70817093525282e-06
235939	8884	242.092555778348	2.06705374676768	40.8529617467956	2.81118117863118e-06
355609	1191	164.92684324848	0.136533388069249	23.3546606150446	1.2706494072544e-06
234141	44608	218.827805372223	0.309772695707657	25.7194062025882	2.56054357800001e-06
210963	3114	141.612892198366	0.544020886528074	31.0174928710184	1.83909276304786e-06
272213	19451	147.392988929794	1.6075552549386	34.6257656748269	1.48345746906589e-06
178797	38141	185.986997544713	0.236056793015328	22.0131633253874	2.84989914780852e-06
172699	37973	110.509188760865	1.3556184305514	30.0341387436003	1.75313638593564e-06
290624	19817	168.036837186253	0.717829127351999	26.4460236122436	1.58409111567074e-06
178330	31092	221.736636009652	0.466184863126052	33.5941829257862	3.40659245725989e-06
307205	7345	226.285240960189	0.287496168947571	30.2131719576846	2.01806469385098e-06
271586	41544	195.362124787996	0.623174817792062	30.7241389402155	1.97078898783186e-06
227367	46937	180.758039965281	0.256308030166053	23.137258752312	2.1780975548527e-06
239846	5133	180.623587385378	0.728370780737582	28.9704101243826	2.06323700842033e-06
206134	12714	329.250125773121	0.302245321161666	29.7558155881017	4.37606187773216e-06
185247	7111	172.646919238151	0.166249402176176	24.7456580880248	2.55337607727367e-06
220887	7781	200.961402166194	0.56274910845374	26.7672412598799	2.49258301311064e-06
271902	12890	229.586232119584	0.375866976861744	28.0604619742129	2.31334589547003e-06
231219	10156	206.711348703547	0.651787556503416	29.6498845798153	2.44933358504923e-06
411979	49963	266.386552933797	0.271698613865134	30.6042257389626	1.77151304416332e-06
188563	11729	217.880030465647	0.218639657989328	30.9576446497721	3.16568780893834e-06
391486	5185	243.922490920592	1.15672571900194	38.4574058041331	1.70703625938787e-06
172401	30672	190.630521155233	1.71972790041797	45.7374514774165	3.02942210558695e-06
262535	12723	157.736185509646	1.02705742567601	35.5176728459778	1.64608121927796e-06
204946	35911	160.036487407868	0.278440892242136	25.7369335097934	2.13937393208245e-06
212803	4555	188.090556470957	0.660558779513029	30.5301276748621	2.42156639272527e-06
272310	11504	180.179499646418	0.263765825987712	23.7442261846621	1.81279594867874e-06
261378	11248	156.390294851616	0.585849385977945	28.8993961600528	1.63926023321513e-06
224935	6918	220.900980977267	1.21729430832917	37.0326946597343	2.69059135777449e-06
217147	24618	176.555896973299	0.107421694936639	23.1962601684919	2.22759138384696e-06
203774	43040	138.070696039053	1.05609509112931	29.7564392084069	1.85635007193778e-06
281995	36887	329.250125773121	0.302245321161666	29.7558155881017	3.19883380593429e-06
231892	42666	241.646437879855	0.135389791808236	26.03825443316	2.85497143190483e-06
183345	20178	185.986997544713	0.236056793015328	22.0131633253874	2.77920542109532e-06
211407	7477	175.973239047269	1.25165894736649	37.1339288733513	2.2805227033315e-06
284034	4438	121.035252135981	1.7041991219096	28.8741044258681	1.16747794457543e-06
214992	23125	125.185872210125	0.864783830844661	29.2185540001824	1.59529188228635e-06
305657	35729	152.16500722609	1.26828498007882	34.9226737789415	1.36391586240921e-06
216858	39074	138.109986685329	0.741271420414646	24.606760338149	1.74484466870157e-06
337564	3850	185.986997544713	0.236056793015328	22.0131633253874	1.50950165873944e-06
316303	11431	190.290858868545	0.214626077607254	26.3978944624743	1.64824493861244e-06
205481	3519	194.617594078005	0.455709399216099	32.20279836605	2.59488170626455e-06
225959	46188	229.586232119584	0.375866976861744	28.0604619742129	2.78370578587307e-06
225636	6083	140.619087337201	0.300493556331096	23.924977190671	1.70743043453429e-06
145181	16813	232.823689407587	0.274601199726181	32.2856029610483	4.39364050161262e-06
154420	21423	293.121909483527	0.103015259906819	30.4497108723252	5.20058104269138e-06
261052	20051	135.098260261938	0.67508198402663	28.0775557902738	1.41784862746013e-06
162396	30045	104.121590545481	0.678869797185934	26.5150204679242	1.75659887947643e-06
190320	25869	139.982443021355	0.351011276175417	21.5107678032805	2.01509847900515e-06
270707	29290	293.121909483527	0.103015259906819	30.4497108723252	2.96657908592095e-06
264543	9233	188.712264365338	0.446871937504745	23.4376483223494	1.95438889848073e-06
274618	36497	140.595026091345	2.39402454349846	43.2240254250324	1.40264604761907e-06
236022	19929	203.541927562592	0.359866962011108	27.2146452997947	2.3626997339648e-06
331342	14839	198.945567164346	0.332187584601528	28.4468529120204	1.64499625280064e-06
287916	7305	298.680701096815	0.650785832540563	39.309075936437	2.84215983368832e-06
255575	3553	149.593641473542	3.98152641842311	50.734436827228	1.60362161040085e-06
177281	11876	214.232459258844	0.437779581664482	29.5926340064837	3.31077918414708e-06
245826	30475	238.604376720383	0.114782080391796	23.8643708131425	2.65924117526923e-06
182849	1916	368.552113300722	3.09543775402584	57.2199289894432	5.52221678686923e-06
328190	39227	298.21514221424	0.647216661433772	39.7651287390837	2.48949628839492e-06
200752	7927	209.085784803437	0.1594278546968	27.7573638095581	2.85345982398561e-06
266680	32621	149.593641473542	3.98152641842311	50.734436827228	1.53684413183665e-06
202188	25176	142.741096334025	0.612242948813059	29.5472114811919	1.93419736485621e-06
205626	40019	188.070126951356	0.774418825715326	32.6394478385712	2.50581454575072e-06
275862	21201	317.506367778167	0.242608499809347	34.8335113408031	3.15331745461938e-06
186248	22756	280.841475581684	0.607888864255619	36.0608340287161	4.13120516850539e-06
218703	4649	143.663084835577	0.587942132315509	29.5355588787386	1.79968949991637e-06
229994	21543	115.145036913538	1.76873248320936	27.6350622462986	1.37162645354939e-06
308053	49708	184.856363141223	0.259788432700652	21.5474288545585	1.64405407325366e-06
204955	43305	257.33381901334	1.80124177581593	49.376393318491	3.43989735151806e-06
230313	13956	267.543939001327	0.563288824325758	35.3355213134512	3.18261276243339e-06
183029	24456	172.646919238151	0.166249402176176	24.7456580880248	2.58431864997741e-06
195035	1283	184.44465997672	0.837895042074551	26.9084691893673	2.59095975364759e-06
137502	43853	213.411136181587	1.24397406595012	37.0897674111207	4.25221483566141e-06
198096	6532	194.244999590082	1.07161635092306	33.7822122913578	2.68646555745052e-06
195949	34894	139.476668350407	0.337770058107409	23.117025713224	1.9501393653158e-06
278288	10780	160.89772060515	0.652591024442325	26.8163945902899	1.58402688183041e-06
273148	2367	185.020446959097	3.23940725266379	50.5322397573844	1.85579002641247e-06
255776	1159	160.091344859749	0.702623325683512	29.6286852745104	1.71480680076819e-06
180462	1353	188.06194956118	0.242018559066417	26.5370302607832	2.85510643778655e-06
178205	12510	206.711348703547	0.651787556503416	29.6498845798153	3.17798300946381e-06
248554	956	162.518431002156	3.8753461914999	49.1725864298232	1.79138527381725e-06
257830	8797	136.12617510113	2.00183782497016	38.4080842861641	1.44648964408565e-06
233870	30898	195.036619548627	0.362814246856255	26.5243704435335	2.28480310802134e-06
220954	41050	178.49486556376	1.80429557876834	38.9633757213579	2.21325266318694e-06
228516	32870	293.852743260674	2.09618903807969	45.5783837375338	3.52306188158971e-06
311107	22698	184.198221894439	0.160535338941174	23.6662789470359	1.6221192796192e-06
307337	10117	122.242209876359	0.664045351579251	27.1477913213923	1.08971638313909e-06
333734	43579	195.537876733643	1.18706749243892	33.3626486433493	1.60523114285377e-06
231085	29044	156.610153214663	0.504950985529186	23.9619209917783	1.85675795883283e-06
294499	2481	113.964589945724	1.44493510298352	30.5710103366138	1.06021328858827e-06
221316	20620	141.318468251664	0.632360884570681	21.0526276663669	1.74941660621463e-06
221040	20417	161.668646771462	2.12259247027436	37.9431997120049	2.00383550205333e-06
187653	5325	192.340726075885	3.87982977175851	54.2304336126868	2.80816663393918e-06
325475	14170	141.318468251664	0.632360884570681	21.0526276663669	1.18956566747368e-06
183398	38547	192.231438746351	0.676703967035919	31.457334295753	2.87168603811056e-06
230099	37024	140.619087337201	0.300493556331096	23.924977190671	1.67431311533982e-06
135603	3239	153.871655533264	0.493287975178645	26.515406784689	3.10882635003052e-06
190625	3327	229.92697350329	0.876292195011673	36.4467788960247	3.30458708830239e-06
243725	16858	173.346597218208	0.778607291643354	31.599672418345	1.94859856050661e-06
223270	20391	203.615100026015	0.148230332587862	25.1669041533959	2.49854252300967e-06
203592	12981	150.24403195502	1.30197175922522	31.1063373665179	2.02182543915416e-06
180014	13467	235.732351552635	0.100440844379364	27.3368273217266	3.58773239330449e-06
217229	39791	172.051878637672	0.414653280854762	29.51051960726	2.16994512687636e-06
184026	5180	152.132869295826	3.99702953518879	47.1298419763021	2.26491029328682e-06
185329	17515	268.463348744885	0.985283758136566	39.3173959490419	3.96870443351331e-06
235681	8795	215.015356835282	0.598511188955391	32.6634513527483	2.4994936775206e-06
215979	8977	129.844048283522	0.499536804325492	26.2327317743287	1.64709123843055e-06
175746	5341	153.871655533264	0.493287975178645	26.515406784689	2.39872417888993e-06
183149	31250	224.329107519049	0.557137019062569	30.820137120315	3.35573928644293e-06
276097	10090	207.641476597844	0.237476288013901	24.1246705639076	2.06043802649906e-06
325115	4764	229.964674776807	0.527892236108211	30.413455921004	1.93789952745325e-06
283919	7636	128.288130253971	0.398801542952105	22.323235593174	1.2379387412006e-06
245374	29873	245.047098445481	0.894383461075658	38.1415849646575	2.73607600458591e-06
351908	17446	145.458910766161	3.99219829826515	43.131721325113	1.13244815049077e-06
155153	39333	188.254397478326	0.433631868478265	30.7053360172504	3.32423783325723e-06
155765	2315	188.712264365338	0.446871937504745	23.4376483223494	3.31923026591846e-06
259479	15469	145.551697289367	0.130728588193713	18.8128904834374	1.5368171350881e-06
315779	15407	182.864169278166	0.414335821114012	26.3139056582556	1.58654541324714e-06
426534	3197	108.949494275039	0.753606561802162	26.2598058217816	6.9980767098776e-07
292381	18846	184.198221894439	0.160535338941174	23.6662789470359	1.72601045459346e-06
269972	43282	190.645575108929	3.98697947344688	52.3307703286516	1.93470672563841e-06
215612	15454	197.791659617387	1.12646424287267	35.5127551904228	2.51328756217583e-06
211603	39247	94.4195561352591	1.02423151469193	23.7429979680614	1.222495500721e-06
142069	5253	87.7105149677115	1.00447253311175	26.1258039345416	1.69145120141239e-06
200352	6225	166.329696231082	1.05176411984309	35.7806768302798	2.27448589429292e-06
185247	7111	172.646919238151	0.166249402176176	24.7456580880248	2.55337607727367e-06
220887	7781	200.961402166194	0.56274910845374	26.7672412598799	2.49258301311064e-06
264475	49210	166.027295276057	3.35836928535681	45.7760717310678	1.71989527224193e-06
255433	43660	168.68632985666	0.365615151773301	27.0710168904118	1.80929765681964e-06
273767	43134	180.221981084012	0.477875907120852	28.4040353332303	1.80357330242492e-06
345570	12402	212.705299809576	0.526367302194366	31.8912317601366	1.68635658782195e-06
270256	38586	293.121909483527	0.103015259906819	30.4497108723252	2.97152967783288e-06
342520	34204	293.852743260674	2.09618903807969	45.5783837375338	2.35044963486323e-06
236103	43759	156.610153214663	0.504950985529186	23.9619209917783	1.81729547238656e-06
273031	3089	262.310447715897	0.569956506372371	34.7750997035798	2.63215078458296e-06
181347	19808	206.614163813307	1.52049331338208	38.5895346050381	3.12145335863421e-06
214689	10713	155.812313842062	0.804204615731268	27.40610992211	1.98837877870821e-06
186178	25624	165.647176920027	2.52509394899624	44.1694040100314	2.4376020903258e-06
248937	18408	184.448116538781	1.07353344480017	33.0586955229446	2.0299807002804e-06
164755	3423	293.265913975834	0.465472979682506	31.6616585096896	4.87674581935625e-06
308900	42397	141.612892198366	0.544020886528074	31.0174928710184	1.2560068843343e-06
247240	33671	207.387818723074	0.374036269426798	26.3836988271204	2.29811440187976e-06
321039	22188	184.44465997672	0.837895042074551	26.9084691893673	1.57403877894168e-06
216361	15682	218.244070842946	0.313602360941634	28.3232507585958	2.76357088945582e-06
150489	30840	194.076107729605	0.347270867273267	27.1144729293928	3.53325069369026e-06
193256	6806	194.859552735649	0.947898742296699	35.5585936444367	2.76245906112538e-06
288924	14596	158.894558578336	0.280484995066045	22.7461470277133	1.50671996008939e-06
218212	10316	177.992072638162	0.375571576412011	23.834204679584	2.23475113228033e-06
272937	2081	178.819648362286	0.563132693810385	28.9479943935376	1.79498142365521e-06
255050	11723	194.076107729605	0.347270867273267	27.1144729293928	2.08474951438053e-06
195209	14351	154.186901894828	1.51051835146343	33.9312956858337	2.16398766555337e-06
224634	15321	196.189848760746	1.05300476031349	36.2002962188879	2.39280979264469e-06
305909	34806	202.362456386436	1.08684947557443	34.9134177577617	1.81236148243419e-06
252205	5906	183.284965737543	1.12525802283376	33.7049617309844	1.99104137928178e-06
191573	34287	163.030426661358	0.33432178797966	24.0227942222115	2.33153264385797e-06
171767	3469	196.16830461578	0.298600518121153	22.3629952141578	3.12893285617288e-06
280337	29163	240.353680366466	0.806142935500839	37.5857442913909	2.34897011054812e-06
201995	29044	183.657591891823	1.79429664533988	39.440073201028	2.4910096023918e-06
291979	7565	164.92684324848	0.136533388069249	23.3546606150446	1.54755775266142e-06
195509	6198	213.822868534856	0.579134991413027	34.4648045302354	2.99636373863959e-06
234204	32919	146.351362486113	2.68231813725228	44.7690034735846	1.71202300963372e-06
218868	9902	191.427651518707	1.32006170308008	37.7551190640835	2.39623571846654e-06
209745	30940	310.967429158712	0.393760046590233	35.366924883307	4.06191117470708e-06
262291	38250	143.663084835577	0.587942132315509	29.5355588787386	1.50061379422173e-06
192432	42231	213.532852925034	0.548190657738883	31.6778327179453	3.04014672644418e-06
203375	33469	154.256975116776	0.296954986032922	22.8458181959301	2.07804228462202e-06
232816	4293	183.578040451145	0.434690983151236	23.643118628231	2.16030485655019e-06
228067	12302	212.684860899335	1.47407528884526	40.9424316996074	2.55494327999787e-06
179464	9889	200.924701929826	0.677992623904905	25.6523635489333	3.06734852351547e-06
222205	5003	110.509188760865	1.3556184305514	30.0341387436003	1.36254765065907e-06
296405	46233	202.178399282216	1.00159898162332	34.5147603232849	1.86877219578281e-06
329640	32047	208.133845523491	1.20347152656265	35.1744435152253	1.72985594516136e-06
374277	18204	227.990446799124	0.120035015247298	27.9398059130697	1.66890127123358e-06
234270	35356	184.054713456123	0.786274664718698	32.1300604103126	2.15247145994316e-06
252358	26015	171.034396896291	1.08174090579977	33.778672600708	1.85683587901696e-06
240869	27110	128.559002646489	1.67228607700395	33.6262024724602	1.46227387337856e-06
196687	9739	223.49192982332	0.891168075448292	40.2520212038291	3.11310181684703e-06
266537	49778	137.568529072556	0.489301860435516	23.5307847158479	1.41406288676934e-06
210283	5914	185.458948636527	0.652594887379454	27.9216269986018	2.41629950396953e-06
257065	14565	115.145036913538	1.76873248320936	27.6350622462986	1.22718322042144e-06
228537	38155	120.920780634065	0.898917747238709	30.810584611356	1.44961126625598e-06
214565	17123	189.122850641692	3.36960672201898	45.5436868299445	2.41486167957779e-06
258389	5542	126.840184013036	0.478178306562073	26.7233542960097	1.34489995108295e-06
185122	29007	145.551697289367	0.130728588193713	18.8128904834374	2.15410255612799e-06
200076	23216	123.369078602282	0.52261475282084	23.3681370445035	1.68934542685125e-06
251653	31660	216.550176582441	0.141759625820063	23.7630543871915	2.35756440424071e-06
204380	25761	379.772093197555	0.107734403925938	29.4927582856564	5.09086744403797e-06
223373	20459	109.410245780087	0.531186515858949	26.3065604849309	1.34194418317181e-06
259817	14951	193.884019627243	1.00758425903549	38.0915128860688	2.04447397541023e-06
255050	11723	194.076107729605	0.347270867273267	27.1144729293928	2.08474951438053e-06
221907	2839	274.722071293427	0.251598998832837	31.0985403307575	3.39179570280833e-06
216206	7546	215.966137231166	0.931130563352212	32.7716829667787	2.73668652677851e-06
195580	34058	215.611136220054	0.95000750305317	37.6018493574693	3.02032642242958e-06
223595	16828	292.116443908145	0.309266819724429	31.7392191266458	3.57932433375468e-06
184791	6258	219.203378564601	0.310550177722845	28.6913476957129	3.24992668228892e-06
231521	11113	165.647176920027	2.52509394899624	44.1694040100314	1.9602018044699e-06
238093	20981	183.578040451145	0.434690983151236	23.643118628231	2.11242470581911e-06
205468	16386	216.419545671455	1.07323919730563	36.7340426283322	2.88575477501886e-06
256723	33537	211.569037578505	0.360794273775062	30.6415896536274	2.25784677977906e-06
267576	21376	207.641476597844	0.237476288013901	24.1246705639076	2.12605300102518e-06
180836	11811	227.857753691242	0.224376127387657	27.8120861025162	3.4521213604159e-06
285559	8983	113.964589945724	1.44493510298352	30.5710103366138	1.093405402302e-06
318091	13977	165.477904593524	3.03078766148589	44.4812383292756	1.42526548118003e-06
179258	2731	173.394526479557	0.147971269874358	25.028669069565	2.65011043972523e-06
205696	15202	217.147475508001	0.143667314887345	26.8640311894644	2.89225162585991e-06
204366	8582	180.831196195514	0.130694520107771	26.2013096138596	2.42421897371495e-06
225246	6967	200.989554403157	0.179792008146383	27.5067155939058	2.44468853357355e-06
320767	36658	292.116443908145	0.309266819724429	31.7392191266458	2.49501670809615e-06
348828	31957	244.354164398449	0.187010348335796	27.9400171834124	1.91917926343453e-06
258546	3973	173.848200639008	0.238129505587833	26.6616927936743	1.84221159912306e-06
264327	21413	87.7105149677115	1.00447253311175	26.1258039345416	9.09111746940177e-07
148550	5512	235.287476186194	1.40395839919143	41.4625401676232	4.33943603115401e-06
221016	44588	244.622445590757	0.527707937725771	34.9274585679309	3.03235277568396e-06
234806	10594	193.174891198772	0.357532207590626	29.273260665107	2.25397254438519e-06
248020	15177	161.513597945867	1.81870971036293	42.1402301790204	1.78414244041153e-06
238494	46448	231.411921166719	0.270087894572687	27.7533572734991	2.65836986871981e-06
195035	1283	184.44465997672	0.837895042074551	26.9084691893673	2.59095975364759e-06
239931	34832	280.528468611479	1.60205469789377	42.3167705651937	3.20330072762905e-06
182849	4111	156.411833369059	0.136011593672692	25.1305499478583	2.34360357931481e-06
141878	33370	190.645575108929	3.98697947344688	52.3307703286516	3.68144916149123e-06
437073	48830	195.036619548627	0.362814246856255	26.5243704435335	1.22255756560792e-06
195948	21387	155.971771237392	0.729467238667775	29.5877166146313	2.18078225446718e-06
205586	27260	176.994867631246	0.396744736525644	26.007819695175	2.35870849943604e-06
422297	12575	186.499039279783	0.812008098177571	33.4484732816219	1.20994530389609e-06
234899	26604	184.44465997672	0.837895042074551	26.9084691893673	2.15125579739657e-06
304981	1215	247.187346174157	0.11463085058664	30.2179721100873	2.22055015216225e-06
201888	19454	227.400133060713	0.51347193414496	29.8490261482124	3.08593905125632e-06
216994	29246	228.450325260901	0.566089104310067	32.3960357026297	2.88437146688231e-06
223513	43632	94.4195561352591	1.02423151469193	23.7429979680614	1.15735422744568e-06
236448	35366	248.078759628179	0.271496986345966	31.7232499559261	2.87449178930569e-06
235985	21340	156.78887297287	0.313670644635272	24.479543254737	1.82027906896648e-06
137502	10771	263.623603958914	0.252838103227799	31.6882055402496	5.25269777314151e-06
308456	21430	151.646587849798	0.333485356037191	27.550445017376	1.3469347449817e-06
347966	7715	141.347279458054	2.12068409601094	35.5422360346327	1.1129041930333e-06
220833	9900	166.122507102868	0.913082802558144	32.2763146069353	2.06096985706943e-06
292557	37653	194.962649642044	0.571741029628302	28.2799541457168	1.82577838026313e-06
250572	23664	280.157198914487	0.170531223430425	30.9939505979206	3.06320726030335e-06
260499	47667	152.132869295826	3.99702953518879	47.1298419763021	1.60001528463603e-06
228184	27360	227.857753691242	0.224376127387657	27.8120861025162	2.73580890129093e-06
210179	46246	251.534170719541	1.09688581558069	29.8616667749807	3.27879909172711e-06
357814	33388	192.020115704452	0.367953712628216	19.3425180289088	1.47026809677464e-06
181967	26859	160.411994008053	0.109322809619463	22.0697909050297	2.41519019981951e-06
208436	1431	176.472468868749	0.357334525078546	23.648677503254	2.31959074285999e-06
247771	13226	143.824942801831	1.09330224855947	35.0693169980788	1.59034325721371e-06
299539	48865	229.586232119584	0.375866976861744	28.0604619742129	2.09990477256749e-06
201550	30034	251.534170719541	1.09688581558069	29.8616667749807	3.4191749655178e-06
164251	6632	207.641476597844	0.237476288013901	24.1246705639076	3.46348428808538e-06
245925	21817	168.581516434397	0.160749610139318	24.2059965019376	1.87808140007489e-06
282268	24783	158.618294108773	1.97381115146751	37.4761431470343	1.53956760522326e-06
197805	49960	200.818536205586	0.547465891505057	31.8987086688974	2.78146543528355e-06
164683	34527	221.64502413817	0.559621577685654	34.9127206237504	3.68736688956625e-06
192275	7041	206.711348703547	0.651787556503416	29.6498845798153	2.94542952646729e-06
195580	6837	164.241595723772	0.493393548942265	25.9921446073069	2.30073102866181e-06
284072	8173	124.472959085912	2.36458875770853	38.6340179170939	1.20047665984267e-06
192192	7370	141.347279458054	2.12068409601094	35.5422360346327	2.01492684624243e-06
163561	1698	274.287665272228	0.825141547367621	36.4953293368742	4.59445133950239e-06
207671	5843	194.28338656008	0.42362233065441	27.9489440672714	2.56310823778734e-06
179201	25565	160.411994008053	0.109322809619463	22.0697909050297	2.45246909945009e-06
250139	21545	149.10281379228	3.75217176269291	50.7622684121807	1.63309543775611e-06
472938	48538	152.994568582965	1.43469947924955	35.1280965766479	8.86296304372168e-07
203659	22677	149.10281379228	3.75217176269291	50.7622684121807	2.00580804042481e-06
224387	44985	177.046368639951	0.369054142981128	24.2028077299627	2.16170519780132e-06
230476	28630	217.604834171393	0.183280202843981	30.673157686209	2.58672325043315e-06
239208	40713	261.795029061133	3.00721141414891	48.9344411107016	2.99842252333537e-06
201196	17446	152.512574766579	1.64545559961214	34.6116929832108	2.07679412410469e-06
177324	15835	177.046368639951	0.369054142981128	24.2028077299627	2.73543651293138e-06
227693	19001	192.340726075885	3.87982977175851	54.2304336126868	2.31434823801605e-06
259479	23930	356.876364571271	0.353102316155653	33.7883253613782	3.76810248451252e-06
232766	895	156.78887297287	0.313670644635272	24.479543254737	1.84545232589835e-06
246550	10352	154.256975116776	0.296954986032922	22.8458181959301	1.71414256595012e-06
189664	15899	218.244070842946	0.313602360941634	28.3232507585958	3.15256960315901e-06
268580	39414	163.030426661358	0.33432178797966	24.0227942222115	1.6630378404267e-06
182430	9810	152.51524894758	1.01250971215195	28.9604630482762	2.29046756079953e-06
156393	5177	240.19703361311	0.295258351264076	32.72096878428	4.2078230144153e-06
188630	44635	115.145036913538	1.76873248320936	27.6350622462986	1.67240552699803e-06
225067	4842	184.077810824365	1.17329476849882	39.8895945772437	2.24076727988475e-06
287057	33388	164.92684324848	0.136533388069249	23.3546606150446	1.57409282847772e-06
238219	19781	200.924701929826	0.677992623904905	25.6523635489333	2.31080911020607e-06
188519	2020	150.24403195502	1.30197175922522	31.1063373665179	2.18348009913205e-06
201357	4214	295.161355036973	1.15990007123713	43.2833753596656	4.01605728470646e-06
216821	541	164.92684324848	0.136533388069249	23.3546606150446	2.08399723764916e-06
261839	23564	229.349968112284	0.759975111421056	33.9133839371222	2.39978031164172e-06
189696	5380	257.951185335513	0.26179333813406	32.5768704016883	3.72551649092063e-06
264726	1307	153.835846413787	1.00439725408855	32.5201839581364	1.59209171885852e-06
186292	5797	233.151687519985	0.19170150933182	30.1218629661317	3.42887373923784e-06
218315	5390	150.253923402967	0.117321783164406	20.0745293101341	1.88559917855238e-06
197611	10142	211.921001147883	0.311476478871357	29.1768438115575	2.93812329575246e-06
200928	16031	160.89772060515	0.652591024442325	26.8163945902899	2.19389867460395e-06
224231	5845	135.027522844165	0.548977034957874	29.5532361992548	1.64980943201938e-06
225866	35294	209.792376852268	0.482142027541944	27.0160758124092	2.54475501054472e-06
163353	12143	166.219805893228	0.212352296007273	24.6795901104133	2.78780756077083e-06
188519	12161	194.28338656008	0.42362233065441	27.9489440672714	2.82349922739636e-06
203729	12542	82.9619556356449	0.665457394163348	26.3639089773328	1.11566359791072e-06
206650	8037	222.349243307818	0.109508966015512	25.5183266835982	2.94786358123646e-06
190394	22627	145.458910766161	3.99219829826515	43.131721325113	2.09312039109902e-06
174039	16087	278.308210425197	0.396006142168713	30.3328451187903	4.38113438792607e-06
199193	2108	218.619378594924	0.148270099154079	24.932486990091	3.00691892601612e-06
