largest_clade_D_1	largest_clade_D_2	largest_clade_D_3	largest_clade_R_1	largest_clade_R_2	largest_clade_R_3	n_singletons_D	n_singletons_R	D_coals_pre	R_coals_pre	D_coals_peri	R_coals_peri	R_max_coals_in_single_clade
41	3	2	137	5	3	14	16	43	104	1	38	37
34	4	2	117	4	4	22	30	36	81	1	43	40
24	2	2	93	5	5	30	26	27	74	0	38	32
40	2	1	135	4	2	20	16	40	86	0	49	48
40	2	2	124	10	6	18	15	40	98	0	40	34
24	2	2	85	5	3	28	52	24	50	3	48	38
38	1	1	116	3	3	24	29	36	73	0	49	33
36	3	1	139	7	1	23	15	37	99	0	41	39
18	2	2	80	8	5	40	42	18	56	0	45	34
28	3	1	77	9	8	31	35	28	62	1	47	34
45	3	2	116	14	3	12	18	44	87	3	46	40
39	1	1	125	4	4	23	21	35	97	3	36	36
22	3	2	87	6	5	35	47	22	55	2	49	38
22	2	1	84	8	5	38	38	22	48	0	57	50
15	3	3	81	7	5	35	37	20	54	1	49	37
21	2	1	100	4	2	39	53	19	54	1	48	45
17	2	1	97	7	2	43	43	17	62	0	44	38
19	2	2	112	8	4	35	25	22	89	0	39	34
40	2	2	95	7	4	18	37	41	52	0	51	42
44	4	1	133	7	2	14	17	45	93	1	46	45
34	2	2	97	8	3	24	41	35	50	0	60	50
32	3	2	99	13	5	25	32	34	76	0	40	31
35	1	1	114	3	2	27	38	33	90	1	26	26
27	2	1	126	3	2	33	26	27	74	0	51	48
19	3	2	93	13	3	36	44	20	79	1	30	30
40	2	1	108	5	4	20	34	40	81	0	36	33
9	4	2	93	19	4	45	37	12	79	1	35	29
26	2	1	81	9	5	34	43	25	39	1	62	48
43	2	1	136	2	1	17	23	42	85	1	46	45
44	2	1	117	6	2	16	32	43	90	1	34	31
36	1	1	119	4	2	26	26	34	70	0	49	37
28	3	2	93	9	8	29	19	29	70	1	54	38
19	3	3	59	20	4	35	56	20	30	2	54	32
29	3	3	105	18	5	22	19	34	96	0	34	29
23	4	2	121	10	6	25	22	27	77	3	55	52
25	3	1	122	3	3	34	23	25	101	1	28	27
48	2	1	97	13	3	12	37	47	71	1	43	41
13	2	1	77	10	5	47	47	13	53	0	43	35
20	3	3	111	3	3	36	37	23	66	0	48	44
15	3	3	80	9	5	35	39	21	64	0	39	33
34	2	2	107	10	3	24	31	34	70	0	47	38
30	2	2	118	8	7	26	20	30	102	2	29	23
28	2	2	137	2	2	30	18	29	99	0	39	38
34	5	3	111	4	3	20	33	37	84	2	35	35
30	4	3	114	17	3	19	19	36	85	1	43	35
21	3	2	67	8	7	34	46	22	47	2	50	36
33	4	1	67	11	6	25	51	34	46	1	44	35
40	2	1	130	2	2	20	25	38	98	2	33	30
33	2	1	64	19	4	27	50	32	58	1	37	29
21	3	2	71	11	5	36	49	22	25	1	59	41
23	2	2	117	7	4	31	29	24	65	1	56	53
49	1	1	99	20	3	13	33	47	74	1	45	35
21	2	1	91	15	4	39	28	20	74	1	41	29
29	3	2	104	16	5	26	21	31	103	1	28	26
33	2	2	96	5	4	25	37	33	77	1	33	31
29	2	2	84	5	4	29	40	30	47	0	51	44
32	1	1	118	6	3	30	30	31	95	0	28	26
23	4	2	100	5	3	31	45	26	75	1	34	30
43	2	2	94	8	5	15	39	43	59	1	49	42
32	4	2	71	18	6	22	36	35	69	1	42	38
36	2	1	130	4	2	24	21	36	99	0	33	30
40	4	1	100	9	3	18	37	42	74	0	39	34
21	5	5	87	10	7	29	35	26	63	2	47	41
16	5	1	73	23	6	41	37	18	46	1	59	39
39	3	2	126	16	3	18	11	40	83	1	59	50
38	2	2	112	5	3	16	33	39	89	2	32	32
28	1	1	95	5	5	34	39	27	66	0	41	30
29	1	1	64	7	7	33	40	26	38	2	59	36
28	2	2	122	5	2	30	28	28	78	1	49	44
38	2	1	112	7	4	22	30	38	88	0	34	30
24	4	4	78	9	6	26	40	31	59	1	43	32
39	2	2	103	21	4	17	25	40	84	1	45	41
36	2	2	86	9	3	20	47	37	65	1	35	29
32	1	1	106	7	3	30	30	30	52	1	59	48
25	7	3	101	22	4	23	16	32	85	2	48	31
11	3	2	97	9	2	44	43	11	62	2	43	35
36	7	2	96	20	4	17	30	41	73	1	46	38
23	3	2	94	4	2	34	51	24	59	1	40	34
25	4	3	91	13	3	30	45	26	76	1	32	28
28	1	1	126	4	3	34	22	26	94	1	36	32
13	3	2	59	18	5	42	58	14	36	2	49	34
44	1	1	101	8	4	18	40	42	70	1	43	35
31	4	2	104	11	5	25	28	34	78	0	43	36
11	2	2	91	9	4	47	41	12	59	0	44	38
37	1	1	129	3	2	25	25	36	77	0	49	46
22	5	2	122	3	2	31	28	27	86	0	39	38
37	1	1	131	6	3	25	17	35	97	0	40	38
41	2	2	122	2	1	17	37	41	86	1	34	34
40	3	3	114	11	6	14	16	42	103	2	33	32
34	4	1	98	8	3	24	44	35	72	1	37	34
32	3	2	98	10	6	23	28	33	56	2	62	52
30	3	2	137	4	4	27	12	32	101	0	42	41
15	2	2	113	4	4	37	30	18	66	1	53	47
34	2	1	115	5	3	26	34	32	73	1	45	43
17	2	1	89	15	3	43	40	17	61	0	46	35
24	2	2	76	6	6	34	54	25	45	0	50	40
29	2	1	121	6	2	31	26	28	92	1	32	31
41	5	3	113	11	3	11	27	45	87	2	36	31
30	3	1	94	5	3	29	47	30	66	0	37	32
33	3	2	95	6	4	24	34	33	58	1	49	38
40	3	1	88	13	3	19	44	41	65	0	41	33
28	1	1	128	3	2	34	26	27	95	0	32	32
16	2	1	87	6	5	44	43	16	47	0	53	40
31	2	2	108	3	2	23	36	34	77	0	34	30
17	2	2	99	12	8	35	29	20	76	1	44	32
43	3	2	114	7	7	14	25	43	76	1	50	38
22	2	2	107	9	4	36	37	22	75	1	40	39
43	2	1	112	7	5	17	24	39	68	4	55	46
33	3	3	122	8	4	23	27	35	77	0	48	28
38	2	2	115	17	5	20	14	38	104	1	32	25
18	3	2	108	6	4	33	28	23	76	0	45	40
16	2	2	88	10	5	40	31	17	78	1	32	25
16	4	2	86	5	5	34	38	20	74	2	35	28
37	1	1	99	4	3	25	36	35	58	1	50	46
22	3	2	97	2	2	29	48	26	55	1	43	41
35	4	3	130	5	5	16	14	40	90	1	48	47
16	4	2	88	8	5	36	40	19	49	2	55	41
19	3	2	72	12	4	32	37	23	52	1	51	32
21	3	2	70	21	3	34	39	22	49	0	55	33
39	2	2	103	21	4	17	25	40	84	1	45	41
33	2	1	103	3	3	27	42	31	67	1	38	33
44	2	1	95	20	4	16	28	44	66	0	54	44
23	4	2	89	7	4	33	45	25	62	1	39	27
28	2	2	93	4	3	30	37	28	42	1	59	53
28	2	1	117	5	4	32	23	28	87	0	41	34
30	2	2	112	9	2	24	30	33	71	0	49	45
30	3	2	128	3	3	23	21	34	90	0	40	38
39	3	1	112	14	4	20	27	37	103	3	24	22
28	3	3	85	5	4	24	39	31	66	1	36	28
35	1	1	63	18	6	27	34	34	55	0	49	33
24	4	3	91	8	4	29	33	28	72	1	37	30
37	1	1	95	6	4	25	39	35	58	1	50	40
28	1	1	91	4	4	34	41	25	47	2	53	40
29	3	2	102	7	2	28	44	31	65	0	44	39
36	1	1	94	6	3	26	52	33	59	1	42	39
23	3	2	77	7	4	26	41	28	56	0	44	33
24	3	2	94	6	4	31	33	27	60	0	49	41
26	2	1	99	4	2	34	50	25	53	0	48	43
28	4	3	127	6	2	22	22	32	75	2	52	50
34	1	1	90	12	4	28	39	32	70	1	38	31
22	2	2	93	10	4	34	42	23	54	0	49	40
26	3	2	102	5	3	31	51	26	74	2	31	30
26	1	1	93	8	6	36	43	25	75	0	35	32
26	2	1	117	5	4	34	28	25	91	0	32	31
26	3	2	101	10	3	29	38	29	77	0	39	37
35	3	2	121	8	4	20	13	38	105	0	32	28
26	2	2	101	6	3	32	45	22	62	5	43	42
13	2	1	91	5	3	47	35	12	51	1	56	46
25	5	3	125	3	3	27	15	30	87	0	45	39
24	4	3	82	6	4	29	41	29	51	0	51	39
32	2	1	73	5	4	28	50	31	41	1	47	34
34	3	3	114	6	5	22	27	37	89	0	37	33
20	3	2	85	9	7	33	39	24	60	0	47	34
23	4	2	103	7	5	33	27	25	79	1	41	30
41	2	1	96	7	7	19	30	40	61	1	57	47
46	4	1	137	18	2	12	4	47	116	1	37	35
40	3	1	144	2	1	19	15	40	102	1	41	41
16	3	2	87	6	5	39	38	18	58	1	49	43
16	4	3	73	19	5	35	36	20	81	2	31	26
29	4	1	94	15	4	29	27	31	56	0	60	43
14	3	2	84	10	4	43	34	15	52	1	52	41
25	3	2	79	6	4	30	55	27	57	1	37	31
28	2	2	103	5	4	30	32	28	73	1	37	32
13	2	2	90	6	2	45	63	14	57	0	38	37
22	4	2	91	15	7	30	33	26	62	0	56	42
31	2	1	122	7	2	29	26	30	103	1	24	23
29	2	2	73	7	6	27	38	31	49	0	52	44
38	2	2	92	19	6	20	30	37	82	0	37	28
44	2	1	95	13	5	16	29	43	65	1	51	41
27	2	1	104	8	5	33	38	27	87	0	29	27
16	2	2	76	5	4	38	60	18	43	1	47	47
15	2	1	94	4	3	45	49	13	65	1	37	29
26	2	1	79	10	6	34	30	26	61	0	45	29
33	1	1	82	6	4	29	56	32	58	0	37	33
44	3	3	117	15	4	12	15	46	92	0	41	36
16	2	2	103	8	4	42	33	17	51	0	60	50
35	4	3	150	4	3	14	4	41	107	1	46	45
27	2	2	98	6	4	29	39	28	56	1	52	45
23	2	1	110	6	3	37	31	21	77	1	42	37
19	4	3	115	10	6	34	20	23	78	0	51	43
31	4	2	80	12	6	25	45	32	61	1	42	31
21	2	1	63	15	5	39	36	20	39	1	60	32
42	3	1	123	5	2	17	29	42	84	1	40	40
43	2	1	111	5	5	17	28	41	68	2	51	43
33	1	1	80	6	4	29	38	32	38	0	56	40
39	4	2	123	3	2	15	27	41	86	1	38	36
31	4	2	130	7	5	19	12	37	87	0	51	48
49	1	1	112	19	3	13	19	46	95	2	34	30
23	2	2	94	10	5	33	35	22	59	2	50	44
18	3	3	60	15	7	34	51	21	49	1	45	35
28	2	2	111	3	3	30	28	27	84	0	37	36
23	5	2	133	6	1	26	22	29	79	1	52	52
35	4	3	114	4	3	20	26	39	73	0	48	43
37	1	1	100	4	3	25	32	35	53	1	55	46
37	2	1	133	2	1	23	26	37	84	0	48	48
26	3	2	104	20	5	27	25	30	71	0	56	48
21	2	2	76	9	6	37	47	22	52	0	46	32
26	5	2	82	8	4	29	46	28	66	2	36	31
37	1	1	76	4	4	25	55	35	48	1	42	34
42	2	1	80	16	4	18	38	40	71	1	36	33
25	2	2	82	7	3	33	47	26	44	0	52	38
23	2	2	76	12	8	33	47	25	48	0	51	33
25	5	3	98	9	3	25	39	31	57	1	52	46
16	2	1	93	8	5	44	39	16	48	0	58	46
37	1	1	91	12	11	25	42	35	72	1	39	33
22	2	1	98	6	2	38	47	22	62	0	40	39
30	2	2	138	4	2	28	17	29	110	2	29	28
28	4	1	84	4	3	30	51	28	51	2	47	40
30	1	1	80	3	3	32	65	29	41	0	45	41
18	3	2	127	3	2	39	23	20	85	0	45	41
36	2	2	75	20	4	22	38	36	58	1	49	37
26	1	1	92	24	5	36	32	25	71	0	49	41
32	2	1	116	6	2	28	31	32	86	0	35	33
30	3	2	84	11	5	27	47	32	70	0	34	27
33	4	3	103	6	4	20	26	37	71	1	46	42
22	3	2	97	9	5	31	26	25	54	1	55	44
23	4	3	79	6	3	28	37	27	56	1	48	36
25	2	2	132	5	3	29	21	27	101	0	32	29
27	2	2	88	5	2	31	56	27	69	1	27	26
26	2	1	93	4	4	34	48	25	47	1	52	47
23	3	3	113	10	5	29	28	28	90	0	35	35
21	2	1	96	7	4	39	34	21	73	0	36	28
39	1	1	135	3	2	23	21	38	89	0	48	47
14	3	2	96	7	6	41	33	17	62	0	46	40
25	3	1	75	11	2	34	57	25	47	1	46	38
13	5	3	91	8	4	35	30	20	61	1	48	36
34	4	3	119	18	3	21	11	38	85	0	50	40
37	1	1	126	2	2	25	29	35	78	1	46	46
37	6	2	106	20	3	15	26	43	83	0	43	39
27	3	3	93	5	5	27	39	31	52	0	48	39
29	3	2	88	7	4	26	40	30	66	1	37	26
22	2	2	88	6	6	36	40	23	72	0	36	31
26	4	2	138	2	2	30	19	29	95	0	43	41
22	3	2	99	6	4	33	38	23	79	2	31	24
34	2	2	96	9	8	22	23	35	81	0	41	31
12	2	1	101	5	4	48	37	11	73	1	36	30
25	3	3	90	10	5	25	33	30	55	1	56	46
37	1	1	104	16	8	25	29	36	67	0	54	49
23	2	2	106	7	3	33	38	23	79	1	36	33
39	1	1	133	5	2	23	15	37	83	0	54	51
16	2	2	95	4	3	42	39	17	60	0	45	36
26	3	2	76	14	5	29	44	29	49	0	47	32
42	3	1	126	8	2	17	23	41	101	2	28	28
15	2	2	91	5	5	41	37	16	58	0	49	37
14	2	1	104	5	3	46	38	14	71	0	40	35
28	2	2	96	6	4	28	35	29	76	1	37	32
33	2	2	109	6	5	25	33	27	88	6	31	31
20	2	1	91	2	2	40	62	17	63	2	30	30
23	4	2	121	10	6	25	22	27	77	3	55	52
37	2	2	97	8	4	19	38	38	58	1	51	45
27	1	1	87	10	5	35	36	26	49	0	62	44
28	2	1	123	2	2	32	28	28	80	0	46	44
28	2	1	95	2	2	32	52	27	66	1	34	32
35	3	2	106	8	4	22	31	36	56	0	59	40
32	2	1	95	9	4	28	39	32	65	0	46	39
20	3	2	85	7	4	33	48	24	55	0	42	34
33	4	2	106	13	6	21	26	36	65	1	58	48
22	4	2	91	6	3	32	46	24	52	2	47	41
20	3	2	127	4	3	33	16	24	102	0	32	29
21	2	2	76	20	9	29	38	26	55	0	49	33
42	1	1	103	5	3	20	38	41	65	0	45	40
28	1	1	121	6	3	34	29	25	105	2	23	22
35	2	1	114	11	4	25	23	35	102	0	28	26
42	2	1	125	2	2	18	32	40	80	1	41	41
36	4	1	115	8	2	22	30	38	84	0	39	34
30	2	2	124	9	3	28	25	29	102	1	28	27
33	2	2	67	12	3	25	39	34	49	0	47	35
36	5	2	110	24	5	19	13	39	93	1	43	32
25	2	2	119	3	3	33	32	26	62	0	56	53
24	4	2	83	8	8	26	37	30	58	0	50	40
12	3	2	103	7	4	43	32	15	66	0	51	47
38	3	2	102	15	7	19	23	39	75	0	50	40
27	2	1	124	4	2	33	25	27	75	0	45	42
37	3	2	92	8	7	18	35	38	57	1	55	41
40	2	1	134	4	2	20	21	39	95	0	39	38
36	2	1	102	4	3	24	39	36	69	0	42	35
31	5	3	80	20	3	21	35	36	56	1	51	34
23	3	2	138	4	2	30	17	26	108	0	32	32
22	3	1	91	9	5	37	34	21	80	2	33	29
20	3	2	122	5	3	37	27	22	87	0	39	36
27	4	2	81	8	6	29	40	30	66	0	36	32
35	4	2	130	13	3	19	11	37	97	2	46	46
33	3	3	104	15	3	23	28	36	71	0	43	34
36	2	1	135	8	2	24	16	35	110	1	30	27
37	3	1	90	12	5	22	42	37	78	1	29	27
31	4	3	93	16	13	21	24	35	69	2	56	46
31	1	1	78	6	5	31	55	29	44	1	46	33
21	2	2	107	7	6	37	29	21	78	0	43	34
38	2	2	100	6	6	20	36	39	68	0	44	42
28	2	1	119	2	2	32	36	28	81	0	38	37
32	2	1	77	8	2	28	52	31	34	1	57	52
42	3	1	102	4	2	17	47	41	70	1	37	37
17	2	2	61	22	4	37	36	20	37	0	59	39
23	1	1	78	13	5	39	59	19	67	3	30	28
29	2	2	93	7	7	21	38	32	65	2	43	40
14	3	2	94	13	4	39	24	18	73	0	45	35
33	1	1	102	5	3	29	41	32	75	0	37	34
23	4	2	103	7	5	33	27	25	79	1	41	30
25	5	2	71	11	6	28	63	28	52	2	37	30
31	3	1	79	10	7	28	36	31	61	1	43	34
46	1	1	119	13	3	16	16	44	82	1	51	47
42	2	2	129	8	6	14	16	43	103	1	37	35
44	3	2	124	12	6	13	15	41	99	5	39	36
25	3	2	81	7	5	30	40	28	51	0	53	41
22	2	2	117	6	2	32	26	24	94	0	32	28
34	2	2	99	7	5	24	32	35	72	0	44	36
31	3	3	71	17	10	23	40	33	57	2	49	31
14	2	2	74	10	8	42	44	15	57	1	47	35
19	3	3	82	6	5	35	41	23	53	0	46	36
30	3	2	91	4	3	27	51	32	60	0	38	32
31	4	2	87	8	3	23	51	33	57	1	39	35
17	1	1	87	5	4	45	32	15	54	0	50	32
39	3	1	125	10	2	20	22	40	89	0	43	42
15	2	2	85	10	6	43	39	16	69	0	38	31
14	3	2	96	13	2	43	38	16	43	0	63	50
34	2	2	122	3	3	24	24	35	78	0	46	41
22	2	1	109	5	3	38	40	22	78	0	35	34
27	2	2	138	6	3	31	10	27	99	1	45	41
36	2	2	131	5	3	16	16	40	96	0	38	37
23	4	2	85	12	3	31	47	26	46	1	57	45
17	2	2	71	11	7	41	49	17	46	1	47	36
38	2	1	84	12	5	22	34	38	58	0	49	34
25	2	1	95	6	2	35	44	25	51	0	51	47
46	3	2	101	15	3	11	29	46	63	2	54	50
32	4	3	118	8	7	21	20	36	77	1	53	50
17	2	2	133	2	1	39	26	18	101	1	28	28
37	2	2	95	14	5	21	38	37	83	1	29	25
29	3	2	108	10	7	26	21	30	74	2	49	38
30	2	2	136	2	1	28	23	29	104	2	31	31
21	3	3	97	7	6	33	39	25	70	0	39	34
14	3	2	95	5	3	43	47	15	62	1	35	31
24	2	1	82	7	6	36	41	23	52	0	49	34
28	4	2	96	7	6	26	40	29	84	3	28	28
34	1	1	93	5	3	28	51	30	47	3	52	47
32	2	1	64	8	4	28	32	31	40	1	56	33
34	2	1	133	2	2	26	24	33	90	0	40	38
30	3	2	63	13	4	27	39	31	56	1	41	26
37	2	1	118	10	2	23	21	36	83	1	47	43
30	3	2	87	9	5	27	47	32	57	0	44	37
23	2	2	103	7	3	33	37	23	79	1	32	26
25	2	1	117	3	2	35	37	25	82	0	36	35
30	4	3	98	8	8	23	27	34	75	1	46	33
42	2	1	103	9	4	18	26	42	68	0	50	36
23	2	1	80	4	4	37	49	22	40	0	55	43
43	1	1	120	3	2	19	34	39	63	3	56	52
37	4	3	113	13	4	16	20	41	94	1	37	32
17	2	2	73	16	7	41	37	17	43	1	55	37
26	3	2	111	14	5	25	20	30	93	0	40	33
34	2	2	107	20	3	24	24	34	97	0	31	27
20	3	3	117	6	5	36	27	23	93	0	35	32
36	2	1	135	8	2	24	16	35	110	1	30	27
18	2	2	99	8	6	40	19	19	81	0	47	38
35	2	1	112	5	3	25	33	35	63	0	48	43
27	2	1	63	7	5	33	49	26	36	1	56	45
38	2	1	84	6	5	22	39	37	44	1	56	49
28	1	1	107	7	4	34	31	27	60	0	58	51
44	2	2	111	10	3	14	30	43	74	1	47	39
13	3	2	59	18	5	42	58	14	36	2	49	34
43	1	1	114	13	3	19	22	42	77	0	51	44
24	4	3	139	3	2	29	13	29	93	0	45	44
20	2	2	122	6	2	38	21	21	72	0	55	52
35	2	1	90	9	5	25	42	35	69	0	34	29
33	1	1	118	3	2	29	36	31	82	1	38	36
36	3	2	95	6	5	19	31	39	66	0	47	37
43	2	1	106	16	6	17	26	42	74	1	49	42
28	2	2	93	15	9	28	31	29	88	1	30	24
25	3	2	94	25	8	32	31	26	90	1	33	24
32	3	2	120	5	2	23	34	35	88	0	33	33
31	5	2	113	5	2	24	37	35	79	0	35	33
16	2	1	68	10	4	44	55	14	36	1	44	32
35	2	1	117	5	3	25	22	34	85	0	39	30
30	4	1	99	3	2	28	43	32	55	0	50	44
40	1	1	127	4	3	22	21	39	84	0	46	44
44	1	1	102	5	2	18	46	42	58	1	48	46
25	5	2	108	9	3	26	27	29	86	2	36	33
37	2	1	118	4	3	23	32	34	75	2	48	48
31	2	1	100	9	8	29	26	31	52	0	59	46
29	3	2	138	4	2	28	15	30	95	0	42	41
18	2	2	85	17	7	36	38	21	61	0	52	44
26	3	2	72	9	5	31	49	27	46	1	50	41
32	2	1	132	3	2	28	24	32	101	0	33	32
28	2	1	68	15	5	32	56	26	48	2	45	34
18	3	1	89	4	4	41	49	18	41	1	54	45
21	3	1	90	5	4	38	43	22	53	0	50	41
39	2	1	79	10	3	21	35	38	33	1	61	43
30	4	3	119	15	4	19	17	34	85	2	50	41
30	2	1	83	6	5	30	34	29	41	1	62	44
35	2	2	68	25	5	23	36	33	70	2	38	29
37	3	1	67	14	5	22	45	35	29	3	61	37
19	3	2	136	2	2	34	19	21	105	2	33	33
35	3	3	145	4	2	21	10	37	94	0	50	47
14	2	2	73	8	3	42	65	15	42	1	45	39
23	2	1	81	12	8	37	39	23	68	0	43	37
25	3	2	97	6	6	30	39	28	65	0	48	38
18	5	4	134	7	3	35	15	20	110	3	29	28
34	4	3	89	11	5	19	32	38	54	0	56	44
44	2	2	128	12	2	12	17	45	85	0	51	44
31	2	1	98	4	3	29	41	30	39	1	57	50
30	1	1	86	6	6	32	42	28	58	1	44	33
25	2	1	81	5	3	35	57	24	56	1	37	29
28	2	1	107	6	4	32	27	28	66	0	54	43
33	4	2	87	3	3	17	39	38	51	1	49	42
31	2	1	88	5	2	29	50	30	42	0	51	44
35	1	1	87	6	3	27	53	32	60	2	37	35
38	2	1	117	5	4	22	30	37	78	1	48	47
19	4	2	92	7	3	33	45	24	66	0	36	32
33	2	2	82	5	5	25	46	34	58	0	41	36
34	2	1	102	3	3	26	47	34	59	0	48	46
29	5	2	110	6	3	26	36	32	68	0	51	46
21	3	3	117	4	3	31	19	26	80	0	45	40
16	4	4	99	8	5	29	29	27	80	0	40	34
22	3	3	86	11	7	24	39	28	67	2	43	38
25	1	1	149	2	1	37	10	23	95	1	53	53
27	4	3	123	7	3	19	10	36	86	0	51	46
33	2	2	98	21	7	23	22	34	93	1	34	29
30	3	2	105	9	2	27	37	31	68	1	45	39
19	2	1	77	9	5	41	35	19	46	0	58	41
19	2	2	83	10	4	37	44	21	49	0	52	41
34	1	1	118	5	5	28	29	33	94	0	29	28
33	3	1	127	11	7	26	12	34	105	0	38	34
13	3	2	99	8	6	42	36	16	70	0	42	36
20	3	3	98	4	4	32	28	24	64	0	50	39
26	1	1	72	10	4	36	37	25	52	0	50	28
35	2	2	68	13	5	23	31	34	41	2	58	37
35	2	1	80	15	4	25	37	32	48	2	52	37
44	2	2	120	5	5	14	21	44	90	1	40	40
32	3	1	91	7	5	27	41	33	57	0	49	38
34	5	2	88	10	7	19	45	38	48	1	53	43
37	2	1	131	2	2	23	22	36	91	1	38	35
40	1	1	127	3	3	22	26	38	86	1	43	43
33	3	3	89	8	6	21	41	36	69	1	39	33
39	2	1	100	21	6	21	22	39	78	0	48	40
19	3	3	97	4	4	35	38	23	58	0	51	44
36	2	1	72	19	3	24	46	34	45	0	50	33
47	2	1	111	5	4	13	34	43	79	4	37	36
31	2	1	132	6	2	29	21	31	92	0	43	40
33	3	2	99	5	4	24	25	32	86	3	34	29
44	4	1	114	11	6	14	22	45	81	1	46	39
23	3	2	90	6	6	32	32	26	70	0	41	30
25	2	2	116	5	5	31	28	26	96	1	29	27
21	4	4	68	8	7	29	47	25	47	2	47	36
22	2	1	93	7	6	38	30	22	65	0	45	33
43	1	1	103	7	5	19	34	41	63	1	46	41
29	2	1	75	6	5	31	46	29	48	0	46	33
20	6	2	73	8	4	34	60	23	44	2	45	40
18	2	2	124	8	3	34	22	21	97	1	33	29
28	3	2	97	12	9	23	19	32	64	0	55	41
14	4	3	107	5	4	36	29	20	67	0	51	44
34	2	1	87	13	3	26	39	33	40	1	65	49
21	4	2	87	8	7	35	35	24	62	0	48	38
34	1	1	67	10	6	28	37	32	46	1	51	38
36	2	1	115	12	3	24	23	35	105	1	26	22
23	3	3	76	16	5	29	40	23	58	5	46	42
39	2	2	117	8	5	19	20	39	78	1	53	46
29	2	2	76	14	10	29	33	29	62	1	55	34
28	2	1	95	6	4	32	37	28	73	0	39	32
17	4	3	98	5	4	36	36	21	60	1	43	36
25	4	2	125	3	3	31	25	27	74	0	51	50
33	4	2	97	7	3	19	35	34	69	2	41	41
33	1	1	107	4	2	29	36	31	80	1	33	31
21	3	2	91	26	4	36	32	23	79	0	43	33
28	4	2	138	2	1	28	21	30	99	1	37	37
18	2	1	90	6	4	42	43	16	75	2	30	28
42	5	1	118	28	1	15	15	42	87	3	54	43
31	4	3	75	7	6	20	53	36	50	1	43	42
26	2	2	109	6	3	30	39	28	90	0	27	26
16	4	3	101	11	4	32	39	23	53	1	59	54
42	2	1	120	7	6	18	19	42	87	0	44	40
27	2	2	96	5	4	29	42	28	75	1	29	26
20	1	1	88	3	2	42	54	19	44	0	47	42
16	3	3	97	5	3	37	38	21	68	0	42	34
17	3	2	71	8	3	34	58	19	36	2	52	38
40	2	2	109	8	4	16	28	40	89	2	35	31
32	2	2	102	4	3	24	44	33	72	0	35	33
16	2	2	110	5	5	38	31	15	62	3	54	46
41	3	2	94	12	6	16	31	42	80	1	39	31
25	4	2	99	5	2	29	47	28	61	1	40	37
15	2	1	96	5	4	45	47	13	69	1	37	36
31	2	2	126	3	1	27	32	30	88	0	36	36
38	4	2	129	11	4	18	14	41	98	0	40	34
41	2	1	90	29	5	19	24	39	66	2	61	46
32	3	3	90	7	6	22	25	34	65	1	47	39
35	2	2	146	3	2	23	8	35	118	1	30	29
21	2	2	75	7	3	37	48	20	21	2	61	45
28	5	3	111	7	5	19	19	36	87	0	42	39
28	2	1	78	7	6	32	38	28	52	0	54	39
31	2	1	78	8	4	29	37	31	57	0	46	37
24	4	3	91	8	4	29	33	28	72	1	37	30
28	4	3	121	7	5	23	19	34	82	0	51	41
27	2	2	99	8	5	31	26	27	77	0	44	35
18	2	2	81	16	3	40	40	19	45	0	56	43
23	2	1	84	14	3	37	45	22	49	1	49	37
45	2	1	112	4	4	15	31	44	79	1	41	40
13	1	1	97	6	4	49	43	12	56	0	52	39
34	3	3	113	5	3	20	30	38	64	0	48	45
21	6	3	89	9	8	24	36	28	68	2	44	36
29	1	1	63	14	9	33	50	26	43	1	52	41
37	3	3	140	7	3	19	9	40	93	0	55	49
21	2	2	109	5	4	35	32	22	72	1	46	41
34	3	2	90	23	11	23	22	36	77	0	50	37
28	2	2	66	6	5	28	40	29	34	1	56	36
28	1	1	76	8	4	34	47	27	32	0	57	41
20	2	2	100	4	4	38	38	21	64	0	47	39
43	4	1	106	9	7	15	24	42	64	3	59	46
39	2	1	79	10	3	21	35	38	33	1	61	43
28	4	2	73	15	5	24	52	32	65	0	32	30
33	2	1	78	14	7	27	37	33	60	0	46	31
31	1	1	103	5	2	31	43	29	44	1	55	51
25	2	2	101	7	6	29	35	28	69	0	47	35
31	3	2	140	2	2	24	13	34	98	0	40	40
24	3	2	111	5	3	29	32	26	65	1	54	49
32	1	1	94	16	3	30	35	31	75	0	38	30
31	4	3	75	7	6	20	53	36	50	1	43	42
30	1	1	76	22	7	32	39	29	48	0	54	34
34	2	1	104	7	4	26	31	33	86	1	31	28
17	4	2	124	8	3	39	18	20	69	0	56	50
27	2	2	112	16	2	29	27	29	100	0	26	23
25	2	1	106	4	3	35	36	24	59	0	55	50
32	3	1	104	4	3	27	40	32	77	0	32	29
28	3	2	129	5	2	29	17	28	110	1	27	26
36	3	2	87	16	4	21	43	38	49	0	59	48
31	3	2	77	14	9	22	36	32	75	3	38	36
39	2	2	128	5	4	19	18	39	98	1	37	33
21	1	1	132	2	2	41	25	20	92	0	37	36
31	2	2	69	28	9	27	37	31	48	1	60	39
22	1	1	68	5	4	40	67	19	41	1	39	38
36	3	2	107	10	4	21	36	38	79	0	38	30
35	4	2	114	16	8	19	14	39	100	0	40	38
34	2	1	99	4	3	26	31	34	59	0	51	40
32	3	2	110	10	2	23	29	35	61	0	58	52
32	2	1	129	7	2	28	21	30	76	2	55	51
39	2	2	83	11	4	19	41	37	75	3	30	24
21	2	2	87	5	4	37	57	19	50	2	46	43
35	2	1	93	8	7	25	39	34	43	1	59	50
40	1	1	139	2	1	22	20	38	86	1	50	50
20	7	4	102	16	3	28	28	29	67	1	52	40
24	2	2	126	7	2	34	24	25	105	0	27	27
33	1	1	80	6	4	29	38	32	38	0	56	40
33	2	1	130	5	3	27	14	32	104	1	33	29
26	2	1	113	4	2	34	36	26	57	0	55	53
19	5	2	107	7	3	36	34	23	61	0	56	46
28	2	2	93	20	3	30	30	28	65	0	52	37
16	4	3	83	10	4	37	37	20	51	0	53	36
46	1	1	101	5	2	16	43	44	65	1	40	38
44	4	1	114	11	6	14	22	45	81	1	46	39
18	2	1	72	13	7	42	46	17	54	1	47	35
24	3	2	110	4	3	31	26	27	73	0	42	35
28	2	2	87	12	7	28	31	30	61	0	51	36
17	2	1	95	7	5	43	38	17	61	0	47	34
28	2	1	122	4	2	32	29	27	94	0	31	29
34	2	1	99	5	4	26	43	32	76	1	31	29
23	3	2	107	5	3	34	38	25	74	0	37	31
38	1	1	123	7	2	24	27	37	78	0	48	44
20	4	2	131	5	3	32	19	25	85	0	49	47
16	5	2	97	6	4	37	36	19	72	1	39	31
38	1	1	89	20	6	24	22	37	71	0	51	34
24	4	2	109	8	4	32	25	26	74	1	49	45
24	2	2	96	11	4	32	39	26	84	0	29	25
27	3	2	128	6	3	30	16	29	98	0	38	34
18	4	3	112	11	4	37	30	22	85	0	37	30
18	2	2	84	14	3	36	46	21	76	0	29	26
28	2	1	98	7	3	32	45	26	59	0	47	41
26	3	2	72	9	5	31	49	27	46	1	50	41
32	2	1	132	3	2	28	24	32	101	0	33	32
28	2	1	68	15	5	32	56	26	48	2	45	34
16	1	1	110	6	3	46	36	15	81	0	35	29
17	4	1	90	16	3	41	36	19	45	0	65	49
23	3	3	111	6	5	33	29	26	73	0	46	40
31	3	2	92	13	8	26	30	32	71	0	46	38
36	2	1	89	18	15	24	15	34	84	2	51	41
37	2	2	129	6	3	19	18	38	89	0	47	41
24	6	3	100	12	5	29	30	30	65	0	49	41
21	3	3	102	6	6	35	25	23	80	1	39	27
29	3	3	94	5	5	21	30	34	65	0	50	39
18	3	3	79	12	4	28	42	24	52	2	49	37
34	2	2	107	4	4	22	40	36	80	0	34	32
26	2	2	67	7	5	30	44	26	29	1	63	45
38	1	1	117	3	2	24	37	37	81	0	34	33
35	6	2	140	11	2	17	6	40	109	0	39	39
30	1	1	94	3	2	32	50	29	59	0	38	30
25	2	2	118	3	3	33	33	25	72	0	46	41
40	4	3	104	6	6	15	24	42	85	2	41	34
16	2	1	68	20	4	44	53	16	50	0	43	31
31	3	2	131	3	2	24	25	33	100	1	32	32
33	3	2	77	21	3	24	45	31	40	4	65	53
20	2	1	72	9	6	40	48	20	55	0	43	32
37	2	1	109	4	2	23	40	35	62	1	51	30
29	3	3	113	11	2	25	25	29	65	0	52	46
30	2	2	120	9	5	26	22	32	95	0	36	34
28	3	1	107	5	4	31	27	28	56	1	63	54
18	4	2	108	5	5	36	25	22	69	0	51	44
37	4	2	122	5	4	19	19	37	74	3	56	53
35	3	2	96	21	2	20	36	36	73	0	43	41
45	1	1	96	15	3	17	41	43	75	1	35	30
29	4	2	92	14	6	25	36	33	71	0	42	34
14	2	1	124	3	3	46	26	13	91	1	35	34
37	2	1	143	2	1	23	16	37	105	0	36	36
32	2	2	92	6	5	26	42	33	64	0	41	31
42	4	2	131	11	5	10	7	45	104	1	39	35
31	3	2	122	7	6	22	13	35	103	0	36	29
28	2	1	82	7	6	32	48	28	51	0	46	40
32	4	2	91	17	8	22	35	35	85	1	33	27
32	3	2	97	14	8	23	27	34	68	0	55	40
18	3	2	87	4	4	39	47	20	54	0	49	39
22	3	1	98	3	3	37	45	21	49	2	56	51
21	5	2	111	5	4	30	22	27	80	0	41	32
24	1	1	86	3	2	38	52	22	47	1	40	35
41	1	1	104	7	5	21	35	39	65	1	46	40
47	2	2	125	5	3	11	19	44	85	2	46	42
37	5	2	137	5	3	18	12	40	99	1	43	40
26	3	3	115	7	3	28	31	29	65	0	56	53
37	4	1	82	13	4	21	44	37	53	1	52	45
25	2	1	113	3	3	35	35	24	71	1	41	35
19	2	1	65	7	7	41	60	15	53	3	36	31
44	2	1	112	4	3	16	34	43	70	1	48	45
38	2	2	130	4	4	18	14	40	95	0	39	38
26	2	1	136	4	3	34	14	25	99	0	40	38
43	1	1	127	7	3	19	16	42	94	0	40	34
17	4	2	92	26	3	39	32	20	66	0	51	39
21	3	2	78	5	4	34	47	21	38	3	57	48
20	3	2	131	3	1	37	27	22	82	0	49	49
22	2	1	62	17	8	38	57	21	44	1	50	36
23	4	2	103	4	3	29	35	28	55	0	53	48
26	3	2	100	13	3	31	34	26	64	1	52	46
21	2	1	51	7	6	39	56	19	36	2	48	36
31	1	1	92	21	2	31	38	29	93	1	22	21
25	3	2	91	8	6	24	43	26	54	4	49	42
30	3	2	87	12	7	27	38	32	47	0	62	44
30	2	1	103	22	5	30	25	28	95	2	34	31
36	3	2	111	10	7	19	23	39	81	0	44	37
32	4	4	107	10	3	18	28	39	70	0	49	41
41	3	3	129	9	6	9	12	46	94	1	42	34
34	2	2	102	5	3	24	40	34	71	1	40	37
13	3	2	59	18	5	42	58	14	36	2	49	34
22	2	1	92	6	5	38	47	22	61	0	42	34
41	3	2	115	13	3	16	30	43	70	0	53	51
20	4	2	102	4	3	30	44	25	80	1	29	29
19	3	3	95	14	6	35	35	22	76	1	41	41
36	2	1	103	8	7	24	29	35	61	1	59	43
30	4	2	128	4	3	26	19	33	86	0	45	42
27	1	1	99	18	9	35	30	25	83	1	41	33
23	2	1	74	21	3	37	43	23	46	0	56	36
23	2	1	110	6	3	37	31	21	77	1	42	37
19	4	3	115	10	6	34	20	23	78	0	51	43
49	2	1	139	14	2	11	6	47	104	2	46	45
29	2	2	103	9	6	25	25	31	76	1	44	36
33	3	1	106	12	7	26	33	34	90	0	33	29
27	3	3	121	3	3	25	22	30	75	0	48	31
26	4	2	111	9	4	30	28	29	90	0	33	28
36	3	1	102	6	5	23	31	35	71	1	47	39
34	2	2	102	5	3	20	39	36	80	1	32	26
25	2	2	145	1	1	33	16	23	103	1	36	36
44	3	2	122	7	3	11	21	44	81	2	47	45
18	4	2	62	18	5	34	37	22	38	1	62	46
32	2	1	105	10	3	28	34	31	54	1	58	52
29	2	2	131	2	2	27	22	30	84	0	49	49
24	1	1	79	23	7	38	29	23	60	0	54	37
32	2	1	95	9	4	28	39	32	65	0	46	39
10	2	2	86	19	3	48	34	11	52	0	57	41
26	2	1	90	7	3	34	50	26	69	0	32	30
13	3	2	91	9	3	42	37	16	66	0	42	31
24	3	2	87	5	3	31	56	27	57	0	39	36
27	3	2	139	4	2	28	14	29	98	1	43	40
28	1	1	113	5	2	34	29	26	90	1	31	28
17	1	1	98	3	3	45	46	16	56	0	46	40
19	3	2	81	5	4	36	49	18	53	4	40	33
26	3	3	122	7	4	26	23	30	82	1	49	47
31	2	1	104	13	3	29	24	31	68	0	51	35
17	2	2	81	5	4	37	47	18	55	1	41	35
30	5	2	124	10	2	21	25	35	98	0	32	32
35	1	1	125	5	2	27	27	33	77	1	49	48
16	2	1	105	3	2	44	45	15	78	1	32	29
37	5	2	91	8	5	18	34	39	59	1	50	37
38	1	1	122	4	2	24	27	37	92	0	35	32
42	1	1	109	16	4	20	28	41	87	0	41	39
33	6	2	87	12	4	21	44	37	52	1	51	43
19	3	1	80	9	4	40	48	20	57	0	41	31
41	3	1	111	6	4	18	29	42	71	0	48	38
23	4	3	117	8	3	28	23	28	88	0	37	34
26	2	2	81	10	5	28	37	28	54	0	52	40
25	2	2	67	15	9	33	41	24	43	1	58	36
39	1	1	135	8	2	23	12	37	89	1	52	49
42	1	1	142	4	2	20	11	39	94	1	48	34
30	3	2	122	4	3	27	15	31	74	1	52	48
37	3	1	112	8	3	22	30	38	87	0	37	34
41	2	1	104	17	3	19	30	41	76	0	46	36
18	3	2	75	11	6	39	40	20	51	0	47	33
32	3	2	82	18	4	23	47	35	63	0	41	34
32	1	1	74	10	7	30	58	30	41	0	46	36
38	1	1	121	5	3	24	26	36	74	1	50	46
20	2	1	76	6	4	40	52	20	36	0	56	42
22	2	2	73	9	7	32	34	24	51	0	50	35
25	2	2	81	13	7	29	33	26	59	0	52	32
45	2	1	112	8	4	15	31	44	78	1	44	43
21	2	1	121	3	3	39	28	21	90	0	33	31
31	2	1	125	3	2	29	27	30	100	1	27	26
34	2	1	59	11	6	26	43	33	39	1	45	31
31	4	1	102	7	4	27	44	32	73	1	39	38
32	3	2	141	4	2	25	14	33	108	1	35	34
27	3	2	58	10	5	30	56	28	32	1	51	34
19	3	1	96	13	8	40	29	20	75	0	42	33
26	2	2	119	3	2	30	31	28	91	0	32	30
39	2	1	108	4	3	21	39	38	76	1	37	34
33	3	3	123	9	6	21	19	35	103	1	31	29
36	4	1	107	8	5	22	23	38	72	0	53	45
28	2	1	78	7	6	32	38	28	52	0	54	39
19	3	2	98	8	6	36	30	22	72	0	44	34
38	2	2	85	14	5	20	38	39	66	0	45	41
35	2	1	101	11	3	25	32	35	61	0	56	49
33	3	1	99	8	2	26	42	32	63	2	41	38
38	2	2	128	5	4	20	20	37	83	1	48	47
24	2	1	79	5	4	36	45	24	40	0	54	38
21	3	2	75	12	6	34	46	23	49	1	50	34
37	2	1	110	5	3	23	41	37	64	0	50	49
32	1	1	105	15	6	30	23	27	106	4	22	20
32	3	3	94	16	7	19	23	37	62	0	59	51
29	3	2	106	5	4	28	36	30	63	1	51	48
24	3	2	127	3	2	31	21	26	84	0	47	42
37	4	2	124	5	2	13	24	40	83	2	46	41
37	2	1	85	8	6	23	38	35	71	2	36	32
24	2	2	91	5	4	34	41	24	65	0	38	29
17	3	2	107	5	3	40	33	18	77	1	42	33
40	1	1	88	9	5	22	42	38	47	1	57	46
20	2	2	90	9	4	38	34	21	50	0	56	45
18	3	2	98	6	3	33	27	21	79	2	39	35
23	2	1	111	7	5	37	24	23	75	0	51	42
32	2	2	63	8	7	26	47	31	41	1	46	34
24	5	2	100	10	6	31	30	27	60	0	59	46
27	2	1	124	4	2	33	25	27	100	0	29	28
33	2	2	126	4	2	23	27	35	81	0	46	45
34	2	2	103	11	5	24	23	35	77	0	48	38
40	2	2	104	5	4	16	31	42	74	0	41	36
34	4	3	125	5	4	21	16	36	81	0	50	47
29	3	1	87	13	7	30	39	30	67	0	43	35
22	3	1	66	9	5	37	42	22	47	1	51	29
28	2	2	108	4	3	30	33	27	60	2	57	55
41	1	1	97	9	2	21	47	40	63	0	41	38
25	1	1	107	8	2	37	40	22	72	2	44	44
32	1	1	90	9	6	30	43	31	65	0	41	27
18	2	2	104	6	4	36	47	21	68	0	41	39
20	4	2	108	9	3	36	37	23	70	0	47	43
18	3	2	97	6	5	29	33	23	51	0	60	48
16	2	1	87	6	5	44	43	16	47	0	53	40
46	1	1	141	3	2	16	13	42	99	3	44	43
41	3	2	86	12	4	14	42	43	69	1	38	31
37	2	2	101	7	4	21	35	37	66	0	48	39
40	3	1	108	14	5	19	21	41	65	0	63	48
18	2	1	94	5	4	42	41	18	64	0	43	33
22	2	2	84	4	4	34	38	22	41	2	61	46
47	1	1	112	13	3	15	26	45	81	1	47	38
35	1	1	83	8	7	27	36	34	63	0	39	31
26	2	1	89	5	4	34	43	26	65	0	37	31
23	3	2	81	13	5	20	32	30	63	2	45	27
25	1	1	130	4	2	37	23	24	106	0	27	27
31	2	2	134	3	2	27	14	30	99	1	35	32
15	4	2	104	8	3	37	28	20	68	0	52	41
17	2	2	61	22	4	37	36	20	37	0	59	39
18	2	1	90	6	4	42	43	16	75	2	30	28
34	2	2	103	14	4	24	27	33	80	2	40	37
35	4	2	107	6	3	21	26	37	65	1	56	45
32	4	3	129	4	3	21	21	36	90	1	41	39
25	2	2	136	4	3	33	16	26	96	0	43	40
22	3	2	102	8	4	35	36	23	54	1	55	49
25	3	2	89	6	5	32	45	26	59	1	40	33
14	2	2	104	5	5	40	31	17	65	0	53	42
24	2	2	84	5	3	34	49	25	36	0	57	46
24	4	2	70	9	5	30	44	25	62	2	36	26
21	3	2	82	6	5	34	43	24	53	0	46	36
19	2	2	93	5	5	35	42	21	61	0	44	34
20	2	2	70	11	5	34	51	22	42	1	50	34
17	6	2	98	6	3	31	31	23	66	1	46	33
30	5	2	112	17	3	23	19	34	95	1	36	32
26	7	2	105	14	5	25	24	32	75	1	48	36
41	2	1	96	7	7	19	30	40	61	1	57	47
15	3	2	80	9	4	42	47	16	59	0	41	37
31	2	2	95	6	3	27	45	31	66	1	36	31
25	4	2	99	15	4	29	28	28	90	0	29	25
23	3	2	82	5	3	32	45	24	68	2	32	28
40	2	2	104	5	4	16	31	42	74	0	41	36
39	2	2	126	4	2	19	19	40	94	0	38	36
32	2	1	89	14	2	28	40	32	42	0	63	47
23	2	1	69	11	4	37	45	20	61	3	35	24
28	2	2	66	11	6	30	51	26	46	2	41	26
20	5	3	107	9	3	32	31	26	81	0	39	36
22	3	3	85	12	5	30	34	26	60	1	52	37
35	1	1	142	2	2	27	15	33	99	1	41	40
37	3	2	96	9	6	20	31	35	78	4	37	33
26	3	2	59	19	7	31	30	27	37	1	67	39
26	2	2	98	10	4	28	30	28	64	1	50	44
39	1	1	98	4	3	23	30	38	59	0	53	41
20	4	2	92	7	4	36	40	23	64	0	40	34
21	3	2	75	15	7	30	44	25	47	1	56	48
23	2	1	63	14	7	37	48	21	47	1	42	28
16	4	3	73	19	5	35	36	20	81	2	31	26
29	4	1	94	15	4	29	27	31	56	0	60	43
24	3	2	68	10	4	31	39	26	42	1	50	35
27	2	1	76	14	4	33	44	25	62	2	38	30
21	4	2	82	6	5	35	55	23	51	1	41	35
39	2	2	88	6	5	17	38	38	65	2	40	31
21	3	2	87	6	5	28	35	26	56	0	51	37
23	3	2	98	12	6	28	27	27	70	0	52	47
19	3	2	97	8	4	36	35	22	74	0	40	34
30	5	2	124	10	2	21	25	35	98	0	32	32
35	1	1	125	5	2	27	27	33	77	1	49	48
16	2	1	105	3	2	44	45	15	78	1	32	29
37	5	2	91	8	5	18	34	39	59	1	50	37
43	3	1	112	6	5	16	27	41	87	3	35	29
24	3	3	96	10	5	26	29	30	70	0	44	29
34	3	3	127	5	2	20	23	34	98	3	33	32
27	2	2	80	7	6	31	44	28	44	0	55	47
34	2	1	120	2	2	26	27	33	86	1	38	33
32	3	1	85	6	6	27	29	33	53	0	54	36
33	1	1	98	4	3	29	32	31	52	1	58	53
19	2	2	108	5	5	39	29	19	89	1	33	27
35	3	2	110	9	8	22	21	34	97	2	30	29
36	3	2	81	21	8	19	32	39	61	0	56	46
32	4	3	113	7	5	21	27	34	95	2	32	28
29	3	3	90	13	9	25	40	32	80	1	32	27
29	2	2	95	9	4	29	33	29	56	0	51	41
23	2	2	88	20	4	31	35	26	74	0	40	30
17	3	2	93	4	3	40	41	19	62	0	42	32
34	4	2	111	7	4	16	26	39	83	0	41	36
14	2	2	85	10	5	44	40	15	47	0	53	43
41	3	1	119	17	3	18	18	42	88	0	43	38
21	2	1	126	3	3	39	23	21	92	0	34	32
34	3	3	113	5	3	20	30	38	64	0	48	45
26	4	3	84	21	10	20	20	33	80	2	46	36
33	2	1	86	5	2	27	60	32	45	1	43	41
20	5	3	96	7	3	32	37	26	50	0	52	43
15	5	3	85	27	3	37	33	19	59	1	54	35
29	2	2	95	13	4	27	41	30	47	0	59	53
33	5	1	90	12	3	24	38	36	66	0	41	33
37	2	2	101	7	5	21	26	38	74	0	47	37
19	3	3	104	10	5	29	31	25	80	0	37	30
28	5	4	90	11	6	23	25	34	75	1	45	37
12	3	2	84	10	6	41	32	16	60	0	48	34
26	2	1	71	6	4	34	40	24	45	0	48	33
39	2	1	119	8	4	21	21	38	75	1	54	46
42	2	1	103	6	5	18	30	41	71	0	43	37
33	5	2	119	9	4	18	21	38	78	1	50	45
29	1	1	79	12	5	33	48	26	41	2	58	48
34	1	1	79	7	6	28	39	32	45	1	54	39
40	1	1	94	18	8	22	29	39	65	0	54	43
35	2	2	129	3	2	23	25	33	75	3	53	50
35	5	3	120	5	4	17	19	38	91	3	38	33
30	3	1	109	6	5	29	30	29	59	2	57	52
31	2	1	74	7	5	29	52	29	48	1	41	31
35	2	1	70	11	5	25	40	33	33	1	60	44
26	4	2	103	10	9	30	24	28	71	1	54	48
18	2	1	88	4	3	42	55	17	50	1	38	35
37	1	1	81	5	4	25	45	35	58	1	41	31
36	1	1	112	3	2	26	42	35	70	0	42	39
30	2	2	85	23	6	26	29	31	68	1	48	33
25	2	2	112	4	3	31	40	26	87	1	29	27
23	3	3	95	16	5	29	27	28	85	0	36	26
29	3	2	81	12	7	28	29	31	52	0	62	38
30	2	1	97	3	2	30	49	30	50	0	50	48
30	5	2	113	14	3	17	27	35	80	2	44	42
36	2	1	81	6	4	24	47	34	57	1	39	33
42	3	1	110	16	3	17	28	43	91	0	34	31
32	6	3	108	9	4	14	23	39	67	2	58	48
31	2	2	99	11	4	27	27	31	74	1	46	33
47	1	1	87	21	4	15	25	45	61	1	59	40
36	4	3	103	10	4	19	33	37	80	3	37	33
34	1	1	73	3	3	28	66	31	38	1	44	37
22	3	3	95	20	2	32	40	24	52	2	58	49
40	2	1	91	16	5	20	29	39	71	1	47	35
40	2	1	100	9	4	20	29	38	85	1	33	29
28	4	2	77	18	6	28	34	30	85	1	31	28
11	4	3	94	8	5	36	36	18	57	1	54	44
31	3	2	77	14	9	22	36	32	75	3	38	36
34	2	1	99	4	3	26	31	34	59	0	51	40
20	4	4	105	9	5	30	31	27	75	0	42	33
43	2	1	86	16	4	17	36	42	67	1	42	32
43	2	1	127	2	2	17	28	41	83	1	38	36
22	2	2	136	3	3	34	17	24	107	0	32	31
40	1	1	136	3	3	22	17	37	96	2	40	39
22	3	1	85	22	4	37	44	21	83	2	24	22
42	2	1	106	7	3	18	41	42	59	0	48	43
35	3	2	128	9	3	20	11	37	107	1	32	27
33	2	2	99	12	2	21	38	34	81	2	34	31
21	4	3	102	8	8	30	34	27	80	0	39	34
21	7	2	98	14	4	30	34	27	64	0	49	40
34	1	1	120	4	2	28	29	32	89	1	35	34
23	4	2	121	10	6	25	22	27	77	3	55	52
27	2	1	102	8	5	33	39	24	89	3	25	25
20	1	1	88	3	2	42	54	19	44	0	47	42
16	3	2	76	9	5	35	38	20	49	0	50	36
29	1	1	125	2	2	33	28	27	96	1	31	30
38	4	2	135	12	3	18	9	37	116	2	31	28
43	1	1	126	4	4	19	15	41	86	1	48	47
46	2	1	102	15	3	14	37	45	85	1	32	31
31	3	2	68	12	6	24	25	33	51	1	60	33
32	4	3	102	7	3	23	34	35	69	1	40	31
27	3	2	103	16	2	30	38	28	83	0	34	28
31	2	2	108	5	3	23	40	33	84	1	31	28
33	2	1	107	10	5	27	23	32	68	1	52	41
37	1	1	131	6	3	25	17	35	97	0	40	38
29	3	2	78	7	4	24	32	31	55	1	47	33
37	2	1	150	2	2	23	5	37	107	0	39	36
23	2	2	117	7	4	31	29	24	65	1	56	53
49	1	1	99	20	3	13	33	47	74	1	45	35
38	2	2	105	10	5	20	28	38	88	1	34	28
16	4	2	88	9	5	36	38	17	46	4	59	46
39	1	1	132	4	2	23	19	37	101	0	33	32
22	3	2	77	10	6	35	37	22	53	2	50	35
29	4	1	89	8	3	29	47	28	52	2	49	43
34	1	1	126	3	2	28	24	33	92	0	37	34
27	2	1	83	6	5	33	39	27	54	0	43	30
32	1	1	116	3	2	30	34	31	70	0	49	45
31	2	2	124	4	2	25	21	32	83	1	46	42
36	2	1	97	10	5	24	37	35	84	1	31	30
15	3	2	77	11	7	36	41	19	53	1	51	30
40	2	1	98	7	3	20	39	39	65	0	41	40
24	3	2	86	7	4	29	52	28	53	0	44	41
33	3	3	112	7	6	16	28	39	79	0	39	34
15	2	2	95	6	4	43	36	15	66	1	41	32
34	3	2	90	23	11	23	22	36	77	0	50	37
28	2	2	66	6	5	28	40	29	34	1	56	36
27	4	1	79	9	3	31	47	29	53	0	44	31
32	4	2	113	4	4	22	28	36	83	0	40	33
40	3	1	99	12	8	19	21	40	63	1	61	49
36	2	2	82	25	6	22	28	35	64	1	49	41
21	2	2	103	8	2	35	40	22	52	0	56	52
31	4	2	70	22	5	23	40	35	56	0	48	34
18	3	3	60	15	7	34	51	21	49	1	45	35
33	2	2	98	4	4	25	28	34	66	0	47	34
39	2	2	88	6	5	17	38	38	65	2	40	31
22	5	4	99	15	9	24	23	29	94	2	33	30
29	4	2	82	5	5	25	34	32	48	1	56	40
34	5	1	116	8	3	23	23	37	76	0	49	47
35	2	2	99	7	4	21	37	35	70	2	41	40
27	4	2	110	7	2	29	36	28	75	1	42	38
17	2	2	116	3	3	39	35	17	72	1	44	42
16	2	1	87	6	5	44	43	16	47	0	53	40
31	2	2	108	3	2	23	36	34	77	0	34	30
30	3	1	98	5	5	29	29	30	75	1	45	37
27	1	1	82	4	3	35	65	24	59	2	28	26
17	7	3	95	21	5	31	20	22	68	4	58	48
20	4	4	80	8	8	28	42	27	60	2	43	32
39	2	1	133	4	2	21	22	38	83	1	49	46
42	2	2	114	6	3	16	25	43	74	0	48	45
31	4	1	90	12	4	27	38	33	55	0	51	42
21	2	2	109	3	2	35	39	21	79	1	33	32
22	2	1	116	5	5	38	28	22	71	0	51	47
40	2	2	133	4	2	16	22	40	94	1	39	38
40	2	2	72	21	7	14	53	41	49	2	45	32
22	4	2	78	12	6	34	39	24	51	0	52	44
19	2	2	89	6	4	39	51	20	50	0	46	44
40	2	1	134	4	2	20	21	39	95	0	39	38
37	1	1	88	4	3	25	52	35	65	1	32	29
39	3	1	91	20	4	20	38	39	81	1	33	28
23	3	1	113	3	3	36	38	24	72	0	41	37
38	2	2	128	3	2	20	22	39	91	0	35	34
29	2	1	73	12	3	31	53	28	28	0	58	42
29	3	2	102	4	3	28	34	30	80	1	31	27
18	4	3	83	16	7	35	39	22	63	1	44	29
23	3	1	114	3	2	36	36	23	79	0	35	29
26	1	1	129	7	3	36	14	23	78	2	54	49
20	3	2	89	5	4	35	41	23	44	0	57	42
33	3	3	103	16	9	23	17	34	73	0	56	32
20	2	1	84	7	6	40	47	20	46	0	56	47
11	3	2	97	9	2	44	43	11	62	2	43	35
22	2	2	129	4	2	36	22	23	86	0	44	44
19	2	2	99	5	4	39	30	20	72	0	42	38
31	4	1	89	5	4	27	33	33	58	0	54	47
27	2	2	122	6	3	27	22	29	86	1	43	36
26	2	2	119	12	5	32	21	27	95	0	35	28
44	2	2	111	10	3	14	30	43	74	1	47	39
40	2	1	100	9	4	20	29	38	85	1	33	29
33	2	1	80	12	3	27	44	33	62	0	41	32
33	4	4	100	8	5	21	33	35	73	2	42	37
18	3	2	81	6	3	39	43	19	61	1	41	29
31	1	1	121	4	2	31	26	30	69	0	56	52
45	1	1	137	12	3	17	9	44	95	0	45	44
20	1	1	78	6	5	42	43	19	63	0	37	32
18	2	1	73	11	6	42	45	18	45	0	56	36
42	1	1	81	7	5	20	47	40	52	1	48	45
31	1	1	80	4	4	31	54	29	47	0	46	40
27	1	1	111	7	5	35	26	26	71	0	52	49
37	1	1	134	2	2	25	23	36	85	0	47	45
31	2	2	77	15	4	27	34	29	52	3	51	34
30	3	2	95	9	5	27	42	31	70	1	38	34
37	3	1	96	6	5	22	32	37	54	1	57	49
35	1	1	129	3	2	27	27	34	96	0	32	32
21	4	2	84	6	4	33	35	24	71	1	36	31
28	3	3	79	20	5	28	22	31	69	0	51	29
22	2	1	118	3	2	38	34	20	65	1	55	53
26	4	2	85	11	4	30	38	29	68	0	38	29
25	3	3	82	8	4	31	38	27	48	1	56	40
25	4	2	99	15	4	29	28	28	90	0	29	25
23	3	2	82	5	3	32	45	24	68	2	32	28
28	2	2	103	8	4	30	29	29	48	0	64	53
42	2	1	122	8	3	18	19	41	96	1	35	29
33	2	2	82	5	5	25	46	34	58	0	41	36
39	3	1	103	4	3	20	32	40	66	0	49	43
28	2	2	95	12	7	30	22	29	63	0	61	46
22	2	2	98	4	4	34	41	22	71	2	38	36
44	4	2	123	6	4	10	17	46	86	2	46	44
34	3	2	146	2	1	23	13	33	100	1	43	43
