HSC_pop_size	HSCT_bottleneck	number_drivers_per_year	gamma_shape	gamma_rate	dpcpd
207192	526	247.331674695793	0.707312292567756	38.5403580280807	3.27049802388035e-06
181204	598	224.572918405351	2.01547475068676	50.3258755983197	3.39544529703374e-06
240616	837	190.879046564281	1.26978767412385	36.1205578803661	2.17340614072603e-06
314550	658	262.784723188763	0.641063362400767	34.3583983847183	2.28885120242454e-06
403108	996	130.722406144298	0.78179699904948	30.9911053619856	8.88455645825756e-07
218731	767	148.042872206376	1.28284054621825	36.7680714314924	1.8543183643583e-06
204212	822	238.726526332658	0.31499548586765	30.7992468850175	3.202775927094e-06
191299	586	275.529693156529	0.104088194801086	28.9172526561332	3.9460523665138e-06
289266	542	184.525899329643	0.447347758132229	26.4605157285038	1.7477007637341e-06
191679	604	192.340726075885	3.87982977175851	54.2304336126868	2.74918427870862e-06
184970	526	215.067355631615	1.97845054687824	49.3292030232384	3.18551998630826e-06
211111	615	359.438073618156	1.8683539735727	57.2662407360732	4.66466382864557e-06
340194	738	155.812313842062	0.804204615731268	27.40610992211	1.25482240022484e-06
165955	960	285.325803935987	0.43162655752479	35.1264714460629	4.71040059854461e-06
274988	587	237.622178366006	0.411886043875108	34.6114900520522	2.36744754955191e-06
202695	843	100.702081535836	1.30016315063691	28.7039402268027	1.36113921802122e-06
274609	625	224.408721202245	0.312323538069032	28.7319808807804	2.23888661425054e-06
167032	723	154.71032589478	0.337662352417099	27.3566951612805	2.53762097419082e-06
165419	506	254.11942577159	0.255839268537364	28.438572556546	4.20881280175597e-06
325316	776	265.718461515084	0.257734433205531	31.2052195591635	2.23781118965201e-06
193298	667	174.767677581521	0.290267254172322	27.1710258152819	2.47708488974467e-06
296623	946	205.46564552952	0.257887502164035	32.6845244449251	1.89776105289612e-06
201082	539	226.839523089161	0.380564604392469	30.5076732672058	3.09067020145889e-06
300622	610	125.353277410762	0.286693531436287	22.9071785186071	1.14241019200795e-06
241824	744	133.525629765148	0.11855757167595	22.6718643605027	1.51276814208758e-06
174356	1196	144.477030868877	1.52396055071889	36.6972259387108	2.27022575553775e-06
237856	542	257.639612339423	0.117332397018625	26.1886040659947	2.96760204331553e-06
222271	620	283.274352751886	0.45843418648284	32.6559984797608	3.49165710834277e-06
295603	1185	181.815891541436	0.752794075394291	34.0566396639545	1.68511730344587e-06
287857	924	165.397302316725	0.395718043405344	29.0816744503028	1.5741958473076e-06
280707	654	225.965965521649	0.646733871617184	36.6687577135043	2.20544851765583e-06
292222	780	86.1561811084095	0.970431832023444	30.5655194358226	8.07756882794114e-07
262102	550	228.917714637773	2.63541409084666	49.620664045547	2.39285400693396e-06
228969	665	173.295175371707	1.52617997012374	37.2533812982567	2.07356149691984e-06
223497	668	108.949494275039	0.753606561802162	26.2598058217816	1.33555155164093e-06
222062	711	268.279383964916	0.534204945174597	35.3189143475884	3.30994051599456e-06
243168	690	219.842456228314	1.11534065218461	33.4424390563255	2.47692171361221e-06
210210	1299	296.441584493246	0.279316088464988	37.3112633783331	3.8636065108179e-06
162368	697	257.639612339423	0.117332397018625	26.1886040659947	4.34729719904696e-06
196910	506	183.382607603511	0.889852557936198	35.3443716460687	2.55151136571692e-06
178053	555	113.253112566672	0.14692426929834	22.7368361808417	1.74264123706235e-06
186278	738	161.083141983991	0.97752197274105	29.0874702720904	2.36916692614516e-06
267878	510	168.68632985666	0.365615151773301	27.0710168904118	1.72524182043472e-06
152361	585	157.736185509646	1.02705742567601	35.5176728459778	2.83638157338912e-06
221112	963	158.894558578336	0.280484995066045	22.7461470277133	1.96881018555694e-06
195612	674	121.444320998247	0.66427508143099	29.8071970409726	1.70093944706094e-06
325181	1266	243.03877378901	1.1484716902106	42.678379267736	2.04765854775176e-06
213839	666	226.560369681692	0.189844848214933	23.7243010196658	2.90271345074414e-06
175926	814	178.655585739069	0.983239752871879	32.0074802995014	2.78223433824011e-06
225148	674	375.673340217884	0.124123943748576	29.0314139996149	4.57140204662801e-06
176059	677	185.986997544713	0.236056793015328	22.0131633253874	2.89421965324534e-06
201261	529	158.894558578336	0.280484995066045	22.7461470277133	2.16300007328228e-06
179036	565	180.831196195514	0.130694520107771	26.2013096138596	2.76719729429964e-06
230313	518	141.612892198366	0.544020886528074	31.0174928710184	1.68457936187217e-06
248305	510	160.998800323023	1.9881865263331	42.7279274078289	1.77641450484171e-06
243434	738	192.340726075885	3.87982977175851	54.2304336126868	2.16469718017446e-06
345180	608	155.585433132164	0.520976061595011	33.1748999005821	1.23489617195685e-06
232237	1066	168.036837186253	0.717829127351999	26.4460236122436	1.98234948092118e-06
153310	1228	110.338975715947	0.197287536148795	22.3232979459205	1.97181242975236e-06
329740	648	204.517162041009	1.15107461411945	39.9549227414862	1.69928122730993e-06
222832	685	219.203378564601	0.310550177722845	28.6913476957129	2.69511201957911e-06
236116	700	191.775266917091	0.90713077398734	38.566357331323	2.22522696549074e-06
277981	577	151.902996786042	1.73412083598812	30.6995147618697	1.49712604075229e-06
198325	524	254.540229263915	0.130538532968248	30.327285746649	3.51630148056984e-06
287530	1127	195.036619548627	0.362814246856255	26.5243704435335	1.85840400261869e-06
218920	1465	110.509188760865	1.3556184305514	30.0341387436003	1.38299333416179e-06
207606	869	147.504989872735	1.14608447983202	32.224519756399	1.94658757418043e-06
278577	925	226.325476732367	0.947799427910118	37.7119802547093	2.22584707017004e-06
258374	1205	201.674382925193	0.802425209360459	34.8430718311812	2.13849905934588e-06
230502	788	166.361772967558	0.900593476708723	32.1595331577607	1.97736106134946e-06
290624	890	184.198221894439	0.160535338941174	23.6662789470359	1.736445244455e-06
217620	736	247.002605533159	1.38599607223734	44.8772305051992	3.10963820978832e-06
133990	639	255.324188311192	0.202938194336906	28.2156884104008	5.22067560370365e-06
178280	995	182.971400556889	0.344058869057705	28.2253671940997	2.81182133932599e-06
212324	563	204.051161698741	0.294715105916315	29.6913951315304	2.63297733005542e-06
227085	715	179.965624687303	0.452472641852338	24.4529955595479	2.17124207231922e-06
193631	617	149.593641473542	3.98152641842311	50.734436827228	2.11663211509623e-06
232543	908	163.030426661358	0.33432178797966	24.0227942222115	1.92075746499272e-06
240348	547	179.342803984877	0.528868161416183	28.5482176370065	2.04432800732177e-06
219826	571	205.59356528838	0.644606309983652	35.3044105384397	2.56234495412723e-06
190169	511	164.273553288402	0.304017637761802	23.9735985970816	2.366655604001e-06
279932	1934	94.4195561352591	1.02423151469193	23.7429979680614	9.24094835313812e-07
197369	782	152.75504265858	1.73479559996596	39.644415515548	2.12042907542669e-06
150155	592	174.622266176617	0.652030599419552	33.1055012749696	3.18615542344357e-06
211543	757	248.622556050884	0.395955870604594	30.7382247587875	3.21994907801554e-06
245580	823	182.864169278166	0.414335821114012	26.3139056582556	2.04005914182657e-06
161654	714	316.232454729375	0.104918759337747	32.6506801455374	5.359535099223e-06
290091	682	153.871655533264	0.493287975178645	26.515406784689	1.45322047062194e-06
223271	503	217.631646383042	0.537387216148224	29.2684401302006	2.67052633786267e-06
278428	620	183.284965737543	1.12525802283376	33.7049617309844	1.80352044715963e-06
225275	652	171.939145329881	0.335355101722283	27.3130869479068	2.09107158623334e-06
245103	639	200.924701929826	0.677992623904905	25.6523635489333	2.24590737536538e-06
386476	1116	186.837392789853	0.580901972953663	28.3523696599305	1.32448914788345e-06
266224	1010	131.917593210047	1.14254110360936	31.5703514342829	1.35757130682872e-06
240869	589	262.714649095298	0.216905025948506	31.5210009118052	2.98820587914977e-06
302917	539	180.907762671076	0.350408385455536	30.7460858838445	1.63621621087015e-06
188387	1042	220.900980977267	1.21729430832917	37.0326946597343	3.21257924942276e-06
229830	1896	94.4195561352591	1.02423151469193	23.7429979680614	1.12554372988324e-06
217276	505	241.408797818636	2.81848024366428	47.3818813121241	3.04402679829526e-06
293605	516	144.615986627838	0.603240621546181	28.5853269881507	1.34945992929964e-06
188723	513	209.640133376238	0.509888390422194	28.8710580551158	3.04338384721477e-06
258147	772	193.847172943361	0.79536933453235	31.7594478218249	2.0573089946825e-06
202431	665	158.1815166804	1.63749599752317	36.8155655253631	2.1408480830627e-06
172089	540	178.49486556376	1.80429557876834	38.9633757213579	2.84170998112493e-06
222331	695	203.615100026015	0.148230332587862	25.1669041533959	2.50909494902812e-06
202695	513	195.0349739258	0.302722994847273	27.9732597345471	2.63618932049266e-06
256043	672	153.604332326286	0.460455112056789	26.6540499343453	1.643605906802e-06
231617	1000	222.27663011367	0.118813946518474	23.1332616549989	2.62924167399014e-06
306554	894	203.003976480597	0.418010206535669	30.8886595776324	1.81428158833039e-06
207636	881	164.92684324848	0.136533388069249	23.3546606150446	2.17618507900522e-06
179853	608	310.967429158712	0.393760046590233	35.366924883307	4.7370105549473e-06
238324	646	255.324188311192	0.202938194336906	28.2156884104008	2.9351568626754e-06
176555	574	165.477904593524	3.03078766148589	44.4812383292756	2.56783507787397e-06
241448	641	176.438968224885	0.572185376141303	31.0487770015069	2.00206435130063e-06
294741	1037	233.888772550977	0.391101971768259	32.0986166517012	2.17408218630564e-06
261488	608	232.919313134712	0.700372376896467	36.1799510243103	2.44039919414529e-06
214456	701	132.203269321957	0.388483570753738	23.8388622448674	1.68892797528806e-06
146082	1203	306.859386650601	2.09455658207327	52.5848913401552	5.75505981816932e-06
209651	820	160.061781013637	0.524131034268609	29.5879612038838	2.09169251486815e-06
213841	582	218.739058550629	1.20643926848802	37.8905488402899	2.8024798421235e-06
244786	865	166.219805893228	0.212352296007273	24.6795901104133	1.86038714826255e-06
213460	552	176.438968224885	0.572185376141303	31.0487770015069	2.26456682044803e-06
368426	1022	173.501711263463	0.5785368867257	29.4520302067716	1.29021066414008e-06
201174	712	205.563427893276	1.05724281852775	35.3844962324033	2.79950427828749e-06
306674	567	137.568529072556	0.489301860435516	23.5307847158479	1.22899260990771e-06
312330	698	143.663084835577	0.587942132315509	29.5355588787386	1.26019752409378e-06
190592	1100	145.551697289367	0.130728588193713	18.8128904834374	2.09227970426632e-06
194735	582	166.99664210272	3.30736905102726	48.512004051227	2.34947516808364e-06
209306	535	190.645575108929	3.98697947344688	52.3307703286516	2.49546904596166e-06
285266	617	194.484781532831	0.530708907146176	33.1189293742022	1.86785322435259e-06
287224	613	193.670339530632	0.31825869655298	28.5334512702972	1.84735143980634e-06
181159	510	227.990446799124	0.120035015247298	27.9398059130697	3.44797311253369e-06
214989	535	236.439597676799	0.153978620333473	28.9041100768891	3.01308308640192e-06
211716	588	190.636239481423	0.647298389359255	33.1383461718757	2.46694188002981e-06
172166	617	201.674382925193	0.802425209360459	34.8430718311812	3.20930123229577e-06
288822	1000	214.560417719462	0.492589886822602	33.319802653309	2.03529080497759e-06
197624	640	169.984264025675	0.616215004225131	29.2269158776304	2.35654734444759e-06
285613	1485	193.588533569645	1.14451204490176	33.0211356081956	1.85698670587972e-06
250201	523	153.871655533264	0.493287975178645	26.515406784689	1.68491005049216e-06
183638	725	213.196858181452	1.35499954268774	36.0196198158136	3.1807195750283e-06
224589	509	159.039184329633	1.16194832534307	38.6782557086399	1.94009409491972e-06
185437	512	164.115409966755	1.29935291098844	37.9025394298232	2.42471168204237e-06
164870	761	123.980408702651	1.16895510549168	32.3316454628847	2.06024354103235e-06
379324	664	221.736636009652	0.466184863126052	33.5941829257862	1.60152701359038e-06
272678	772	162.253754867223	1.05204382861888	30.7598094941274	1.63024092612043e-06
222883	920	257.639612339423	0.117332397018625	26.1886040659947	3.16696182129125e-06
174037	808	236.642667912371	0.684986742982407	34.5492952480321	3.72527724835667e-06
290568	1029	184.44465997672	0.837895042074551	26.9084691893673	1.73910353360541e-06
220018	564	316.802900887459	0.378934486452639	38.778540977443	3.94491883898738e-06
246995	878	223.51431822426	0.164328389580214	29.4197839164953	2.47927284007757e-06
206134	512	141.347279458054	2.12068409601094	35.5422360346327	1.87864602847189e-06
229907	796	154.874761757903	0.720421530782755	29.0039004539122	1.84559154690843e-06
232516	601	189.122850641692	3.36960672201898	45.5436868299445	2.22842641486439e-06
289869	830	110.828854298461	0.788182047015398	28.0802728567606	1.04751007078409e-06
244413	526	204.186773086254	0.502830728289687	31.0681759374541	2.28881367470089e-06
201533	607	221.104568687904	0.443840501730064	31.4745425014981	3.00579032521074e-06
154127	625	247.759334180781	0.403176251075269	36.0920457009485	4.40411281855678e-06
217443	1170	197.791659617387	1.12646424287267	35.5127551904228	2.49212417900716e-06
225130	664	154.874761757903	0.720421530782755	29.0039004539122	1.88475287955882e-06
234149	804	159.858165942661	1.65202681829127	36.7993273328838	1.87046529314709e-06
240216	721	155.313376707684	0.735583254426252	30.1593033268305	1.77138950181918e-06
338533	1404	226.560369681692	0.189844848214933	23.7243010196658	1.83353865529705e-06
240799	779	185.986997544713	0.236056793015328	22.0131633253874	2.11609441040337e-06
221658	850	217.983321092135	0.274928869135486	27.9215818503769	2.69430644657362e-06
250786	999	156.610153214663	0.504950985529186	23.9619209917783	1.71089659277984e-06
206134	512	141.347279458054	2.12068409601094	35.5422360346327	1.87864602847189e-06
229907	796	154.874761757903	0.720421530782755	29.0039004539122	1.84559154690843e-06
232516	601	189.122850641692	3.36960672201898	45.5436868299445	2.22842641486439e-06
305009	712	212.005361705103	0.420237689896214	28.8662395325361	1.90432612615117e-06
235393	602	172.775529059612	0.971296644801425	32.956166243504	2.01092476777963e-06
234119	584	180.868703000514	0.626831717103168	31.9822421028801	2.11657615636532e-06
297952	699	162.709791177919	0.233967860607279	24.9712043566369	1.49614786879268e-06
339509	603	198.709586378047	1.51382981699247	40.8206538527508	1.60352104272134e-06
192954	657	202.178399282216	1.00159898162332	34.5147603232849	2.8707019429035e-06
264219	662	180.19177888138	2.52728044116183	44.9499540545124	1.86843529997589e-06
229580	587	147.392988929794	1.6075552549386	34.6257656748269	1.75893548230174e-06
155219	535	139.957766988373	2.36923036833133	42.8637276180704	2.47035438286838e-06
288516	970	333.615782931978	0.306176616470929	33.0263800866372	3.16799014144538e-06
428726	575	109.318438092217	0.600382673089734	28.1173400125461	6.98587373090652e-07
179358	580	101.017309522037	1.056078253066	31.2639572463525	1.54305775106307e-06
212324	664	177.066579270561	0.483012280824462	28.8930464867531	2.2847813521305e-06
482616	1277	196.16830461578	0.298600518121153	22.3629952141578	1.11361291359227e-06
249626	534	264.740767433022	2.59904659620518	58.2127674575258	2.90561548496301e-06
263850	968	139.133430005794	1.175863857735	33.3280744623252	1.44471282724248e-06
260381	542	282.370560273303	1.82489637318088	49.8771306993219	2.97109993951753e-06
308804	669	194.28338656008	0.42362233065441	27.9489440672714	1.72369286294716e-06
317149	780	219.842456228314	1.11534065218461	33.4424390563255	1.89913289733108e-06
314838	531	174.021940357967	0.656466425506617	28.7547994292927	1.51434210399283e-06
189462	934	148.81308457826	1.22021751686993	35.913501016381	2.15192007387407e-06
259094	515	176.472468868749	0.357334525078546	23.648677503254	1.86606488795095e-06
308857	748	245.600294098085	0.97526008734468	38.5584185389561	2.17860536778168e-06
177527	511	176.846524238814	0.435630423453307	30.1707667481566	2.72922442958997e-06
177595	530	156.296457293355	2.76352808731046	43.1489995984083	2.41115725125476e-06
214766	781	214.874756531558	0.349620956133912	28.8973747928971	2.7411134122727e-06
212561	667	259.480735002236	0.795334549819735	39.8049701560006	3.34448051756342e-06
248956	946	226.560369681692	0.189844848214933	23.7243010196658	2.4932652420254e-06
329134	631	177.992072638162	0.375571576412011	23.834204679584	1.48161391432412e-06
324230	668	118.482212497246	1.24241655497173	31.1179302326953	1.00116831065083e-06
242804	925	177.992072638162	0.375571576412011	23.834204679584	2.00840807431985e-06
221546	827	217.604834171393	0.183280202843981	30.673157686209	2.69098800189049e-06
143280	689	216.212534586079	1.10960407386452	38.4284766197076	4.13430421869773e-06
237400	532	145.458910766161	3.99219829826515	43.131721325113	1.67867550018074e-06
140409	880	173.501711263463	0.5785368867257	29.4520302067716	3.38544647527206e-06
247012	726	182.755838877403	0.765035321462621	35.873656648217	2.02703078567536e-06
305919	879	137.568529072556	0.489301860435516	23.5307847158479	1.23202573116033e-06
215105	709	152.627207754241	0.130375283593466	24.9640628245053	1.94396566129687e-06
360193	795	190.645575108929	3.98697947344688	52.3307703286516	1.45010215116355e-06
307372	581	212.501646438799	1.49558174321797	39.8344721243287	1.89410971595704e-06
343391	513	143.872819379487	1.18311803078	33.4765049520938	1.14788130116691e-06
308121	583	198.945567164346	0.332187584601528	28.4468529120204	1.7689685168991e-06
359494	768	285.325803935987	0.43162655752479	35.1264714460629	2.17448561403381e-06
350967	864	190.73764762512	1.02353974105603	36.1332886913167	1.4889402639082e-06
195607	906	165.105436548956	1.91800093933931	42.239623850534	2.31251264923015e-06
258996	875	118.482212497246	1.24241655497173	31.1179302326953	1.2533351919038e-06
270125	583	236.909978843171	1.8455867165088	43.4645363781473	2.40284473923839e-06
219851	736	248.401599601797	0.366176653290703	32.2581442089908	3.09551617994076e-06
297889	624	184.00957753905	0.924895772771313	30.9634882180128	1.69236134558211e-06
240177	531	155.980790469042	0.871206074799957	33.7767150477486	1.779290404252e-06
269906	906	165.391465503102	0.208737102290467	23.379296931845	1.67883375229978e-06
195607	906	165.105436548956	1.91800093933931	42.239623850534	2.31251264923015e-06
185231	508	182.932030755634	0.352388685300825	27.6153835104771	2.70572229219648e-06
213566	1052	247.187346174157	0.11463085058664	30.2179721100873	3.17103661611209e-06
188220	720	94.4195561352591	1.02423151469193	23.7429979680614	1.37436890574363e-06
685922	536	196.16830461578	0.298600518121153	22.3629952141578	7.83540125416952e-07
234486	688	244.290212910774	0.19063970338872	30.3162926112268	2.85427809997213e-06
314118	931	173.501711263463	0.5785368867257	29.4520302067716	1.51327575671077e-06
262354	739	160.89772060515	0.652591024442325	26.8163945902899	1.68023233070897e-06
186408	575	157.643986957282	0.801660112573064	32.1462750295097	2.31696780250601e-06
236903	596	180.179499646418	0.263765825987712	23.7442261846621	2.08373243388521e-06
372023	649	204.320023420514	1.08765437238979	37.5999368498897	1.5046942960075e-06
259471	1103	173.346597218208	0.778607291643354	31.599672418345	1.83034783910138e-06
261108	816	186.837392789853	0.580901972953663	28.3523696599305	1.96042736307354e-06
294499	580	160.091344859749	0.702623325683512	29.6286852745104	1.48933077624469e-06
223388	714	132.334376700291	0.936245824491605	28.1979445247856	1.62300542627706e-06
264975	1183	182.051389365786	0.372930394996576	29.4195834325833	1.88233203045297e-06
191338	801	110.697379895981	1.16749209733432	31.3809859883389	1.585051024186e-06
181682	553	482.087483009492	0.354976178347562	38.7825384889108	7.26977699873152e-06
239281	684	180.221981084012	0.477875907120852	28.4040353332303	2.06351048468104e-06
175348	1109	183.409343231251	0.538395308704028	30.8273754213932	2.86568053994625e-06
304981	561	159.043763271093	1.42527996170746	36.5216937044955	1.42873273328182e-06
286847	905	164.273553288402	0.304017637761802	23.9735985970816	1.56900553102269e-06
246005	617	182.56413909121	0.409319152923851	28.8839286598094	2.03319332345912e-06
270497	526	184.856363141223	0.259788432700652	21.5474288545585	1.87231573521336e-06
266753	553	309.881862188956	0.419092876820007	37.5311173123535	3.18268736718018e-06
223321	583	192.544997214059	0.494515973181522	31.6458746659276	2.36216271784781e-06
226140	502	157.643986957282	0.801660112573064	32.1462750295097	1.90988473569267e-06
227910	1257	214.05891171511	0.509562026231911	27.8695306335573	2.57322088465719e-06
261636	567	312.044658123639	0.993819931823374	41.3750265474781	3.26758118749566e-06
309390	680	270.235948064116	0.259941578188867	31.8337370208304	2.39300707989797e-06
176462	586	158.540902915034	0.852656047495727	34.4883534149001	2.46148540832236e-06
357463	781	137.553266638145	0.893821657608493	31.3103763220666	1.05425810436896e-06
193495	540	152.687676802185	1.09649485428246	33.9863170727958	2.16192874336684e-06
217850	964	156.256640556179	0.337011032756451	25.4327898270553	1.96511537794548e-06
280993	548	182.932030755634	0.352388685300825	27.6153835104771	1.78361612533354e-06
256990	871	229.964674776807	0.527892236108211	30.413455921004	2.45161370040844e-06
228888	1259	305.765133016912	0.436865323360722	34.8680781433613	3.65992403794441e-06
202072	527	244.290212910774	0.19063970338872	30.3162926112268	3.31212763049837e-06
208640	618	139.600610888951	0.689967253123347	28.6274240647133	1.83314526022343e-06
215012	548	165.647176920027	2.52509394899624	44.1694040100314	2.11070955096774e-06
215845	618	152.51524894758	1.01250971215195	28.9604630482762	1.93587990046866e-06
203150	649	232.919313134712	0.700372376896467	36.1799510243103	3.14120159723683e-06
259818	987	156.390294851616	0.585849385977945	28.8993961600528	1.6491026843302e-06
174964	766	190.645575108929	3.98697947344688	52.3307703286516	2.98528065278601e-06
215983	1479	188.598958677546	0.491412648277413	32.3448697568328	2.39236178694107e-06
369478	553	112.785483769416	0.620455866807868	27.4313983453732	8.3631860461424e-07
367498	515	230.792178384717	0.952686622368149	37.9026547001381	1.7205735488093e-06
415310	671	183.409343231251	0.538395308704028	30.8273754213932	1.2099187385772e-06
324717	805	174.931150614531	0.343843882372521	31.4013109155184	1.4759419012284e-06
241866	1174	142.441389931784	3.35911722532009	47.2957038067402	1.61349831466494e-06
237522	965	173.394526479557	0.147971269874358	25.028669069565	2.00003998452466e-06
233236	1851	200.706789111026	0.918002146551934	37.7077663103495	2.35761895248937e-06
178298	545	147.740622230062	1.03906439097973	34.9145493848999	2.27018153892678e-06
239912	550	177.992072638162	0.375571576412011	23.834204679584	2.03261826868667e-06
185329	783	317.192629208105	0.100578215804425	35.2657819051257	4.68907133767524e-06
190429	589	224.108821805143	0.216100645160042	26.0583248475683	3.22428186919474e-06
228754	924	156.78887297287	0.313670644635272	24.479543254737	1.87781877514734e-06
249337	728	163.16730492467	0.817613664491557	32.4673223756128	1.79288959168669e-06
297294	745	138.968032323371	1.60246091786569	34.1112939065143	1.2806660582875e-06
333734	663	263.623603958914	0.252838103227799	31.6882055402496	2.1641680176503e-06
329351	522	189.512028161693	0.367746168693413	29.8130929921058	1.57646716135501e-06
262481	552	179.965624687303	0.452472641852338	24.4529955595479	1.87844646276344e-06
263105	582	140.619087337201	0.300493556331096	23.924977190671	1.46427385844654e-06
180836	541	218.619378594924	0.148270099154079	24.932486990091	3.31215688043271e-06
191823	932	140.619087337201	0.300493556331096	23.924977190671	2.00840239974653e-06
307211	524	204.499295108925	0.361519033494407	28.8037731887574	1.82373691500081e-06
208708	835	172.097449112641	0.276754741229702	28.9109060756606	2.25913649971529e-06
197290	987	176.472468868749	0.357334525078546	23.648677503254	2.45063721465236e-06
231008	508	199.61404671805	0.340518776600042	27.2975561137214	2.36739766253781e-06
332170	1075	120.436762007244	0.615332222641514	27.4177978735414	9.93358014049119e-07
277627	544	166.329696231082	1.05176411984309	35.7806768302798	1.64140302597865e-06
241978	547	163.16730492467	0.817613664491557	32.4673223756128	1.84741469109747e-06
215023	572	214.874756531558	0.349620956133912	28.8973747928971	2.73783717602377e-06
268319	952	219.440936884061	0.536667576877636	30.5214703488828	2.24064656717453e-06
202143	615	168.036837186253	0.717829127351999	26.4460236122436	2.2774713762074e-06
161294	529	138.16155670214	1.36817125467844	38.3273627758429	2.34680033282438e-06
402945	616	272.278422418057	0.416245827943132	36.3187388829494	1.85129057463777e-06
287330	701	152.512574766579	1.64545559961214	34.6116929832108	1.45422570073911e-06
246388	511	160.411994008053	0.109322809619463	22.0697909050297	1.78371071273989e-06
238470	765	207.387818723074	0.374036269426798	26.3836988271204	2.38263012001824e-06
214388	587	208.26878577069	0.410918704502461	30.1887898673182	2.66152682552374e-06
378392	507	181.788441917658	0.740816682538509	31.766257237968	1.31622900537486e-06
161047	693	172.108158004741	0.914948830255016	38.9090771882848	2.92789806710457e-06
290358	510	150.24403195502	1.30197175922522	31.1063373665179	1.41765504931248e-06
185118	648	203.615100026015	0.148230332587862	25.1669041533959	3.01348107213977e-06
394641	616	173.057309785851	0.580162303316317	28.8342258723387	1.20142006494927e-06
386373	601	150.253923402967	0.117321783164406	20.0745293101341	1.06543310393237e-06
225408	775	287.947348635899	0.654265776821564	39.6276687009067	3.49986178652845e-06
205019	975	203.615100026015	0.148230332587862	25.1669041533959	2.72096532083548e-06
188790	1201	265.281221088316	1.03797219927588	40.1540164021566	3.84976887544566e-06
321441	541	256.504186919027	1.27376278417836	44.3897548503619	2.18625252235536e-06
194526	630	244.51944197251	0.745317771582288	31.5789358769105	3.44383927792038e-06
373449	566	273.286863806837	0.504827771011803	32.5978485606777	2.0049086587924e-06
144885	804	212.501646438799	1.49558174321797	39.8344721243287	4.018333793099e-06
225255	762	205.660955878809	0.312608268620836	26.8471849242149	2.50140806481797e-06
260592	996	152.48439677007	0.917489906597101	30.403550662037	1.60314004498577e-06
172849	703	136.170203154231	0.845181700196979	27.5996694549498	2.15835237541218e-06
330277	648	221.462982219526	0.140527084044644	29.7356847768914	1.83708794887883e-06
182367	1175	130.722406144298	0.78179699904948	30.9911053619856	1.96386176488909e-06
331983	562	191.032827444985	1.02537637795598	35.2556614765983	1.57651930803178e-06
270034	610	139.476668350407	0.337770058107409	23.117025713224	1.41511016573567e-06
236721	630	194.28338656008	0.42362233065441	27.9489440672714	2.24856793799255e-06
217134	1004	250.815073950374	0.781273150361727	42.0786299212686	3.16470283864069e-06
230099	1131	211.640363462791	0.810532594839923	37.741562362462	2.51994407723121e-06
354575	1979	143.59167232095	0.960227127069752	32.7939566453789	1.1095024803644e-06
236775	690	176.472468868749	0.357334525078546	23.648677503254	2.0419648023599e-06
285621	648	315.763580981952	0.605271290674101	37.8624428597597	3.02885887704481e-06
274466	605	250.690643213231	0.114371317314259	30.8541010613544	2.50239986022403e-06
253620	530	152.977558872045	0.363830370379439	24.8681749633423	1.65253765337686e-06
206048	658	173.346597218208	0.778607291643354	31.599672418345	2.30491042941195e-06
224346	1036	172.620798397195	0.251490731308085	26.5324706212771	2.1080549429849e-06
179703	515	171.939145329881	0.335355101722283	27.3130869479068	2.62135941853344e-06
238093	724	193.588533569645	1.14451204490176	33.0211356081956	2.22761502449221e-06
178798	590	314.555005817591	0.529036334872104	35.7949453223541	4.8199338722276e-06
236417	578	212.455479415848	1.43363028790109	41.3518003333908	2.46204717350597e-06
374306	671	145.696103041102	0.704645021372412	28.2267244218191	1.06642000286413e-06
408704	861	178.41949908323	0.870360537922205	32.7140197127676	1.19602584127757e-06
182293	684	139.64238244271	0.725989710613333	27.7079378349189	2.09871947746789e-06
209851	794	194.617594078005	0.455709399216099	32.20279836605	2.54084511336589e-06
263850	820	196.232731689208	0.602850735774663	31.3478815143644	2.03761198573503e-06
306870	517	179.164444186032	3.98018338611001	59.4777719767269	1.59957470890161e-06
288080	1116	228.450325260901	0.566089104310067	32.3960357026297	2.17263017941079e-06
312330	698	143.663084835577	0.587942132315509	29.5355588787386	1.26019752409378e-06
190592	1100	145.551697289367	0.130728588193713	18.8128904834374	2.09227970426632e-06
282162	561	155.313376707684	0.735583254426252	30.1593033268305	1.50805601239358e-06
265261	1745	217.147475508001	0.143667314887345	26.8640311894644	2.24278951837202e-06
218943	503	124.592084257551	0.178098335464825	24.857523545078	1.55907325672931e-06
341987	653	108.949494275039	0.753606561802162	26.2598058217816	8.7281611621814e-07
201175	689	159.355800108265	3.45709299252841	51.6387053753781	2.1702062044157e-06
277990	570	263.623603958914	0.252838103227799	31.6882055402496	2.59813823951403e-06
203731	519	118.742476377687	0.49192794664865	30.046395214926	1.59682057757314e-06
251501	546	231.484397662937	0.277910673553736	31.1253093725959	2.52167517907891e-06
213370	720	159.858165942661	1.65202681829127	36.7993273328838	2.05262022742231e-06
230746	965	189.512028161693	0.367746168693413	29.8130929921058	2.25014100378526e-06
193495	540	152.687676802185	1.09649485428246	33.9863170727958	2.16192874336684e-06
242875	937	179.342803984877	0.528868161416183	28.5482176370065	2.0230577371231e-06
297639	723	100.702081535836	1.30016315063691	28.7039402268027	9.26948799709752e-07
209866	552	198.758735507615	0.741856262703609	33.8557718600244	2.59472463782976e-06
208738	2115	188.741752802825	0.986048935903681	34.3006206640214	2.47727147242227e-06
208040	674	254.540229263915	0.130538532968248	30.327285746649	3.35209811158438e-06
254112	1032	182.754903953466	1.14014881716185	34.700703032074	1.97038458237233e-06
184520	539	194.097182444703	1.65481904917456	38.7148930323893	2.88192663444736e-06
273365	953	236.152718985305	2.30336389818475	47.1117769818509	2.3667761075656e-06
199837	955	201.622666008803	0.579123848967045	31.1442899476718	2.76420715772126e-06
182293	751	150.24403195502	1.30197175922522	31.1063373665179	2.25805425775139e-06
306822	651	178.49486556376	1.80429557876834	38.9633757213579	1.59384603757817e-06
195975	1845	193.847172943361	0.79536933453235	31.7594478218249	2.70997905370738e-06
270707	704	156.353860177791	0.37385831016219	22.7358364949841	1.58239993872758e-06
402476	546	166.681750505054	0.14270836022541	22.9928204325057	1.13463245050844e-06
203731	526	155.962393112689	0.745204131380786	32.4633921705965	2.09734516448649e-06
188594	1209	144.604801663529	1.53029684958023	35.8161294348179	2.10069004742563e-06
280604	843	224.399272710465	1.58018399154475	40.642775134285	2.19096138320864e-06
240205	899	178.819648362286	0.563132693810385	28.9479943935376	2.0395780472021e-06
221622	517	153.030709576251	0.615065005004291	29.3260562620255	1.89178970507046e-06
315148	825	236.719154601432	0.116449127460363	29.3428568957611	2.05790812267576e-06
281884	816	147.504989872735	1.14608447983202	32.224519756399	1.43365093416193e-06
224421	530	244.481485453959	0.713666842362357	36.3640589366562	2.98462393855725e-06
363813	829	205.247224266513	0.385336576034541	33.0413237778453	1.54563240558751e-06
341715	540	146.884183975093	0.718385227084682	28.1008154872274	1.17765512737097e-06
228559	759	233.888772550977	0.391101971768259	32.0986166517012	2.80361376132163e-06
217946	1591	246.067175592271	0.393827316843227	30.5960900441405	3.09322788882694e-06
386527	799	185.519113956056	0.849880410599763	34.1064312533393	1.3149703515798e-06
272437	728	191.821982757963	1.07265599014574	37.8349280247915	1.92903195523714e-06
193774	705	164.398278417335	3.37965703780337	47.1892392310601	2.32438945492829e-06
205666	563	201.232640053856	1.29277065799438	37.9046395780277	2.68066817810145e-06
246785	534	197.633851447362	0.476494835103773	27.6696613208561	2.19406611708613e-06
241658	934	167.441776331576	0.185687782455262	24.8358711388125	1.89832156472887e-06
321569	583	165.391465503102	0.208737102290467	23.379296931845	1.40911376018281e-06
320155	551	213.5707715172	1.10766705402148	35.7051555188498	1.82763162036197e-06
250338	892	172.620798397195	0.251490731308085	26.5324706212771	1.8891806047779e-06
205239	780	199.647213859074	1.57410831187853	39.7625516820632	2.66508152986056e-06
325645	635	266.386552933797	0.271698613865134	30.6042257389626	2.24117112936284e-06
189898	547	204.499295108925	0.361519033494407	28.8037731887574	2.95038410828084e-06
245911	1053	149.992429603016	0.855736271388886	31.1610324968542	1.67108491810425e-06
207499	664	150.147740594492	0.589990640103808	29.5758409357255	1.98248508600823e-06
207636	881	164.92684324848	0.136533388069249	23.3546606150446	2.17618507900522e-06
179853	608	310.967429158712	0.393760046590233	35.366924883307	4.7370105549473e-06
238324	646	255.324188311192	0.202938194336906	28.2156884104008	2.9351568626754e-06
242811	1123	139.957766988373	2.36923036833133	42.8637276180704	1.57919508158381e-06
278937	716	231.411921166719	0.270087894572687	27.7533572734991	2.27293354223521e-06
196441	914	237.107851687289	0.709212087086598	31.3722718613013	3.30689903109796e-06
320129	754	185.458948636527	0.652594887379454	27.9216269986018	1.58719362692297e-06
356543	693	141.429576309229	0.648290561063136	30.2291416011874	1.08676454525306e-06
205708	879	168.270673062562	0.731871606843789	31.4436019381387	2.24111625526064e-06
176462	586	158.540902915034	0.852656047495727	34.4883534149001	2.46148540832236e-06
272455	587	94.732447604211	0.651400909457528	26.7080013202537	9.5260117208458e-07
202972	766	132.5113280992	0.754951026905352	30.9563668827729	1.78864441656167e-06
307389	573	227.857753691242	0.224376127387657	27.8120861025162	2.03087234199067e-06
195975	540	206.651628780146	0.208530773721387	29.0055871794402	2.88898505407834e-06
322399	541	330.733671135398	0.254236523648104	31.6566591267132	2.81055352822526e-06
211826	840	231.313787835709	0.124529159882078	27.6736737842869	2.99177818128719e-06
275562	810	224.108821805143	0.216100645160042	26.0583248475683	2.22816198194557e-06
288229	751	198.018068187847	1.23965866445204	38.1337688744295	1.88223688563319e-06
180198	598	188.712264365338	0.446871937504745	23.4376483223494	2.86917669658259e-06
302161	705	212.455479415848	1.43363028790109	41.3518003333908	1.92635650073557e-06
368581	546	224.321364979837	0.853117465622715	36.5536713663156	1.66741932475233e-06
258804	642	198.993813221665	0.158392134635052	27.3288156528244	2.1065691773482e-06
151775	899	184.525899329643	0.447347758132229	26.4605157285038	3.33092017211207e-06
275947	598	163.722019707647	0.524239421882467	30.8638026433603	1.62550590747893e-06
203207	661	167.46760659592	0.470668356997703	31.0218515790959	2.25787182792309e-06
162368	530	214.066633868933	0.7043092751311	34.3801298498902	3.61206597610389e-06
213339	799	388.922629804973	0.686110907766852	43.4170409742336	4.99459288512871e-06
307854	535	182.764047941941	0.283850273034218	27.4078749285033	1.62649638795993e-06
302279	791	216.325802842063	0.427771452882182	32.8600727930256	1.96068344954168e-06
157416	1003	118.482212497246	1.24241655497173	31.1179302326953	2.0621080535798e-06
258604	520	185.661838576335	1.06990820444949	33.1191642124814	1.96695554377354e-06
245580	1152	160.998800323023	1.9881865263331	42.7279274078289	1.79612592077824e-06
295015	816	138.070696039053	1.05609509112931	29.7564392084069	1.28222591922122e-06
353828	528	189.078183148197	2.29549905689927	41.8416447682788	1.46405151538064e-06
217035	590	224.447724775734	0.138015215598625	28.0769270934167	2.83330003620695e-06
209095	844	180.831196195514	0.130694520107771	26.2013096138596	2.36939159129692e-06
320260	561	160.411994008053	0.109322809619463	22.0697909050297	1.37227538590694e-06
247267	666	171.325868779811	0.403130283288024	24.7331647753203	1.89829593865132e-06
179875	640	154.006036743761	0.234447766452356	25.1916143623911	2.3457086712616e-06
213841	1299	112.785483769416	0.620455866807868	27.4313983453732	1.44500505233169e-06
197822	678	227.857753691242	0.224376127387657	27.8120861025162	3.15570471601829e-06
290358	754	158.894558578336	0.280484995066045	22.7461470277133	1.4992786758032e-06
321398	843	227.603068961078	0.58455459614307	35.0300289622327	1.94018024987137e-06
182867	948	285.325803935987	0.43162655752479	35.1264714460629	4.27477090634981e-06
179022	525	207.723401838597	2.0076067403737	40.9869691362768	3.17896800681874e-06
266375	744	209.640133376238	0.509888390422194	28.8710580551158	2.1561953253793e-06
212913	631	137.568529072556	0.489301860435516	23.5307847158479	1.77020698431208e-06
231555	594	210.039551127107	0.732090913710153	34.6105724345229	2.48515827775592e-06
336960	1256	148.300408082042	1.27611284353122	39.4423678930093	1.20578848497153e-06
230387	585	233.888772550977	0.391101971768259	32.0986166517012	2.78136855670637e-06
174846	1088	220.269446141403	1.11527311129617	37.1761957363719	3.45148264549364e-06
160439	611	184.863041175426	0.241719993786611	27.332886585792	3.15680155954678e-06
212352	569	200.818536205586	0.547465891505057	31.8987086688974	2.59092342161253e-06
254466	572	169.956837633438	3.36864862961552	49.24102649145	1.82985220657558e-06
229049	580	146.708761848219	1.82898495626454	41.6585141470709	1.75482893740113e-06
168748	788	137.273395664976	1.76751615488851	42.0200416926325	2.2287167549988e-06
400897	996	244.98346434724	1.10990590282166	38.6127936960479	1.67421450785135e-06
280881	1188	217.983321092135	0.274928869135486	27.9215818503769	2.12621921146185e-06
209091	589	123.369078602282	0.52261475282084	23.3681370445035	1.61650896319158e-06
269981	656	181.874312714838	0.484398898059264	29.1418245368839	1.84563279734437e-06
211554	669	166.027295276057	3.35836928535681	45.7760717310678	2.15013330934978e-06
242804	1242	117.181611327001	0.812376097267469	31.5716352862668	1.32224143953532e-06
342464	716	172.707544113951	2.42370401422588	47.8016878871893	1.38166742704883e-06
241099	732	158.894558578336	0.280484995066045	22.7461470277133	1.80559669575098e-06
241656	510	163.16730492467	0.817613664491557	32.4673223756128	1.8498763205647e-06
263496	963	200.924701929826	0.677992623904905	25.6523635489333	2.08913469435658e-06
224970	656	173.924842394964	1.60668438791495	38.5832558336758	2.11808871191914e-06
207910	534	209.792376852268	0.482142027541944	27.0160758124092	2.76453097595928e-06
291385	534	111.81033600454	0.140570580311391	22.2093476910015	1.0512884591989e-06
225633	509	237.622178366006	0.411886043875108	34.6114900520522	2.88530342084793e-06
284794	690	232.802221287529	0.62249158512329	32.8156938123251	2.23956370182426e-06
190843	541	280.532464734132	1.57276065758139	43.77341807376	4.02730042580553e-06
218920	593	218.619378594924	0.148270099154079	24.932486990091	2.73596382984619e-06
253719	607	139.476668350407	0.337770058107409	23.117025713224	1.50610659230986e-06
203127	766	165.719307781472	0.920022082744779	30.4320761356912	2.23518045740427e-06
283606	699	253.882104176066	2.52700023800098	46.3541879051274	2.45258354442977e-06
170004	573	192.020115704452	0.367953712628216	19.3425180289088	3.0945301803447e-06
170149	594	292.578376814446	0.573519654449935	38.2498061315864	4.71107437605969e-06
253371	689	224.602260655769	0.341478608339551	29.908097901257	2.42864676435296e-06
295760	553	142.968334389879	0.795832757891599	33.7365184030544	1.32436457540434e-06
272455	587	94.732447604211	0.651400909457528	26.7080013202537	9.5260117208458e-07
202972	766	132.5113280992	0.754951026905352	30.9563668827729	1.78864441656167e-06
226172	628	127.556363821348	1.23721840242094	34.3626664382057	1.54514922236838e-06
286513	968	149.10281379228	3.75217176269291	50.7622684121807	1.42576727654549e-06
202616	623	147.504989872735	1.14608447983202	32.224519756399	1.99452787502123e-06
315851	1149	182.956411898993	0.946586609190187	35.6084170556644	1.5869838739117e-06
293374	664	152.51524894758	1.01250971215195	28.9604630482762	1.42429116798577e-06
240341	1146	210.046280478144	0.65165042048639	33.5407594197848	2.39438656568774e-06
178280	995	182.971400556889	0.344058869057705	28.2253671940997	2.81182133932599e-06
158918	643	202.283832420195	1.01018625438969	37.3209851456175	3.48734744083914e-06
294859	709	115.145036913538	1.76873248320936	27.6350622462986	1.06988714795085e-06
147811	774	187.567560992361	0.473085915465453	26.9692049088487	3.47662710316684e-06
288516	970	333.615782931978	0.306176616470929	33.0263800866372	3.16799014144538e-06
209833	931	251.811440506006	0.357190712561162	30.6335269704229	3.28782583078306e-06
250476	521	168.68632985666	0.365615151773301	27.0710168904118	1.84510423503414e-06
364312	612	218.478060782249	1.07521907164184	35.0007370906897	1.64301485962694e-06
165326	598	171.845921350598	2.24827704234414	43.4697686509874	2.84777193802727e-06
259135	775	266.572157696772	0.87000064768686	36.6360269419192	2.81835598673006e-06
282846	851	150.24403195502	1.30197175922522	31.1063373665179	1.45530601390253e-06
235688	1438	162.921255827946	0.630266370339985	28.0363900101741	1.8938580029873e-06
229842	770	310.198415627966	1.30511412653281	50.5080469720597	3.69757778366587e-06
300687	990	244.622445590757	0.527707937725771	34.9274585679309	2.22889077702251e-06
179578	714	166.027295276057	3.35836928535681	45.7760717310678	2.53299013312423e-06
218624	1213	192.224323926376	0.288126391498463	25.8986245274167	2.4088937324353e-06
171753	663	135.54493200346	1.27891771033818	33.1294084081195	2.1621513341349e-06
293857	505.9612	194.715575645591	0.343721264618172	27.7523178064751	1.81539772928964e-06
147828	534	123.714638205301	2.53661754798826	38.0811517094332	2.29282824810657e-06
170935	596	302.636872756365	0.294706736049669	32.7856594075304	4.85062811677378e-06
202188	1168	176.555896973299	0.107421694936639	23.1962601684919	2.39240106350632e-06
151775	661	216.550176582441	0.141759625820063	23.7630543871915	3.9089978917502e-06
249933	518	253.384258555058	0.676007355976018	39.3948070851156	2.77755817797589e-06
232545	578	191.872578086938	0.97646977526785	32.7473780689407	2.26054439411124e-06
254132	905	310.967429158712	0.393760046590233	35.366924883307	3.35245289589244e-06
338354	1190	219.842456228314	1.11534065218461	33.4424390563255	1.78011224710113e-06
211902	653	188.485094032152	0.780653593091126	35.0672544846011	2.43696386960155e-06
310451	849	189.725839901896	0.727398393697463	36.2855165752102	1.67432806352381e-06
273951	944	263.623603958914	0.252838103227799	31.6882055402496	2.63644392319248e-06
321899	517	195.411005979941	3.14966886374398	44.3751541193561	1.66316956288502e-06
180462	1353	188.06194956118	0.242018559066417	26.5370302607832	2.85510643778655e-06
186460	1002	205.563427893276	1.05724281852775	35.3844962324033	3.02041978805217e-06
175926	814	178.655585739069	0.983239752871879	32.0074802995014	2.78223433824011e-06
225148	674	375.673340217884	0.124123943748576	29.0314139996149	4.57140204662801e-06
187458	680	147.504989872735	1.14608447983202	32.224519756399	2.15580695369257e-06
259236	1561	154.452023089813	0.333938811190595	25.527945771678	1.63232046337439e-06
239281	945	159.356988714279	0.56470466486924	30.4053862203394	1.82460993404475e-06
215911	576	142.547454169304	0.131896480981847	23.3979676956332	1.80880534260348e-06
217850	813	246.842363417194	0.568462911021666	32.0312432927877	3.10433990231049e-06
299137	547	244.278320853673	0.78599668602965	38.0785215762106	2.23728817756315e-06
230917	535	198.872699721854	0.883444567688318	35.2947188477233	2.35953486129962e-06
243612	507	189.21173305212	0.258410079810864	28.4237219532861	2.12792600418631e-06
420004	909	94.4195561352591	1.02423151469193	23.7429979680614	6.1590774240023e-07
245398	738	161.083141983991	0.97752197274105	29.0874702720904	1.7983996473829e-06
229791	964	188.712264365338	0.446871937504745	23.4376483223494	2.24995714527892e-06
356652	1131	200.989554403157	0.179792008146383	27.5067155939058	1.54395969581919e-06
290859	791	94.732447604211	0.651400909457528	26.7080013202537	8.9232567099627e-07
221996	1144	134.6195372184	1.30384631503205	32.3588933456312	1.66138421374e-06
223373	763	165.391465503102	0.208737102290467	23.379296931845	2.02856792337581e-06
254520	515	195.036619548627	0.362814246856255	26.5243704435335	2.09942991856416e-06
237833	715	182.932030755634	0.352388685300825	27.6153835104771	2.10729228452673e-06
204539	673	207.641476597844	0.237476288013901	24.1246705639076	2.78128258083941e-06
142177	1299	145.551697289367	0.130728588193713	18.8128904834374	2.80475585640101e-06
200225	506	265.485535981313	0.271018463529202	32.2813254284043	3.63270137508061e-06
232958	502	132.889114119773	1.63080823808886	34.8447634448992	1.56285581397379e-06
172518	769	293.265913975834	0.465472979682506	31.6616585096896	4.65730102057779e-06
349989	1133	256.136140576922	0.116104844993722	28.1319588600849	2.00504258961189e-06
161757	533	159.858165942661	1.65202681829127	36.7993273328838	2.7075649148111e-06
186278	1191	256.136140576922	0.116104844993722	28.1319588600849	3.76718050921567e-06
232916	874	161.083141983991	0.97752197274105	29.0874702720904	1.89477612816839e-06
172625	668	111.175751887656	0.813981764640332	31.5656302533218	1.76446691419013e-06
211603	713	220.997645484343	0.402497591483226	31.8544307283869	2.86136303042474e-06
163039	538	197.391691485813	1.53054615935892	35.8167525705132	3.31699258923112e-06
226061	586	348.242309751641	1.21128339429393	49.2853181088871	4.22049145968349e-06
139491	823	190.500782351138	2.38369525695476	47.0436023586932	3.74160305429708e-06
162462	614	202.910615926734	0.43653972810769	33.6238709145096	3.42184323527768e-06
207636	974	188.75599199708	0.777813689972224	29.4168401519622	2.49060713990632e-06
192483	806	185.274383670191	0.430349143333549	30.3689356356983	2.63712146605782e-06
223143	1192	240.973244077649	1.03967971812258	40.3375281881472	2.95864386830816e-06
338808	737	219.449838237231	0.121403247648619	28.5081676324218	1.77455205758619e-06
308670	1388	187.168004982259	0.141638976699722	28.2688758412318	1.66128569263587e-06
258332	779	190.879046564281	1.26978767412385	36.1205578803661	2.02435738490367e-06
304919	590	181.084882177051	0.347144794639258	25.2030254492166	1.62706477742821e-06
225031	527	160.89772060515	0.652591024442325	26.8163945902899	1.95891087401657e-06
242172	758	315.392715870554	0.163364866142024	33.6202628073249	3.56808232381145e-06
296703	578	121.035252135981	1.7041991219096	28.8741044258681	1.11762749453001e-06
181370	705	147.740622230062	1.03906439097973	34.9145493848999	2.23172976802981e-06
189496	726	135.027522844165	0.548977034957874	29.5532361992548	1.95222283716351e-06
306870	517	179.164444186032	3.98018338611001	59.4777719767269	1.59957470890161e-06
172387	536	159.356988714279	0.56470466486924	30.4053862203394	2.5326416123499e-06
206513	751	125.363423093705	0.716855501246409	29.1858993030734	1.66314679043662e-06
235086	538	179.445328470798	3.3318799418934	50.5770535090381	2.09128164546717e-06
192197	1296	365.724328278831	0.787741441823079	40.2921888054663	5.21331998438005e-06
169648	902	231.411921166719	0.270087894572687	27.7533572734991	3.73718088907893e-06
212191	579	214.066488364723	0.163054227422018	24.233337408441	2.76394158925857e-06
302055	598	155.812313842062	0.804204615731268	27.40610992211	1.41326265621191e-06
177752	835	183.891090628448	0.630080681994561	32.4064979197748	2.83434902111497e-06
203164	520	168.285789946688	0.852537069789034	36.7464214963969	2.26938315232054e-06
234550	843	208.133845523491	1.20347152656265	35.1744435152253	2.4311648423065e-06
239488	3299	144.604801663529	1.53029684958023	35.8161294348179	1.65426885190151e-06
292066	562	159.039184329633	1.16194832534307	38.6782557086399	1.49186756652238e-06
203202	1250	128.288130253971	0.398801542952105	22.323235593174	1.72967947885815e-06
316914	530	136.923731863223	0.150803749034205	23.9523614038581	1.18370760507278e-06
176588	594	155.812313842062	0.804204615731268	27.40610992211	2.41739558532906e-06
242656	564	141.318468251664	0.632360884570681	21.0526276663669	1.59556691621471e-06
308670	675	212.56812996456	0.823017594389261	33.7626154596767	1.88673482443732e-06
219777	702	214.066488364723	0.163054227422018	24.233337408441	2.66853915453557e-06
254177	518	176.994867631246	0.396744736525644	26.007819695175	1.90779435419042e-06
212422	923	160.653371040736	0.443297283103846	27.62241578335	2.07203689838818e-06
243208	531	157.406132881467	0.356520610584333	28.6115119725704	1.773172260482e-06
379854	503	202.68578993451	1.85180321187107	45.2232379684623	1.46188676193261e-06
224457	679	177.051115893994	0.673576791477387	32.4689233590554	2.16108898539366e-06
245278	677	241.990592643127	0.620573282268611	36.2977283397391	2.70300607901917e-06
185193	530	160.023316257723	0.177439273799778	26.6763948542207	2.36736833758137e-06
350265	635	191.608848430259	0.483804214244665	32.5580837125193	1.49873880954134e-06
204135	909	204.517162041009	1.15107461411945	39.9549227414862	2.74485508067296e-06
230934	690	198.37802207038	0.641733710424258	30.026966065925	2.35349247113811e-06
362146	668	125.087485386311	0.582836785350106	29.8286014926396	9.46318444534941e-07
330469	647	142.441389931784	3.35911722532009	47.2957038067402	1.18089861189628e-06
196405	509	192.268883803599	2.35078300908419	47.2252072082523	2.68202981194644e-06
238595	700	112.734275332151	0.836534691967264	27.1949145503532	1.29449916514287e-06
301693	509	224.602260655769	0.341478608339551	29.908097901257	2.03965176298712e-06
276667	687	169.709867673285	2.94451722599561	43.3220757219335	1.68057101703725e-06
223343	558	158.465304670552	1.11276482086729	34.803226919482	1.94387789026452e-06
236012	559	179.965624687303	0.452472641852338	24.4529955595479	2.08911625676919e-06
194580	514	167.824100382335	0.787479776959786	30.596990972625	2.36299751177929e-06
176556	903	232.936142250653	0.816809049434321	36.2005144397037	3.61461072773298e-06
222183	598	188.712264365338	0.446871937504745	23.4376483223494	2.3270002762173e-06
394909	567	237.273927253771	0.469378483762247	30.9665482656945	1.64611481156398e-06
260941	625	195.0349739258	0.302722994847273	27.9732597345471	2.04775176885679e-06
224575	821	251.534170719541	1.09688581558069	29.8616667749807	3.06861722943387e-06
222801	779	108.949494275039	0.753606561802162	26.2598058217816	1.33972363291499e-06
204668	768	278.038246179929	0.507059142793789	36.3201840035872	3.72187454644125e-06
257336	548	115.145036913538	1.76873248320936	27.6350622462986	1.2258908763548e-06
221724	688	231.484397662937	0.277910673553736	31.1253093725959	2.86033009152607e-06
203644	564	195.683937942184	0.318472155558199	29.8546031573466	2.6326352749101e-06
253159	670	181.084882177051	0.347144794639258	25.2030254492166	1.95972872727666e-06
300063	571	231.805907429272	0.897080804938591	35.8634323822717	2.11650446035805e-06
191642	561	175.973239047269	1.25165894736649	37.1339288733513	2.51572444006639e-06
183695	633	256.136140576922	0.116104844993722	28.1319588600849	3.82015215926224e-06
163517	845	158.645346299301	0.369946953453494	29.5179575338944	2.65810150859939e-06
164909	602	137.568529072556	0.489301860435516	23.5307847158479	2.28550339672691e-06
343419	554	215.611136220054	0.95000750305317	37.6018493574693	1.72010122240988e-06
304214	634	191.367663736276	0.441612114035893	29.7819924286723	1.7234412917896e-06
250273	1187	123.714638205301	2.53661754798826	38.0811517094332	1.35429796366807e-06
213081	588	171.325868779811	0.403130283288024	24.7331647753203	2.20285216355515e-06
259222	632	125.07571293007	1.62084671825645	34.3335940839731	1.32192941227898e-06
217276	509	122.242209876359	0.664045351579251	27.1477913213923	1.54140431545509e-06
224277	825	207.824379919988	0.459075070379376	30.9818038648285	2.538743887222e-06
426534	523	135.027522844165	0.548977034957874	29.5532361992548	8.67312849036975e-07
207010	590	94.4780045666481	2.18094495473243	32.8976410293681	1.25039296714073e-06
230393	506	189.122850641692	3.36960672201898	45.5436868299445	2.24896067275745e-06
330277	648	221.462982219526	0.140527084044644	29.7356847768914	1.83708794887883e-06
300249	764	194.28338656008	0.42362233065441	27.9489440672714	1.77280607379053e-06
272674	519	198.945567164346	0.332187584601528	28.4468529120204	1.99893040185521e-06
208124	997	214.06841245836	0.135424426996186	27.5107791813998	2.81797775007102e-06
247059	761	164.398278417335	3.37965703780337	47.1892392310601	1.82307158306022e-06
219694	532	94.4195561352591	1.02423151469193	23.7429979680614	1.17747282783811e-06
223895	659	182.764047941941	0.283850273034218	27.4078749285033	2.2364207285514e-06
240177	566	200.961402166194	0.56274910845374	26.7672412598799	2.29238929629802e-06
209988	620	520.10515215811	3.33434258680093	61.1615827209456	6.78584310699176e-06
197196	902	220.363321616069	0.624600207161933	35.0886414592314	3.06159926020435e-06
287570	621	257.639612339423	0.117332397018625	26.1886040659947	2.45457437011808e-06
249729	671	180.831196195514	0.130694520107771	26.2013096138596	1.98386224580337e-06
262481	685	240.973244077649	1.03967971812258	40.3375281881472	2.51523222140226e-06
261052	883	180.19177888138	2.52728044116183	44.9499540545124	1.8911025639502e-06
172718	1176	147.357097254281	0.251537086872157	26.431117761327	2.33744065279394e-06
220988	807	182.756708023348	0.666055294035232	27.5513695160217	2.26574886262154e-06
246393	715	227.124056253742	0.766447165549258	37.2704362777304	2.52546820878197e-06
168716	936	164.681855033783	0.153973812769634	27.4483686182852	2.67421681687639e-06
326252	1391	365.724328278831	0.787741441823079	40.2921888054663	3.07119791154658e-06
154127	625	247.759334180781	0.403176251075269	36.0920457009485	4.40411281855678e-06
217443	1170	197.791659617387	1.12646424287267	35.5127551904228	2.49212417900716e-06
259008	546	185.944705863725	0.531630765658218	33.7125204161353	1.96687959565564e-06
236992	506	196.192918336487	1.04862727889449	35.1786503471738	2.26807168494084e-06
192355	823	214.560417719462	0.492589886822602	33.319802653309	3.05599938070359e-06
291133	746	177.992072638162	0.375571576412011	23.834204679584	1.67500597348001e-06
273765	1058	177.051115893994	0.673576791477387	32.4689233590554	1.7718537811426e-06
267721	1260	149.22005865372	0.85185974162917	33.7751375384279	1.52704523927276e-06
208553	1332	182.971400556889	0.344058869057705	28.2253671940997	2.40366481601817e-06
237625	755	263.623603958914	0.252838103227799	31.6882055402496	3.03948005976856e-06
256333	529	170.546299571329	0.550088651291978	27.6647496530014	1.82282474676245e-06
378822	800	112.734275332151	0.836534691967264	27.1949145503532	8.15319670735234e-07
224652	600	252.316963733069	1.93904263352191	42.9760808060809	3.07711194511217e-06
222633	691	133.999730544507	0.560679426734842	27.5387948082727	1.64900328988517e-06
475049	580	150.24403195502	1.30197175922522	31.1063373665179	8.66494792765113e-07
282359	533	226.560369681692	0.189844848214933	23.7243010196658	2.19831257935351e-06
285554	612	248.078759628179	0.271496986345966	31.7232499559261	2.38017269797569e-06
208436	621	150.147740594492	0.589990640103808	29.5758409357255	1.9735730529353e-06
188519	589	196.245381388595	0.886091294392399	32.7175846673023	2.85201268385062e-06
238544	700	142.033244989068	0.30977883529903	27.8743369082256	1.63128051031357e-06
208642	775	185.986997544713	0.236056793015328	22.0131633253874	2.44223798626701e-06
252384	526	237.107851687289	0.709212087086598	31.3722718613013	2.57389752348768e-06
318161	576	213.5707715172	1.10766705402148	35.7051555188498	1.83908587607213e-06
296590	523	262.784723188763	0.641063362400767	34.3583983847183	2.42745252949404e-06
212172	599	227.857753691242	0.224376127387657	27.8120861025162	2.94227239377566e-06
265548	716	260.430486982419	0.230492499145313	29.3058155255105	2.68692734840208e-06
228951	633	215.210886231442	0.651815702390296	31.3955671999408	2.57530592304691e-06
312855	834	184.269614828439	0.823682680784477	36.5090824626702	1.61368128942783e-06
250206	509	112.734275332151	0.836534691967264	27.1949145503532	1.23442694542602e-06
293232	593	329.250125773121	0.302245321161666	29.7558155881017	3.0762506789997e-06
180741	815	238.604376720383	0.114782080391796	23.8643708131425	3.61683636336932e-06
160417	857	168.036837186253	0.717829127351999	26.4460236122436	2.8698635207035e-06
323984	608	154.749273388337	2.07316878940774	41.4245440968901	1.30861589468258e-06
143932	566	179.445328470798	3.3318799418934	50.5770535090381	3.41571740062179e-06
148105	533	166.681750505054	0.14270836022541	22.9928204325057	3.08336875966938e-06
255710	537	154.256975116776	0.296954986032922	22.8458181959301	1.65273884335772e-06
278554	1247	260.493192921926	0.509989948806062	33.3787608960296	2.56208843027929e-06
196910	779	248.180868288154	0.341116323679602	30.8562565371896	3.45308813341682e-06
287570	621	257.639612339423	0.117332397018625	26.1886040659947	2.45457437011808e-06
179254	555	277.453098653743	0.758870155244825	43.6289651695613	4.2406053742939e-06
216218	939	141.429576309229	0.648290561063136	30.2291416011874	1.79207231247242e-06
144447	893	388.068001195148	0.896725327170487	45.2434941502006	7.36048518331553e-06
294815	795	154.452023089813	0.333938811190595	25.527945771678	1.43532801127257e-06
241603	583	302.636872756365	0.294706736049669	32.7856594075304	3.43183701005669e-06
192413	508	325.796986029915	1.46233968103837	48.7554056678657	4.63895101824585e-06
306375	512	186.837392789853	0.580901972953663	28.3523696599305	1.67077362029345e-06
263302	877	148.300408082042	1.27611284353122	39.4423678930093	1.543104450008e-06
286847	503	192.251169801646	1.79400740633677	44.2226809984102	1.83622465531499e-06
252779	1833	108.949494275039	0.753606561802162	26.2598058217816	1.18084083383941e-06
308799	1278	225.62108722012	0.420549368579901	28.2409821739406	2.00175507364541e-06
325362	736	251.534170719541	1.09688581558069	29.8616667749807	2.11805531776948e-06
343391	513	143.872819379487	1.18311803078	33.4765049520938	1.14788130116691e-06
195610	686	195.023573537253	0.965068986924667	32.6814220800308	2.73151250128335e-06
197758	596	210.039551127107	0.732090913710153	34.6105724345229	2.90987381044394e-06
364853	549	176.555896973299	0.107421694936639	23.1962601684919	1.3257799339137e-06
232277	968	285.325803935987	0.43162655752479	35.1264714460629	3.3654409663095e-06
276097	622	151.703351203271	0.706473713952826	32.7351097930617	1.50536086858962e-06
187975	623	155.812313842062	0.804204615731268	27.40610992211	2.2709565188035e-06
208436	1431	176.472468868749	0.357334525078546	23.648677503254	2.31959074285999e-06
202965	1162	182.864169278166	0.414335821114012	26.3139056582556	2.46839466927682e-06
277864	699	206.711348703547	0.651787556503416	29.6498845798153	2.0381642177522e-06
169986	1036	208.161097880204	0.170501008187181	26.047687117563	3.35500792861755e-06
253019	944	257.974987430586	1.59050816456724	42.9693578758093	2.79339017022855e-06
326498	735	132.268817058142	1.28433737230013	35.498829264128	1.10990058348669e-06
333728	567	239.702823588371	0.157326883103285	26.7632512000449	1.96783028282216e-06
248193	698	135.54493200346	1.27891771033818	33.1294084081195	1.49623872587733e-06
239061	678	171.747818485228	0.676914460989519	28.9351831558202	1.96829247954572e-06
225598	629	152.627207754241	0.130375283593466	24.9640628245053	1.85354805261245e-06
276571	613	285.157942268588	1.44591391566562	46.4874766661448	2.82478870290918e-06
176077	1154	290.329348800264	0.295908483892115	33.1335449081661	4.51747175057152e-06
381448	763	236.439597676799	0.153978620333473	28.9041100768891	1.69821238979484e-06
259665	991	213.737877056042	1.10107134921315	35.414106567082	2.25514884490044e-06
342732	766	212.27061328206	0.65042848901703	33.0992141751345	1.69684571052729e-06
386451	662	132.889114119773	1.63080823808886	34.8447634448992	9.42111068962706e-07
320155	1174	203.003976480597	0.418010206535669	30.8886595776324	1.73720628454665e-06
243381	851	215.78778285815	0.632300729310202	31.959927258764	2.42911075675925e-06
209074	543	227.205100403702	1.7967676649493	42.9729257611249	2.97731773024589e-06
217754	526	204.753258716656	0.295222649164768	29.6575327632615	2.57615397237446e-06
244097	626	208.238435535585	1.17348409732541	34.9185287317273	2.337252247022e-06
262416	947	147.845257802775	0.815465874205179	32.1476214066073	1.54356251459332e-06
226172	628	127.556363821348	1.23721840242094	34.3626664382057	1.54514922236838e-06
299604	573	115.769159365035	0.681644108365273	31.8219880623489	1.05865001496071e-06
200227	532	302.636872756365	0.294706736049669	32.7856594075304	4.14101053874216e-06
216821	541	164.92684324848	0.136533388069249	23.3546606150446	2.08399723764916e-06
231046	614	158.894558578336	0.280484995066045	22.7461470277133	1.88415968140053e-06
212502	897	149.430228470803	1.83353065679773	34.9993230482448	1.92656015576972e-06
185267	524	163.289201448195	1.62102538863676	38.8576762375402	2.41471862339507e-06
236022	607	210.284008762583	0.918085766272397	31.462079878242	2.44096131696317e-06
283900	887	226.560369681692	0.189844848214933	23.7243010196658	2.1863802099108e-06
211055	774	169.984204409974	1.50630264895492	36.6542644852155	2.20658192920529e-06
199722	613	193.094538713739	0.670408662953281	33.3526535001682	2.64881251670972e-06
187532	825	247.331674695793	0.707312292567756	38.5403580280807	3.61336212787053e-06
335420	525	268.463348744885	0.985283758136566	39.3173959490419	2.19282101233853e-06
284905	557	193.588533569645	1.14451204490176	33.0211356081956	1.86160139002975e-06
240669	1029	266.386552933797	0.271698613865134	30.6042257389626	3.03248932110642e-06
307389	573	227.857753691242	0.224376127387657	27.8120861025162	2.03087234199067e-06
247775	577	172.328988222902	1.55140129995539	38.1680305775453	1.9054957695866e-06
183134	823	185.705454030338	1.87865126704297	46.6015259451762	2.77819556082728e-06
402476	546	166.681750505054	0.14270836022541	22.9928204325057	1.13463245050844e-06
315148	825	236.719154601432	0.116449127460363	29.3428568957611	2.05790812267576e-06
184292	732	193.847172943361	0.79536933453235	31.7594478218249	2.8817753621986e-06
266536	876	251.534170719541	1.09688581558069	29.8616667749807	2.5855220844468e-06
209123	907	278.308210425197	0.396006142168713	30.3328451187903	3.64612332330861e-06
235117	648	210.284008762583	0.918085766272397	31.462079878242	2.45035693698151e-06
202301	815	228.513443000035	0.205328080320343	29.3361736605086	3.09471642452265e-06
247502	717	178.511870285167	0.804814954281262	33.5282105925379	1.9760390510769e-06
199246	768	158.645346299301	0.369946953453494	29.5179575338944	2.18144798079583e-06
206180	523	231.484397662937	0.277910673553736	31.1253093725959	3.07597162291942e-06
242773	574	291.518938480546	1.00832994487632	40.9495516087373	3.28983051341942e-06
165178	687	159.355800108265	3.45709299252841	51.6387053753781	2.64315606904872e-06
301010	1124	202.362456386436	1.08684947557443	34.9134177577617	1.84185804036398e-06
222271	620	283.274352751886	0.45843418648284	32.6559984797608	3.49165710834277e-06
221616	675	183.578040451145	0.434690983151236	23.643118628231	2.26948205672239e-06
225633	637	173.295175371707	1.52617997012374	37.2533812982567	2.10421925156444e-06
208081	610	160.091344859749	0.702623325683512	29.6286852745104	2.10786388124473e-06
227456	713	132.450226122655	0.837178414311623	29.8576764146837	1.59537375071614e-06
249114	655	110.509188760865	1.3556184305514	30.0341387436003	1.21536686302134e-06
268108	1050	142.702491054484	0.419262848356109	27.6878598877754	1.45823969786949e-06
207636	881	164.92684324848	0.136533388069249	23.3546606150446	2.17618507900522e-06
245030	835	219.842456228314	1.11534065218461	33.4424390563255	2.45809941336022e-06
302842	694	198.832838270135	0.141499697688551	25.3635379608649	1.79878452166463e-06
283680	734	159.858165942661	1.65202681829127	36.7993273328838	1.54387894079631e-06
348474	792	174.767677581521	0.290267254172322	27.1710258152819	1.3740352365395e-06
196766	703	49.8152244930627	2.03555924656244	29.5690757042494	6.92710317495653e-07
214056	696	171.65877735573	1.70841224204084	36.1420301648172	2.19707936312313e-06
282020	974	213.899924706188	0.163785509687343	26.7289481238553	2.07796323301843e-06
194354	840	290.571956814201	0.619115984544354	36.0219594911248	4.09606981546878e-06
213566	735	257.656102095742	0.147468152806291	32.1313549044763	3.30533478657385e-06
152361	585	157.736185509646	1.02705742567601	35.5176728459778	2.83638157338912e-06
215040	647	193.588533569645	1.14451204490176	33.0211356081956	2.46642273077764e-06
242875	519	138.109986685329	0.741271420414646	24.606760338149	1.55793525544121e-06
330571	705	248.180868288154	0.341116323679602	30.8562565371896	2.05688818544611e-06
266522	530	192.020115704452	0.367953712628216	19.3425180289088	1.97388023795154e-06
199880	635	214.066488364723	0.163054227422018	24.233337408441	2.93417815572526e-06
176588	594	155.812313842062	0.804204615731268	27.40610992211	2.41739558532906e-06
242656	564	141.318468251664	0.632360884570681	21.0526276663669	1.59556691621471e-06
215124	1132	162.518431002156	3.8753461914999	49.1725864298232	2.06976430034944e-06
205169	686	198.687552458162	0.867101436267021	34.5027591115198	2.65317596122945e-06
162374	787	283.918867320245	0.760170139519715	39.4881152923296	4.79054473294015e-06
168764	1052	135.54493200346	1.27891771033818	33.1294084081195	2.20044546284558e-06
424185	526	139.133430005794	1.175863857735	33.3280744623252	8.98634981123634e-07
282684	1444	274.722071293427	0.251598998832837	31.0985403307575	2.66256034661703e-06
240812	542	182.756708023348	0.666055294035232	27.5513695160217	2.07922906521688e-06
306875	1538	186.837392789853	0.580901972953663	28.3523696599305	1.66805138221558e-06
245348	1175	162.414209840225	0.914933383034631	35.7162724056535	1.81362977451793e-06
358366	1703	251.534170719541	1.09688581558069	29.8616667749807	1.92299133930147e-06
259817	533	203.399884544291	1.29714604454993	35.6055259174925	2.14481715074684e-06
198254	757	217.417855131927	0.694613336154606	32.7950753589773	3.00455656141025e-06
214565	589	194.28338656008	0.42362233065441	27.9489440672714	2.48075525295148e-06
206709	679	203.432356028001	0.50729211839114	31.9793044647548	2.69629730986392e-06
245970	563	218.827805372223	0.309772695707657	25.7194062025882	2.43740388623207e-06
198871	759	182.956411898993	0.946586609190187	35.6084170556644	2.52048032925306e-06
308804	669	194.28338656008	0.42362233065441	27.9489440672714	1.72369286294716e-06
317149	780	219.842456228314	1.11534065218461	33.4424390563255	1.89913289733108e-06
314838	531	174.021940357967	0.656466425506617	28.7547994292927	1.51434210399283e-06
308900	1019	248.632810253107	1.71527148699968	44.4301377460445	2.20519838625886e-06
250046	938	157.013939981656	0.911117466130898	29.9058633048595	1.72038416144203e-06
324250	681	213.196858181452	1.35499954268774	36.0196198158136	1.80139084446892e-06
304350	667	189.122850641692	3.36960672201898	45.5436868299445	1.70246359874686e-06
203715	1475	184.054713456123	0.786274664718698	32.1300604103126	2.47531840522733e-06
322236	1129	113.964589945724	1.44493510298352	30.5710103366138	9.68953665251419e-07
189025	819	141.429576309229	0.648290561063136	30.2291416011874	2.04987854124143e-06
203255	717	191.775266917091	0.90713077398734	38.566357331323	2.58498777488284e-06
272937	653	183.284965737543	1.12525802283376	33.7049617309844	1.83980402459821e-06
190169	511	164.273553288402	0.304017637761802	23.9735985970816	2.366655604001e-06
279851	936	221.462982219526	0.140527084044644	29.7356847768914	2.16811051771068e-06
197450	685	192.463087367652	0.642804898643904	30.8184603405956	2.67052990516277e-06
237159	644	132.334376700291	0.936245824491605	28.1979445247856	1.52876313429042e-06
307029	512	126.840184013036	0.478178306562073	26.7233542960097	1.13183886036945e-06
204072	622	180.221981084012	0.477875907120852	28.4040353332303	2.41953257813401e-06
190625	584	155.742418904296	0.261013823045788	24.3492686226984	2.23838194697394e-06
231967	748	138.070696039053	1.05609509112931	29.7564392084069	1.63073143834705e-06
263834	731	240.517694041312	1.27839860016747	35.9514744832899	2.49760298678166e-06
252237	948	217.795489766537	0.994367370503157	37.8312519293979	2.36563221082995e-06
354140	744	281.323978970977	0.174665998776231	30.0651676933791	2.17640093555584e-06
224868	563	94.4195561352591	1.02423151469193	23.7429979680614	1.15038029172255e-06
371159	545	164.775657307664	0.341044047716555	29.935739618212	1.21629855939718e-06
224245	1654	271.057503558933	1.24453852622665	47.6101797756784	3.31166044915933e-06
428726	575	109.318438092217	0.600382673089734	28.1173400125461	6.98587373090652e-07
293369	583	121.444320998247	0.66427508143099	29.8071970409726	1.13414903114673e-06
284514	511	186.837392789853	0.580901972953663	28.3523696599305	1.7991496654555e-06
183695	633	256.136140576922	0.116104844993722	28.1319588600849	3.82015215926224e-06
239488	518	250.596589322008	0.402771360410848	35.8677743530645	2.86680751495894e-06
210981	763	379.772093197555	0.107734403925938	29.4927582856564	4.93158857059394e-06
267576	876	211.921001147883	0.311476478871357	29.1768438115575	2.16987129861026e-06
213154	781	166.329696231082	1.05176411984309	35.7806768302798	2.13788058349069e-06
175348	502	175.929714167439	0.830436040137039	34.5895827038852	2.74881502439203e-06
229725	607	188.771781056091	1.14520666489426	40.8864177991054	2.25131336074659e-06
207779	1273	163.722019707647	0.524239421882467	30.8638026433603	2.15880083478642e-06
213654	605	261.770729201865	0.254809519914895	32.2735889367252	3.35673603117709e-06
231308	1015	192.231438746351	0.676703967035919	31.457334295753	2.27688396431338e-06
290624	776	168.581516434397	0.160749610139318	24.2059965019376	1.58922583239311e-06
242247	949	149.60885128796	1.08093580372939	32.7502923073127	1.69202204280189e-06
324887	580	247.342447939458	0.694471540193603	35.3269697235184	2.08580380963192e-06
335431	700	197.024809364676	0.283470416511779	26.1619191139077	1.60925495335669e-06
233156	723	213.737877056042	1.10107134921315	35.414106567082	2.51155117093737e-06
222553	848	154.71032589478	0.337662352417099	27.3566951612805	1.90455265290084e-06
337084	570	219.842456228314	1.11534065218461	33.4424390563255	1.78681901026348e-06
212100	997	185.519113956056	0.849880410599763	34.1064312533393	2.39637692166471e-06
165279	1365	189.497586570183	0.233510056549932	29.2159354760393	3.14118230419652e-06
256360	1067	192.349277897881	1.22175305255242	38.9714168931766	2.05564176551682e-06
238235	689	329.827858287153	0.558644670108271	36.61269158404	3.79305294314441e-06
262032	803	212.455479415848	1.43363028790109	41.3518003333908	2.22136917101255e-06
228537	550	135.35250953395	1.50712796278997	33.0194418997073	1.62262037763556e-06
191642	689	196.245381388595	0.886091294392399	32.7175846673023	2.80553625586685e-06
265302	706	231.805907429272	0.897080804938591	35.8634323822717	2.39381790521148e-06
264069	674	240.19703361311	0.295258351264076	32.72096878428	2.49205345835161e-06
235009	533	160.091344859749	0.702623325683512	29.6286852745104	1.86633883924992e-06
245684	824	168.036837186253	0.717829127351999	26.4460236122436	1.87384972729479e-06
369201	820	293.121909483527	0.103015259906819	30.4497108723252	2.17516671030794e-06
243020	529	329.827858287153	0.558644670108271	36.61269158404	3.71836872648345e-06
246567	648	210.154889106361	0.522303106428483	38.8816586261433	2.3351333287483e-06
214638	718	246.095054517332	0.442641836250659	35.514256778389	3.1412565625606e-06
170236	748	230.797235254398	1.07041890001645	38.5991417519353	3.71437999293805e-06
228779	1424	127.212562757771	1.599950041528	34.6055486391876	1.52342465523222e-06
218266	757	278.308210425197	0.396006142168713	30.3328451187903	3.4933899358593e-06
248789	576	180.179499646418	0.263765825987712	23.7442261846621	1.98418123303163e-06
314808	980	229.139572371283	1.26620471634332	43.5361439115929	1.99416676301835e-06
293607	582	142.702491054484	0.419262848356109	27.6878598877754	1.33159539423922e-06
182608	749	128.288130253971	0.398801542952105	22.323235593174	1.92474770800258e-06
264259	515	151.646587849798	0.333485356037191	27.550445017376	1.57220796150018e-06
252391	537	168.738730484954	1.66755809920068	39.0866569698672	1.8316734421576e-06
277860	523	160.061781013637	0.524131034268609	29.5879612038838	1.57822438434687e-06
170935	556	184.525899329643	0.447347758132229	26.4605157285038	2.95755935953614e-06
233236	1851	200.706789111026	0.918002146551934	37.7077663103495	2.35761895248937e-06
324126	572	202.851184860799	0.503052122361507	28.4151990887914	1.71463156566121e-06
228981	509	188.712264365338	0.446871937504745	23.4376483223494	2.25791616933627e-06
169648	598	225.711753918924	0.675616098890863	35.3441648097528	3.64512618422358e-06
157811	654	302.636872756365	0.294706736049669	32.7856594075304	5.25401979038677e-06
326828	1953	242.564950182475	0.11037765728179	27.507981780937	2.03336772660007e-06
177658	622	277.413847738278	1.62456962609634	57.4966043837922	4.27809577395322e-06
314705	738	273.6331613865	0.11309971014247	30.4530822947221	2.38216709048026e-06
207910	688	131.917593210047	1.14254110360936	31.5703514342829	1.73833901009653e-06
152361	1117	168.036837186253	0.717829127351999	26.4460236122436	3.02160589915197e-06
335088	701	141.489684613955	0.842663333135899	33.5609774176828	1.15683931249428e-06
340098	811	248.351325714041	2.02367715607747	50.4782184453401	2.00064272944085e-06
201082	523	121.035252135981	1.7041991219096	28.8741044258681	1.64909554564574e-06
194338	862	261.770729201865	0.254809519914895	32.2735889367252	3.69037491383625e-06
189110	653	124.138908025575	1.20063045978303	32.9696911607715	1.79845908376259e-06
185088	1510	287.153999829326	0.145455069532899	31.4619345171622	4.25053643241935e-06
189469	726	125.034402458168	1.18710650697423	35.6831193631055	1.80800028888476e-06
237067	1093	142.441389931784	3.35911722532009	47.2957038067402	1.64616071985873e-06
244413	518	245.600294098085	0.97526008734468	38.5584185389561	2.75303489616733e-06
177175	718	185.386540659294	0.518999351215395	32.9977252170042	2.86670427867029e-06
319347	931	150.24403195502	1.30197175922522	31.1063373665179	1.28896618665049e-06
193108	567	242.092555778348	2.06705374676768	40.8529617467956	3.43469600485253e-06
343391	809	153.835846413787	1.00439725408855	32.5201839581364	1.2273707591828e-06
193758	1146	218.87917638133	0.280555924851229	29.5493452399987	3.09493789359513e-06
213359	607	172.620798397195	0.251490731308085	26.5324706212771	2.21661000585347e-06
261371	1084	179.350192230871	2.08662670515312	42.0750597134097	1.879972872559e-06
202301	625	172.862837065554	1.12339219528699	36.8196374318173	2.34105028585242e-06
306870	517	179.164444186032	3.98018338611001	59.4777719767269	1.59957470890161e-06
248874	618	185.986997544713	0.236056793015328	22.0131633253874	2.04743532040599e-06
212502	583	182.971400556889	0.344058869057705	28.2253671940997	2.35899666061985e-06
245140	522	148.300408082042	1.27611284353122	39.4423678930093	1.65743039853147e-06
275145	543	244.51944197251	0.745317771582288	31.5789358769105	2.43477540706442e-06
328286	1015	121.035252135981	1.7041991219096	28.8741044258681	1.01010530607317e-06
408965	570	159.361401332348	0.96648203945653	31.3041924105007	1.0675891066295e-06
202184	572	183.743723418621	1.73440364893686	35.9789564688815	2.48984816514106e-06
221147	502	178.030416815316	0.373809676239082	27.2040570608651	2.20556718661028e-06
259222	770	170.546299571329	0.550088651291978	27.6647496530014	1.80250957022112e-06
252189	545	176.522209314666	0.814686010111526	37.8396908387251	1.91769859618404e-06
192929	902	261.770729201865	0.254809519914895	32.2735889367252	3.7173264776426e-06
235383	739	344.341008105502	2.45705659954608	54.1826145360154	4.00793609651867e-06
230313	656	183.578040451145	0.434690983151236	23.643118628231	2.18378265874088e-06
257683	1323	157.643986957282	0.801660112573064	32.1462750295097	1.67609556753662e-06
213417	1015	264.121261844747	0.508572210608447	34.527044063209	3.39063849395812e-06
223324	720	140.619087337201	0.300493556331096	23.924977190671	1.72510690085516e-06
223222	542	194.033083114525	3.84306363524948	55.1952880735258	2.38147444241607e-06
315779	1284	171.358031435449	0.929078274095528	29.2255835835899	1.48671716208886e-06
255196	656	214.232459258844	0.437779581664482	29.5926340064837	2.2999508007366e-06
176516	1305	192.340726075885	3.87982977175851	54.2304336126868	2.98534350063784e-06
227097	1523	184.44465997672	0.837895042074551	26.9084691893673	2.22516297244199e-06
243492	666	220.774029230744	0.768955962861689	35.0948160768417	2.48410770808418e-06
197751	896	239.884545777658	0.246280869813875	28.8763406944269	3.32346199835864e-06
194594	1292	252.882385153195	0.101612501301185	28.165540882106	3.56037931526412e-06
219826	660	314.555005817591	0.529036334872104	35.7949453223541	3.9203485324145e-06
262743	616	173.346597218208	0.778607291643354	31.599672418345	1.80755408958364e-06
255990	849	244.481485453959	0.713666842362357	36.3640589366562	2.61655646281088e-06
266375	814	189.078183148197	2.29549905689927	41.8416447682788	1.94471110120733e-06
218540	638	314.555005817591	0.529036334872104	35.7949453223541	3.94341784792967e-06
200752	613	208.614874153554	0.345755341034158	28.7999775801869	2.84703315743154e-06
412254	1015	168.036837186253	0.717829127351999	26.4460236122436	1.11672632988568e-06
260481	795	213.737877056042	1.10107134921315	35.414106567082	2.24808421654967e-06
219879	661	180.221981084012	0.477875907120852	28.4040353332303	2.24559349589986e-06
195612	742	197.463110124327	1.12644359675618	36.6442125875056	2.76565252775101e-06
306894	765	172.893072227143	0.512196815692387	32.6469415255418	1.54346337803078e-06
220887	614	177.576349352125	1.49266370747038	41.0750322998052	2.20253136748747e-06
162612	804	113.253112566672	0.14692426929834	22.7368361808417	1.90811563834565e-06
250708	717	214.232459258844	0.437779581664482	29.5926340064837	2.34112291807512e-06
223015	835	235.732351552635	0.100440844379364	27.3368273217266	2.89595793578152e-06
199513	616	199.988012784761	0.583814303125789	33.0352360176058	2.74624893512636e-06
205925	704	249.973727076866	0.582648721974002	34.6231173106033	3.3257716461721e-06
247408	1010	184.276104642367	0.562399452396682	29.1267254789998	2.04062132233426e-06
171316	681	143.621384741567	2.13750594448477	39.6479488920172	2.29682718407683e-06
296590	523	262.784723188763	0.641063362400767	34.3583983847183	2.42745252949404e-06
212172	599	227.857753691242	0.224376127387657	27.8120861025162	2.94227239377566e-06
171291	698	152.977558872045	0.363830370379439	24.8681749633423	2.44681039663169e-06
303913	781	293.852743260674	2.09618903807969	45.5783837375338	2.64903445701024e-06
241161	1239	190.645575108929	3.98697947344688	52.3307703286516	2.16584208945083e-06
161294	529	138.16155670214	1.36817125467844	38.3273627758429	2.34680033282438e-06
402945	616	272.278422418057	0.416245827943132	36.3187388829494	1.85129057463777e-06
287330	701	152.512574766579	1.64545559961214	34.6116929832108	1.45422570073911e-06
325362	736	251.534170719541	1.09688581558069	29.8616667749807	2.11805531776948e-06
212025	743	195.411005979941	3.14966886374398	44.3751541193561	2.52504477831919e-06
379354	569	223.51431822426	0.164328389580214	29.4197839164953	1.61423893022074e-06
216416	912	113.253112566672	0.14692426929834	22.7368361808417	1.43373179516608e-06
212129	964	211.306883971412	3.09614573421973	52.0684690344834	2.72910808887371e-06
254789	630	177.992072638162	0.375571576412011	23.834204679584	1.91393472275944e-06
206576	688	150.24403195502	1.30197175922522	31.1063373665179	1.99262007594432e-06
176556	534	190.879046564281	1.26978767412385	36.1205578803661	2.96198538682874e-06
245940	671	176.846524238814	0.435630423453307	30.1707667481566	1.97003751041644e-06
432514	576	147.504989872735	1.14608447983202	32.224519756399	9.34358795149524e-07
236721	563	173.346597218208	0.778607291643354	31.599672418345	2.00625286374878e-06
288705	580	63.2122925612607	1.27188980867519	29.6021937673414	5.99866171980174e-07
323911	572	259.101151540167	2.27162402837267	52.4212744272796	2.19154696383635e-06
424368	767	171.325868779811	0.403130283288024	24.7331647753203	1.10608231973781e-06
204539	673	207.641476597844	0.237476288013901	24.1246705639076	2.78128258083941e-06
210533	602	87.7105149677115	1.00447253311175	26.1258039345416	1.1414019689714e-06
160749	622	273.6331613865	0.11309971014247	30.4530822947221	4.66366754511436e-06
208642	555	177.992072638162	0.375571576412011	23.834204679584	2.33725479087219e-06
273951	590	110.697379895981	1.16749209733432	31.3809859883389	1.10706109072681e-06
203567	521	211.63061424981	0.392503289562529	30.9992153987067	2.8482509544979e-06
316914	676	147.504989872735	1.14608447983202	32.224519756399	1.27518273072601e-06
207416	1146	293.365598866021	0.422152791481073	39.1606553234942	3.87502105313101e-06
264692	653	190.640397266631	0.54225459194754	30.7116458507978	1.97324610590703e-06
240177	566	200.961402166194	0.56274910845374	26.7672412598799	2.29238929629802e-06
209988	620	520.10515215811	3.33434258680093	61.1615827209456	6.78584310699176e-06
274201	563	191.367663736276	0.441612114035893	29.7819924286723	1.91208262967853e-06
215154	584	226.035249258941	0.590174527880773	34.1311559979482	2.8782855791849e-06
306036	509	225.62108722012	0.420549368579901	28.2409821739406	2.01982761827573e-06
187224	722	225.246002425222	1.6035364703526	49.7672036140688	3.29611767407793e-06
244867	583	329.827858287153	0.558644670108271	36.61269158404	3.69032155378229e-06
209907	710	49.8152244930627	2.03555924656244	29.5690757042494	6.49343939613017e-07
204779	519	188.937909893686	0.728515741931248	29.2214454389259	2.52778902767261e-06
239666	567	173.057309785851	0.580162303316317	28.8342258723387	1.97829319073897e-06
202688	503	255.683141222174	0.201131330003733	32.4581821560423	3.45605934625177e-06
305686	517	216.550176582441	0.141759625820063	23.7630543871915	1.94084176252882e-06
209211	582	149.430228470803	1.83353065679773	34.9993230482448	1.9568659689088e-06
133501	771	190.630521155233	1.71972790041797	45.7374514774165	3.91214597962035e-06
302114	999	49.8152244930627	2.03555924656244	29.5690757042494	4.51160284966435e-07
212872	517	157.736185509646	1.02705742567601	35.5176728459778	2.03011167698495e-06
263525	852	155.290021896814	1.11571283125511	28.7755482423502	1.61446585631645e-06
207871	681	316.922939641178	0.473119041802329	36.3972891568797	4.17702337706648e-06
277019	582	196.245381388595	0.886091294392399	32.7175846673023	1.94087257244751e-06
231076	561	175.967132497897	1.09213959038102	35.288566353689	2.08633407567619e-06
204426	1097	152.512574766579	1.64545559961214	34.6116929832108	2.04398007393075e-06
290560	605	313.338617361635	0.406026703774056	35.432979481601	2.95450841607359e-06
240426	710	291.472591739324	2.30780640293073	48.0022201488725	3.32141717560148e-06
243071	584	160.023316257723	0.177439273799778	26.6763948542207	1.80367071572383e-06
162368	697	257.639612339423	0.117332397018625	26.1886040659947	4.34729719904696e-06
196910	506	183.382607603511	0.889852557936198	35.3443716460687	2.55151136571692e-06
178053	555	113.253112566672	0.14692426929834	22.7368361808417	1.74264123706235e-06
239965	919	259.101151540167	2.27162402837267	52.4212744272796	2.95820710771653e-06
270272	733	363.991506820522	0.533740215708273	35.857646150109	3.68975330403346e-06
227702	1038	205.70888763612	0.391367951111319	31.3765052784975	2.47510339620915e-06
322461	627	158.411003799518	1.99371864519789	41.9582917965528	1.34590772259487e-06
