largest_clade_D_1	largest_clade_D_2	largest_clade_D_3	largest_clade_R_1	largest_clade_R_2	largest_clade_R_3	n_singletons_D	n_singletons_R	D_coals_pre	R_coals_pre	D_coals_peri	R_coals_peri	R_max_coals_in_single_clade
51	3	3	61	3	3	98	53	64	31	2	39	31
19	10	8	30	7	5	119	71	40	24	1	29	17
106	7	3	80	7	2	54	49	116	60	2	28	23
105	5	4	93	2	2	57	33	113	56	0	41	35
90	8	8	79	9	4	66	38	104	68	2	26	23
73	8	7	55	3	3	84	55	87	39	2	32	22
121	24	2	113	11	2	30	14	142	89	3	33	29
44	10	7	41	7	5	108	48	63	27	1	43	20
109	2	1	97	2	2	68	33	107	69	2	33	27
112	14	6	100	5	4	44	27	130	65	0	40	33
88	9	4	69	9	4	69	44	100	50	3	34	22
47	3	3	46	6	4	113	52	54	29	2	41	21
60	9	4	49	7	5	94	53	75	35	1	39	23
114	4	4	87	3	3	53	33	117	69	3	28	22
116	2	2	79	5	3	53	37	117	47	1	44	31
30	20	8	33	12	11	99	67	67	35	2	30	15
101	4	3	79	3	3	63	47	106	45	3	40	32
105	6	3	80	7	4	59	35	111	59	3	36	26
30	14	8	34	11	9	106	56	63	35	1	34	15
77	9	3	67	12	3	85	50	87	47	2	35	25
74	5	5	67	5	3	84	46	86	52	1	28	19
46	26	2	54	27	3	103	50	69	50	2	33	21
101	3	2	77	8	3	67	36	101	51	2	39	28
85	4	3	60	5	5	77	55	93	39	2	35	21
124	15	6	110	6	5	25	19	146	88	1	30	27
85	4	3	92	3	3	71	38	93	68	3	28	23
53	14	5	42	15	6	92	51	76	38	1	37	20
33	4	2	51	3	3	126	59	41	29	2	37	24
60	7	3	51	4	3	95	62	69	36	3	30	22
97	6	2	79	3	2	68	50	103	53	2	32	28
79	6	3	68	5	2	85	47	85	43	2	35	25
48	14	9	46	7	6	98	65	72	34	0	30	18
90	8	3	77	5	4	69	45	100	55	3	34	24
68	9	2	43	5	4	90	67	77	22	3	37	25
94	3	2	79	2	2	74	51	95	51	3	33	28
74	5	4	57	4	4	92	51	81	40	1	34	19
129	4	2	97	3	2	42	30	131	64	2	40	35
105	7	4	82	3	2	57	45	116	60	1	29	26
55	24	22	47	21	13	42	23	122	72	2	31	16
32	8	7	37	5	5	99	61	62	25	1	36	20
76	10	3	53	11	8	81	44	91	50	0	32	18
83	6	5	63	6	3	68	52	99	47	2	30	20
124	20	6	106	13	7	21	14	153	80	0	42	36
72	14	5	66	14	7	70	31	96	56	2	40	23
89	14	13	92	6	5	39	26	129	84	2	23	20
63	5	3	67	8	3	96	54	70	42	2	37	25
70	2	2	65	3	2	105	62	71	44	0	28	22
29	27	13	40	11	8	63	42	98	51	0	31	14
88	12	6	64	10	3	43	55	116	48	5	31	29
78	12	7	62	7	6	59	33	107	62	0	32	16
81	23	13	75	18	5	38	21	125	78	2	30	19
118	8	7	91	6	4	36	26	133	72	2	34	25
41	22	10	42	18	6	70	39	95	48	0	35	16
80	2	2	63	4	3	89	59	82	36	2	35	27
47	9	4	56	3	2	106	61	64	35	1	33	22
36	18	4	47	8	4	96	59	67	40	3	25	17
92	2	2	69	3	3	81	56	92	43	1	31	22
106	5	4	86	9	3	58	38	112	63	2	35	31
105	18	10	79	14	5	29	30	137	79	6	23	16
99	2	2	88	3	2	74	47	100	54	1	36	32
114	13	3	92	9	4	45	25	127	75	1	31	20
114	6	5	99	6	5	49	26	124	72	1	37	32
63	23	5	59	12	6	70	40	95	46	3	41	31
80	5	4	64	11	4	72	36	95	47	0	42	24
92	15	10	77	9	6	52	35	120	77	0	20	17
85	7	7	61	7	5	56	45	110	65	1	18	16
93	13	11	69	15	8	42	31	125	68	1	29	19
56	6	5	69	3	2	94	56	73	50	2	25	20
81	3	3	64	3	2	82	59	87	43	2	27	21
47	5	3	46	3	3	108	68	59	24	1	33	21
127	9	4	98	8	4	36	25	136	82	2	27	22
84	34	2	72	26	6	51	28	119	68	0	38	26
87	9	3	81	5	4	70	34	96	57	4	39	32
91	3	2	82	4	2	81	50	90	61	3	26	24
78	9	5	54	7	4	81	58	91	36	1	34	21
111	20	2	95	11	3	46	27	128	78	2	30	24
71	6	6	55	5	3	81	61	84	39	5	30	20
80	4	4	77	3	3	74	49	93	56	2	28	23
113	15	3	88	14	3	42	23	130	76	0	33	25
91	9	5	81	6	4	63	41	106	55	0	38	28
68	18	11	52	13	8	56	36	114	61	0	30	19
114	17	13	94	10	7	25	27	146	87	1	22	20
107	4	3	97	5	3	55	27	110	77	5	28	23
85	12	3	53	16	4	62	48	103	49	3	29	20
53	15	10	49	7	7	86	61	83	44	1	25	15
77	19	17	57	14	6	58	51	114	57	1	23	15
61	8	5	55	6	3	82	54	77	40	4	35	21
50	13	4	47	13	4	93	47	74	40	1	36	20
66	9	8	57	8	7	78	35	88	41	0	46	26
55	15	9	45	21	2	79	62	86	36	3	31	17
41	14	10	50	11	10	97	45	70	46	3	33	15
74	8	8	71	5	3	68	46	100	59	1	23	16
81	16	15	68	16	15	55	28	114	76	2	28	21
81	5	5	84	5	3	77	40	92	70	1	24	18
61	7	3	58	6	3	95	53	73	44	1	31	20
74	6	5	50	21	8	84	46	86	36	1	47	19
50	19	13	32	14	10	79	48	90	49	1	29	14
102	25	10	98	16	6	36	20	134	98	2	19	17
67	7	7	44	4	3	72	52	94	31	1	37	17
71	6	4	58	8	5	92	51	79	30	2	46	31
89	10	5	77	8	5	59	33	108	64	2	34	23
92	10	4	83	4	4	59	35	110	66	0	31	21
116	5	3	86	3	2	43	43	125	64	3	26	24
81	20	3	64	11	5	67	35	102	54	2	35	20
126	2	2	105	2	2	47	29	125	70	2	36	33
132	6	5	105	5	3	30	19	140	72	3	41	34
137	7	4	107	2	2	29	25	140	71	5	38	35
87	18	11	66	17	10	50	29	119	74	1	30	17
78	26	6	79	17	4	54	28	109	77	4	25	21
82	27	7	60	26	7	49	32	119	66	2	29	17
85	39	7	75	20	5	33	35	133	67	5	32	21
86	5	5	64	5	3	70	53	97	45	3	30	21
74	6	6	66	9	4	74	39	93	53	2	34	20
77	10	5	57	10	5	77	48	92	50	3	31	19
110	2	2	94	3	2	63	39	107	65	4	31	29
72	3	3	58	4	3	101	61	75	33	0	36	24
138	14	7	106	12	5	18	14	154	98	3	25	22
63	9	5	59	7	4	68	52	90	54	4	23	19
41	32	3	48	12	4	86	53	81	42	1	32	19
94	9	2	68	4	3	66	43	106	45	0	39	30
68	7	7	60	5	3	82	56	90	48	0	25	17
76	10	3	58	3	3	82	50	87	25	3	48	32
58	25	6	67	11	3	79	49	92	52	1	30	22
101	10	4	80	18	5	53	23	117	73	1	34	22
137	4	4	92	9	5	24	23	147	61	1	47	37
67	3	2	53	4	3	99	64	72	28	0	37	22
81	15	14	68	15	10	42	29	126	81	1	25	15
53	7	5	45	8	3	90	52	68	24	4	43	23
58	9	4	50	6	3	78	46	78	35	3	37	19
89	5	3	81	5	4	74	38	95	54	1	39	20
66	3	3	68	4	3	96	52	74	45	1	34	25
48	41	9	49	40	6	62	38	103	51	3	45	23
75	27	5	66	13	4	60	40	106	55	4	35	21
100	6	3	90	5	2	66	33	101	53	5	45	40
69	19	6	54	18	5	68	50	99	49	1	32	20
131	10	2	101	3	3	36	31	138	76	2	30	26
26	16	10	32	14	13	106	57	60	36	0	35	14
105	16	3	89	20	3	53	26	122	86	0	25	22
24	23	7	37	15	3	101	54	65	34	0	35	18
42	29	7	45	28	12	63	36	99	48	1	40	21
48	11	6	42	7	5	107	60	65	26	1	41	21
52	15	12	52	15	5	88	51	80	44	2	33	20
94	12	6	72	5	5	52	39	115	62	1	29	20
89	5	2	74	2	2	83	54	90	33	3	44	39
69	24	2	70	12	6	72	48	97	53	1	34	26
71	12	9	59	13	11	61	36	105	68	3	26	16
43	11	6	60	6	3	108	61	63	47	0	24	20
65	15	8	53	7	5	83	60	87	51	1	21	15
64	7	5	65	14	3	88	41	78	45	2	42	30
83	3	3	66	8	5	78	42	90	55	1	32	20
40	13	6	41	11	7	81	43	75	43	1	32	15
98	7	6	66	7	4	56	47	112	55	4	27	20
39	10	7	40	7	6	87	58	75	33	1	33	16
66	13	11	61	5	4	81	56	90	49	2	25	17
75	11	11	67	6	3	60	46	106	50	2	33	25
36	9	5	42	10	4	107	68	56	38	1	24	18
84	3	3	57	5	4	74	49	91	38	1	37	22
100	11	9	81	15	7	48	26	122	85	1	23	20
49	8	6	51	6	6	85	45	79	46	1	32	19
128	3	1	98	3	3	48	28	125	66	4	40	34
84	14	13	65	19	9	56	37	113	63	2	30	13
43	12	8	53	7	3	89	56	72	48	5	25	16
79	21	9	63	14	9	49	40	121	66	0	28	20
118	5	2	99	5	3	50	28	123	78	0	30	28
86	8	4	70	6	4	60	46	103	56	3	31	21
40	13	6	41	11	7	81	43	75	43	1	32	15
98	7	6	66	7	4	56	47	112	55	4	27	20
39	10	7	40	7	6	87	58	75	33	1	33	16
39	17	9	26	19	9	97	55	70	32	1	37	15
75	8	7	49	9	5	79	51	86	39	6	32	20
69	8	4	60	6	5	85	56	83	49	2	26	17
128	3	3	99	2	2	39	37	132	62	1	37	35
127	7	4	88	4	3	37	31	136	68	1	32	23
94	32	5	67	21	4	39	38	131	64	1	32	22
122	19	2	96	12	2	34	26	139	79	2	30	25
110	28	4	88	15	6	33	22	140	74	1	37	25
48	5	5	46	7	6	88	69	70	28	3	31	17
87	11	4	78	7	3	72	50	101	59	1	28	24
109	2	2	97	3	2	62	36	111	63	0	33	29
59	4	3	57	9	5	109	46	63	42	2	38	21
61	8	4	47	7	6	90	61	74	37	3	30	20
69	16	11	69	16	4	69	45	101	65	1	22	17
41	8	3	43	5	3	111	64	54	26	3	35	20
85	8	5	83	5	4	66	34	101	64	0	32	24
105	2	2	78	3	2	68	41	104	50	3	37	26
121	3	3	84	6	5	42	32	128	61	1	36	27
131	8	8	108	5	4	26	21	146	84	0	32	28
74	4	2	86	2	2	91	46	79	43	2	44	41
40	10	9	46	6	5	85	59	79	39	0	26	17
35	12	8	35	7	6	83	60	80	28	1	35	15
69	14	7	60	7	6	79	51	90	55	1	24	16
74	32	17	72	26	9	29	22	136	66	4	43	28
69	6	5	53	4	3	81	42	82	43	4	34	18
102	8	7	78	8	7	46	40	123	61	2	31	24
119	2	2	92	3	2	52	45	119	58	3	36	33
91	25	16	74	18	16	38	23	128	83	8	28	23
84	10	7	55	9	5	52	36	114	57	2	31	16
44	6	5	48	4	3	107	58	57	33	2	31	18
101	5	4	90	6	3	53	27	113	69	3	31	25
87	15	2	65	11	2	71	54	99	49	4	29	24
80	20	10	59	16	8	45	42	116	60	5	31	15
139	23	5	102	21	7	12	12	163	93	0	32	28
44	6	6	52	3	3	91	64	71	36	2	25	17
110	2	2	83	4	3	65	42	110	60	0	32	26
56	4	3	48	7	3	98	60	70	33	0	33	21
93	23	4	74	19	5	41	32	125	64	2	37	27
51	6	5	44	5	2	86	67	75	30	0	30	19
116	6	4	82	5	3	44	42	126	49	1	40	34
29	9	4	32	4	3	127	51	45	10	0	52	22
103	17	2	87	4	3	57	39	119	64	0	28	24
85	3	2	79	2	2	87	47	87	56	1	29	22
64	28	7	57	16	10	70	41	103	56	0	34	21
66	6	6	58	4	4	87	57	76	47	4	26	17
52	16	7	55	11	3	91	54	76	44	2	32	17
126	4	2	85	6	4	47	41	129	57	0	36	31
55	16	5	53	13	3	90	56	74	48	2	24	16
65	8	6	48	7	5	88	48	84	34	1	41	22
44	25	9	50	28	5	85	39	84	44	1	46	21
112	7	6	102	5	2	44	33	128	81	0	22	22
66	6	6	58	4	4	87	57	76	47	4	26	17
33	26	9	42	7	6	85	51	76	31	5	39	22
63	7	4	55	9	4	85	56	81	47	1	25	18
61	21	11	54	18	6	57	36	101	58	8	32	19
74	3	2	59	3	3	98	51	76	36	0	35	22
68	7	4	62	3	3	93	58	79	41	1	28	22
99	7	5	90	3	3	68	38	104	57	3	39	35
95	3	2	68	6	3	69	51	99	47	3	32	23
86	38	5	82	24	4	44	27	124	78	4	30	20
55	16	15	42	16	16	53	46	104	48	4	33	16
56	8	5	52	5	3	92	51	73	37	1	34	19
81	7	4	62	4	3	73	61	97	43	1	28	20
116	26	9	100	16	3	26	21	147	89	2	26	21
115	7	4	87	3	3	41	41	123	60	7	33	30
83	22	11	36	18	11	43	36	125	56	2	35	16
100	4	2	86	2	2	71	52	101	61	3	26	25
44	30	19	53	21	8	74	39	93	58	2	33	17
61	10	8	54	14	3	74	47	90	42	1	37	20
32	10	8	38	11	9	104	58	62	39	1	33	16
42	41	6	55	24	9	77	39	87	64	5	31	20
30	8	7	46	10	3	114	60	53	31	1	33	20
99	7	2	94	4	2	69	30	106	67	0	36	30
88	20	3	76	12	7	62	41	107	62	3	33	27
118	18	5	81	29	7	28	20	143	83	1	33	26
65	4	3	64	4	4	97	52	73	41	1	37	21
75	6	5	53	15	3	80	48	87	37	2	40	19
73	5	3	63	3	3	82	61	86	37	1	33	24
101	9	6	86	11	7	48	25	121	75	2	33	28
74	12	3	60	13	3	70	48	93	52	2	29	18
56	17	3	52	6	3	99	56	74	40	1	30	17
48	5	2	61	3	2	104	56	57	36	1	33	22
119	12	6	97	10	3	37	32	135	82	1	25	24
136	7	3	113	3	3	29	21	140	79	5	37	35
72	27	7	60	36	5	57	30	111	66	1	38	20
93	8	7	71	6	5	53	37	113	61	0	32	18
104	6	4	87	8	3	65	37	109	72	2	25	21
116	17	2	91	11	4	44	31	125	78	6	27	22
42	18	4	41	16	4	100	55	70	33	0	38	19
49	9	8	40	8	6	90	49	75	32	4	42	21
64	11	5	61	5	3	87	50	83	42	0	36	24
87	22	7	78	12	8	42	26	126	79	1	26	17
130	9	3	106	3	2	35	27	138	75	2	33	30
105	9	8	97	6	5	35	32	135	76	1	29	25
38	9	8	43	21	6	84	51	74	45	4	30	19
43	17	4	44	5	4	94	72	68	37	3	22	18
80	11	4	64	4	3	73	46	97	45	1	35	19
79	5	3	59	11	3	90	51	83	39	1	35	21
80	2	1	77	3	3	97	47	78	55	1	30	23
42	17	5	40	10	3	109	71	63	29	0	29	19
115	22	4	88	17	6	28	25	139	84	5	26	25
73	7	6	54	10	6	68	57	92	49	3	23	16
116	8	4	88	4	2	45	46	123	68	3	24	22
79	3	3	61	4	4	83	55	83	40	3	33	22
38	21	17	46	21	13	75	35	94	42	0	51	17
117	3	2	106	2	2	55	30	116	78	3	29	27
85	10	10	50	15	6	56	42	112	52	1	33	18
104	13	12	89	10	8	31	22	136	85	3	28	23
54	5	4	49	4	4	97	57	68	32	1	34	19
56	7	6	35	7	6	85	49	79	30	2	34	19
102	3	2	62	3	2	72	65	99	31	4	36	28
85	1	1	66	3	2	94	55	81	33	3	41	32
111	19	5	87	19	3	34	29	132	72	5	34	31
58	6	4	50	7	5	98	50	72	46	1	30	18
71	32	10	59	32	17	40	20	124	72	3	39	22
74	8	3	67	5	4	81	50	87	48	1	32	24
32	23	8	35	10	3	103	71	66	22	1	33	20
48	7	4	48	8	5	87	60	68	32	3	36	22
46	30	8	54	14	5	65	56	96	53	2	23	16
55	15	12	40	16	9	74	45	96	42	0	39	13
49	4	3	50	5	5	107	62	57	34	3	32	23
118	3	3	82	3	2	51	45	118	53	1	36	30
83	31	2	69	20	5	61	35	113	56	0	40	23
55	18	8	58	11	7	55	38	107	50	2	41	22
55	17	10	45	11	4	80	55	89	37	3	34	22
91	11	7	58	10	9	56	32	116	59	0	34	16
59	8	3	65	8	2	93	47	74	42	1	34	23
82	10	2	61	3	2	81	46	92	37	1	39	22
82	8	3	65	5	5	71	50	96	49	2	30	23
95	5	3	75	7	4	58	39	108	54	1	38	26
53	11	6	40	13	5	88	67	75	35	3	29	16
88	4	3	65	4	3	72	50	96	47	0	33	20
104	5	4	70	4	3	63	53	110	42	2	37	26
42	27	12	42	15	9	84	55	82	44	3	29	17
50	16	7	53	10	5	78	46	76	34	8	46	28
46	45	12	53	21	6	56	42	113	57	0	29	17
107	37	3	96	17	4	32	21	144	82	0	33	28
132	10	3	99	8	4	26	22	142	82	2	32	32
67	6	5	57	8	4	95	55	77	45	0	28	18
106	6	4	96	4	4	55	29	112	61	5	43	37
112	3	3	95	4	4	55	34	116	76	1	25	23
106	2	2	80	3	2	67	41	106	44	2	44	33
44	9	6	39	6	5	98	55	63	30	5	35	20
22	18	7	25	7	5	110	73	58	11	0	39	17
49	6	4	51	6	3	90	55	70	41	1	29	18
104	15	4	87	10	4	45	36	125	76	2	24	21
36	24	4	41	13	4	103	65	64	34	2	31	19
41	14	12	34	8	7	72	45	86	45	2	30	15
131	13	6	104	11	8	20	11	148	90	0	26	21
102	30	7	84	21	2	36	31	134	77	3	28	22
84	17	3	60	6	3	67	53	103	43	1	33	23
57	10	4	67	4	3	80	50	82	42	0	35	25
135	15	1	101	16	3	29	20	146	78	1	37	30
83	5	2	74	3	3	85	51	85	48	4	33	28
86	13	5	93	3	2	65	38	107	56	0	41	38
87	21	8	81	11	8	54	34	116	85	1	16	14
99	3	3	91	4	3	70	36	103	64	1	33	29
63	9	6	60	10	3	91	62	80	43	0	30	20
99	7	5	83	7	6	64	38	108	60	2	34	26
65	12	10	60	9	7	72	37	98	49	1	39	25
99	4	3	78	4	2	62	46	107	57	2	29	23
124	16	12	93	11	10	23	20	151	88	0	26	23
23	5	3	36	6	5	119	56	41	17	2	42	25
67	4	3	82	3	3	86	42	80	52	1	33	27
73	8	5	52	7	5	76	47	92	42	1	35	19
104	3	2	80	3	3	66	37	104	52	3	39	32
21	20	14	27	13	12	96	53	73	44	1	31	14
68	13	11	53	8	7	79	60	93	47	0	23	14
59	5	4	54	5	5	95	46	72	40	2	37	20
88	3	2	78	4	3	72	43	95	51	1	37	27
79	5	3	72	4	3	84	48	83	39	4	45	37
47	19	3	37	8	4	100	63	69	24	0	38	18
65	8	6	72	5	4	74	48	91	53	1	32	27
67	3	2	53	4	3	99	64	72	28	0	37	22
81	15	14	68	15	10	42	29	126	81	1	25	15
35	5	5	40	4	3	114	66	52	27	0	30	19
65	25	14	64	15	8	38	33	125	77	4	21	18
140	12	11	109	11	8	16	12	159	78	1	45	40
66	10	2	59	7	5	95	55	76	43	2	33	22
37	16	12	40	13	11	79	59	86	41	1	28	13
103	22	7	88	13	2	39	31	133	59	0	44	33
82	9	2	86	3	2	86	37	88	49	1	42	34
103	4	3	82	4	3	67	38	106	57	0	35	28
115	12	3	84	7	6	44	31	127	69	3	33	25
84	22	3	62	16	5	64	45	103	53	6	31	23
136	7	3	113	3	3	29	21	140	79	5	37	35
91	22	11	84	10	9	42	29	129	83	1	23	14
96	6	4	83	5	2	69	46	103	62	1	26	22
137	5	2	102	3	3	33	31	138	71	2	34	30
92	13	10	73	16	4	51	33	119	73	0	26	16
87	7	7	61	8	3	70	54	99	46	2	31	19
85	7	3	66	3	3	67	57	94	42	2	30	28
56	30	5	54	17	5	67	50	98	52	3	28	18
77	4	2	68	4	3	90	47	82	43	1	38	25
92	5	2	75	3	3	70	42	98	59	2	30	23
97	3	3	87	4	4	68	32	103	70	1	27	21
59	8	6	44	8	3	87	65	79	27	3	34	21
72	8	7	55	6	6	77	58	88	47	4	24	18
112	3	2	93	3	3	56	37	113	58	4	41	37
103	10	6	76	10	5	58	40	116	53	1	38	28
72	13	6	56	21	4	78	44	93	45	1	41	26
66	22	10	53	22	13	61	36	107	69	1	27	14
105	3	2	101	5	2	65	28	107	78	2	30	26
54	6	4	55	4	4	89	57	75	37	0	34	24
32	5	5	45	5	5	106	50	53	25	3	45	25
97	19	2	83	13	2	55	42	117	71	0	25	23
66	10	3	61	11	4	98	56	76	50	1	26	17
58	8	6	48	18	4	91	46	75	49	4	32	17
102	2	1	97	3	3	75	33	102	58	0	44	38
34	28	10	31	19	11	95	53	75	31	0	42	16
101	10	3	81	4	4	59	45	113	60	1	29	24
88	18	8	74	13	8	47	42	116	75	3	19	16
87	10	6	81	12	2	67	37	103	61	1	35	26
107	4	4	83	6	4	52	42	115	63	1	27	22
57	21	12	54	10	10	64	37	102	62	3	27	13
60	7	5	58	6	4	87	51	76	34	4	40	26
25	9	6	36	6	5	103	55	57	22	3	43	23
61	10	6	47	9	7	81	56	85	42	2	28	16
79	20	19	71	14	14	44	20	128	68	0	41	24
141	11	3	98	10	5	19	25	150	76	2	35	28
64	9	5	59	4	3	87	61	84	44	0	27	22
86	18	4	69	14	4	62	31	109	71	1	26	16
59	18	9	36	15	7	87	54	83	42	3	30	15
58	6	5	45	7	5	100	52	69	37	2	35	18
118	6	4	92	3	3	43	28	128	70	1	30	24
26	15	12	43	9	8	95	50	70	42	0	33	18
82	27	7	60	26	7	49	32	119	66	2	29	17
85	39	7	75	20	5	33	35	133	67	5	32	21
86	5	5	64	5	3	70	53	97	45	3	30	21
132	3	2	110	3	2	40	27	135	76	0	36	33
66	12	6	62	12	10	72	39	97	65	0	25	14
102	4	2	75	4	4	63	46	105	54	3	31	25
44	19	6	54	12	8	99	52	71	44	0	33	20
53	13	3	59	4	3	100	56	70	30	1	43	33
87	13	6	82	18	3	47	32	120	73	1	28	17
48	5	2	61	3	2	104	56	57	36	1	33	22
109	15	6	84	23	3	44	24	128	65	1	43	31
62	18	6	52	10	4	75	55	93	46	0	26	18
70	6	5	61	16	5	86	47	85	43	0	39	23
62	38	16	58	29	11	48	29	122	67	2	38	21
96	2	2	73	4	2	73	55	100	45	0	32	27
91	11	3	77	13	3	67	45	105	68	1	24	20
101	7	6	95	5	4	49	32	118	75	2	28	25
113	3	3	86	3	3	58	46	116	59	1	31	27
114	11	8	91	11	5	24	18	142	79	0	34	21
31	12	6	36	13	2	115	71	54	28	0	28	20
85	5	2	74	2	2	85	54	87	47	1	30	24
96	20	19	67	17	13	30	22	140	75	1	30	16
115	7	4	106	3	2	42	27	127	80	2	30	28
39	12	6	41	6	3	103	59	62	29	2	33	19
59	8	5	51	3	2	80	58	82	36	0	31	19
122	4	2	86	4	3	47	39	122	53	4	40	36
114	2	2	90	3	2	59	39	112	57	3	38	32
47	11	5	47	6	5	97	60	72	37	0	32	22
97	30	5	89	19	5	42	22	132	82	0	30	25
115	23	8	89	19	5	22	22	146	87	3	27	22
41	25	9	39	18	4	81	56	85	26	1	43	17
54	9	6	56	9	5	98	59	72	50	1	24	18
50	17	7	55	12	6	99	54	75	55	0	20	15
49	11	7	40	6	3	100	57	69	21	2	42	21
129	6	4	105	6	3	40	24	135	79	1	33	30
68	7	6	45	10	7	81	55	86	42	2	29	16
68	10	6	40	12	10	73	54	90	37	5	34	17
81	29	20	64	25	9	41	26	131	75	1	32	18
105	11	2	73	6	6	57	38	114	62	3	29	20
96	14	8	66	6	5	57	44	112	62	4	22	16
104	3	3	81	3	3	59	36	106	48	5	45	37
112	11	5	97	22	2	45	19	125	79	2	36	20
87	2	2	70	2	2	84	56	90	44	0	31	26
52	21	8	37	9	5	89	66	80	30	2	32	16
72	19	14	53	23	12	46	29	118	64	2	32	18
124	5	3	104	3	2	43	27	125	65	4	41	33
60	20	16	47	17	11	59	38	108	55	0	36	15
60	6	3	50	3	3	92	54	72	29	0	36	26
73	16	4	74	9	3	84	52	90	62	0	22	18
23	10	7	37	4	4	112	58	51	22	2	36	22
80	11	3	49	7	2	74	62	91	38	6	27	24
133	18	4	109	11	3	20	14	150	92	2	30	28
40	28	17	37	34	10	59	29	101	56	3	41	17
41	25	8	40	7	3	84	63	82	28	1	34	15
131	4	2	110	3	2	42	23	131	75	3	38	35
88	6	4	60	4	3	75	53	98	47	0	29	20
45	5	3	57	2	2	119	61	54	38	0	30	22
42	30	6	36	21	4	82	67	82	34	4	28	18
78	15	12	65	6	5	60	45	107	55	4	31	20
29	28	21	38	9	8	93	64	79	32	1	31	17
22	10	5	37	6	3	107	66	54	23	0	35	19
62	11	8	64	9	4	91	53	81	57	1	22	17
55	2	2	57	2	2	118	65	53	31	4	32	25
39	39	14	46	26	13	60	39	106	55	0	37	18
56	4	4	41	9	3	100	60	67	23	1	40	21
82	15	9	68	11	7	39	28	123	75	3	22	15
46	5	4	49	8	4	93	61	67	35	2	34	22
95	18	16	85	10	7	41	23	128	73	3	33	26
58	20	15	41	15	10	62	47	106	41	3	38	15
75	6	4	78	10	6	82	33	85	54	3	42	28
90	4	3	76	5	3	78	48	94	50	1	35	29
108	3	3	81	4	3	56	37	112	56	3	37	26
66	27	26	55	22	17	34	21	134	72	3	39	22
39	27	17	40	19	13	70	37	97	54	1	36	16
101	28	10	92	14	10	29	20	140	87	3	29	24
52	20	5	50	21	5	88	55	82	51	1	28	16
108	11	8	80	11	5	34	26	129	57	6	49	37
66	9	3	56	4	3	91	58	76	34	3	35	22
86	4	4	61	5	3	73	49	96	40	2	35	23
116	3	3	93	10	4	55	28	118	63	2	44	33
109	15	6	84	23	3	44	24	128	65	1	43	31
62	18	6	52	10	4	75	55	93	46	0	26	18
112	6	2	95	4	2	57	31	117	69	1	33	29
102	9	3	84	7	3	56	44	114	64	1	26	22
62	7	7	55	5	4	81	58	85	36	0	35	22
88	19	4	77	16	2	58	43	112	68	1	25	22
117	17	2	94	11	3	37	27	135	70	1	38	33
115	4	4	95	3	2	49	38	120	71	4	27	24
91	3	2	82	4	2	81	50	90	61	3	26	24
55	22	10	57	20	9	66	40	99	61	0	31	17
78	34	10	55	20	13	35	34	134	62	0	33	18
30	23	8	38	22	6	88	52	77	44	0	32	17
87	11	4	78	7	3	72	50	101	59	1	28	24
114	4	2	85	4	2	53	39	118	59	2	34	27
113	14	9	82	9	3	37	33	133	59	3	35	25
47	9	8	40	5	5	94	63	72	29	1	35	17
53	11	9	45	5	4	84	53	80	38	2	32	17
52	9	3	48	4	3	99	52	67	28	2	41	25
29	18	12	34	12	8	92	53	77	33	0	36	15
115	20	13	100	12	3	26	21	143	94	4	20	18
87	4	2	75	5	3	80	42	92	56	1	32	25
67	4	3	55	4	4	84	53	80	36	1	36	20
65	25	11	51	24	6	45	41	118	52	1	36	17
85	12	6	76	8	3	66	45	102	69	3	21	16
87	2	2	84	5	2	76	45	92	47	1	38	34
53	20	4	43	11	9	84	51	81	39	2	33	17
63	15	7	58	8	7	66	46	97	47	2	33	20
85	7	6	75	7	6	47	37	114	65	0	29	20
61	24	19	57	18	8	48	33	121	78	2	20	15
73	20	11	58	14	7	60	37	107	60	3	27	16
44	3	3	54	3	3	116	58	53	26	1	37	26
18	5	4	40	5	5	128	64	35	16	2	44	28
105	4	2	87	3	3	54	41	111	61	1	30	25
62	22	6	63	12	4	85	41	89	53	0	36	22
86	4	3	62	4	3	69	49	92	43	5	33	23
61	18	11	56	13	10	69	39	98	64	4	28	17
83	13	11	76	10	4	70	46	104	65	1	24	19
86	7	4	61	12	3	70	42	100	42	0	43	25
69	9	6	77	6	4	58	38	101	70	1	22	16
113	11	3	91	7	4	40	33	126	77	4	25	24
88	12	6	64	10	3	43	55	116	48	5	31	29
78	12	7	62	7	6	59	33	107	62	0	32	16
103	6	3	92	7	2	61	35	107	72	4	27	21
114	4	4	91	5	5	44	35	126	75	0	27	24
113	2	2	104	2	2	62	34	113	74	1	30	28
101	5	5	76	4	3	57	42	113	52	1	36	24
77	8	6	63	7	3	70	47	94	57	2	24	19
38	15	7	45	5	4	96	61	67	29	0	32	17
94	9	3	69	7	2	63	54	107	48	1	28	20
47	30	13	47	14	7	64	42	102	43	2	40	25
94	29	24	74	23	17	24	19	148	89	1	26	21
52	7	5	44	7	5	87	57	76	36	1	34	18
91	25	10	64	20	13	42	29	128	73	1	28	17
56	21	10	46	17	13	69	44	99	66	1	22	13
88	3	2	71	5	3	78	49	93	46	0	34	24
78	12	4	70	7	4	59	44	105	66	1	22	16
68	11	6	59	7	5	73	36	95	54	1	33	25
75	8	4	48	16	12	80	50	90	44	1	34	18
51	14	2	60	9	3	92	56	70	50	4	25	19
65	14	4	52	10	5	83	47	86	47	1	31	22
35	22	13	34	20	9	63	41	99	61	2	24	14
69	6	5	66	3	3	82	52	84	43	1	30	24
73	28	11	62	18	8	55	34	117	57	1	37	20
70	11	6	53	11	7	71	42	92	51	1	33	19
58	24	2	54	16	3	87	51	84	51	1	29	18
48	10	7	53	15	5	90	43	77	41	1	41	24
52	12	4	56	9	7	85	49	73	58	5	25	17
97	18	15	75	25	7	31	26	142	82	0	27	17
89	8	7	83	9	5	61	41	103	65	2	30	26
115	6	2	91	6	2	54	29	119	69	0	33	25
38	10	6	35	12	10	93	46	68	37	4	42	16
58	10	2	34	13	3	103	60	69	22	1	39	21
69	6	3	75	5	3	89	49	76	50	3	32	26
131	34	12	110	23	9	2	0	172	98	1	40	31
61	13	5	50	12	5	81	47	84	53	3	26	17
74	8	4	64	5	4	82	47	87	43	0	37	24
87	5	4	73	5	2	77	56	95	52	2	26	23
70	5	5	60	8	5	73	50	90	52	3	29	21
57	9	8	62	4	3	92	63	77	50	1	20	17
95	18	15	61	15	11	43	32	129	68	0	28	14
54	8	4	49	10	7	89	48	72	35	3	43	21
134	4	3	114	3	1	35	25	138	79	2	33	31
83	4	3	60	6	3	78	49	92	43	1	35	20
56	18	8	49	14	12	66	37	99	41	0	45	25
55	9	2	52	10	6	105	53	65	42	2	33	20
103	3	2	78	3	3	67	44	101	53	6	33	26
47	19	3	37	8	4	100	63	69	24	0	38	18
126	13	5	106	5	2	30	29	140	65	4	44	42
113	8	7	76	10	9	45	23	126	64	2	41	28
87	12	4	61	6	5	68	48	102	49	0	31	23
81	7	4	78	6	3	61	34	102	67	1	28	22
86	19	5	83	8	2	61	37	108	72	3	23	18
101	10	3	73	10	8	57	39	112	66	3	27	19
33	24	13	28	19	4	86	56	77	28	3	37	15
32	20	9	29	9	4	107	58	61	24	5	35	17
102	4	2	70	4	3	65	43	106	48	2	35	25
114	3	2	94	5	2	58	39	114	66	2	32	28
69	8	6	55	8	8	78	55	83	51	7	23	20
96	23	2	81	9	8	58	29	117	54	0	48	33
124	7	3	111	4	1	36	27	134	85	1	27	27
106	5	3	77	3	3	55	47	114	54	1	32	25
53	21	15	48	15	11	65	41	105	56	1	30	14
82	20	8	69	16	15	43	16	122	69	1	42	19
108	26	3	80	7	4	40	37	134	65	1	26	20
22	6	4	35	6	3	125	56	38	19	1	41	20
95	3	3	72	4	3	67	49	102	31	2	51	44
74	27	5	56	9	4	56	51	111	47	1	30	17
82	8	5	70	10	3	71	39	99	54	1	35	24
53	7	3	51	4	3	110	64	59	34	1	28	19
115	2	2	102	3	2	60	31	112	62	3	43	39
89	22	14	73	29	4	44	27	127	69	0	38	23
49	15	7	43	9	8	86	57	81	43	1	26	14
102	4	1	78	5	3	73	48	104	46	0	39	31
112	4	3	104	2	2	51	32	118	80	2	25	24
66	9	6	58	5	5	84	53	83	40	2	37	24
82	17	6	56	9	5	72	46	101	49	1	29	17
106	7	2	87	3	3	62	39	113	59	0	36	32
44	21	11	40	13	13	73	41	90	41	1	42	21
93	12	8	73	6	6	45	32	125	68	0	25	16
93	12	2	73	4	3	68	38	105	35	1	53	38
134	5	5	100	6	4	29	21	141	79	3	33	28
97	4	2	73	5	3	70	40	100	49	3	39	27
58	34	16	48	20	18	49	28	117	57	3	41	22
90	10	4	70	5	3	66	39	105	41	1	44	28
78	22	6	54	21	7	42	41	121	60	1	27	17
69	12	4	57	12	3	83	43	89	49	0	33	22
92	45	3	82	23	2	34	31	139	62	1	43	28
116	5	3	88	5	3	51	40	122	64	0	30	25
121	6	4	92	7	2	42	33	129	64	2	37	32
63	15	5	55	8	7	79	48	89	45	0	33	19
94	11	3	101	7	3	57	28	107	75	4	35	33
112	16	13	98	16	7	13	10	156	87	0	37	32
53	3	3	45	10	3	109	64	61	25	1	40	22
108	21	2	89	7	4	46	32	127	61	1	41	35
102	12	11	80	10	4	42	31	129	68	0	31	20
66	6	6	57	6	6	91	50	80	39	1	39	24
51	5	4	48	4	4	93	51	69	35	2	36	18
52	24	8	56	14	7	67	30	98	49	2	42	20
100	4	2	91	4	3	63	38	104	66	3	31	28
109	9	8	84	9	8	43	24	125	72	4	35	22
35	5	3	45	7	6	128	51	42	28	2	40	21
96	2	2	76	4	3	73	53	99	43	1	37	32
94	5	4	84	5	2	63	43	106	59	1	32	29
57	14	8	44	14	9	83	56	87	43	0	31	16
93	8	8	86	8	4	63	33	111	70	0	28	22
96	9	7	76	5	4	55	40	113	51	1	38	32
57	21	17	42	21	3	68	52	101	42	1	31	17
56	13	5	58	7	5	95	53	77	44	0	31	18
94	7	3	80	7	4	65	32	103	55	0	40	30
126	11	8	106	8	2	30	24	139	72	2	37	30
131	13	6	104	11	8	20	11	148	90	0	26	21
40	9	8	47	11	8	89	39	72	44	0	36	16
93	3	2	77	3	3	79	51	91	34	3	46	39
43	31	16	37	23	9	57	50	105	49	2	31	19
14	12	6	29	8	6	118	75	48	26	0	28	17
35	12	8	39	11	8	106	56	60	31	1	38	19
63	22	18	52	19	18	39	30	126	65	0	33	15
45	9	6	40	12	6	96	42	69	33	1	42	17
40	14	9	43	11	8	82	58	83	44	1	27	16
36	6	5	47	4	3	114	70	53	28	0	32	22
61	16	10	49	19	11	66	42	95	58	6	30	14
134	3	2	89	4	3	40	36	134	60	2	37	31
94	5	3	74	3	3	74	50	97	47	4	35	26
39	18	7	49	7	4	95	56	74	43	0	27	16
43	11	5	49	7	6	84	59	77	38	1	32	18
79	11	3	61	5	4	71	54	93	45	3	31	21
74	5	3	56	8	4	81	58	87	44	0	28	19
88	10	8	70	5	5	50	36	114	59	1	30	19
70	5	2	61	4	3	94	64	76	42	2	28	22
84	3	3	57	5	4	74	49	91	38	1	37	22
100	11	9	81	15	7	48	26	122	85	1	23	20
83	3	2	69	4	2	77	51	89	44	2	34	26
64	4	4	44	5	4	92	46	75	20	3	51	24
41	5	4	46	4	4	101	61	58	32	1	31	19
90	12	4	80	8	4	68	32	106	62	0	34	23
40	6	3	45	4	3	118	74	49	27	2	28	20
99	6	6	75	4	2	63	49	109	59	1	25	20
114	4	2	92	2	2	55	46	117	64	1	29	28
106	10	3	74	15	2	56	45	116	58	2	31	24
105	8	5	90	5	4	45	37	122	62	3	34	30
127	3	1	105	6	3	49	24	126	75	2	37	32
97	10	2	80	5	2	60	43	107	52	3	37	27
51	12	5	43	6	5	91	51	74	34	2	35	17
51	9	7	57	8	3	103	60	68	32	1	39	29
111	12	4	97	6	5	47	17	126	71	0	42	37
49	3	3	51	3	3	115	57	54	34	1	34	20
66	4	3	54	5	5	92	46	77	47	0	32	19
118	3	2	114	3	2	44	19	125	76	0	40	35
115	6	2	83	4	4	52	34	121	60	1	37	27
107	17	7	87	15	3	38	23	131	77	2	33	22
105	10	5	80	4	3	41	33	126	58	0	33	25
91	5	3	86	4	4	76	38	97	57	1	37	28
105	4	3	85	4	4	61	30	110	60	2	39	23
79	12	11	48	15	12	62	38	104	54	3	33	14
42	8	4	41	5	5	104	58	60	32	2	32	18
73	7	6	79	6	4	63	35	99	54	1	39	27
101	10	10	76	12	7	35	23	131	77	2	28	21
32	4	4	38	5	3	126	56	44	21	0	43	20
86	17	16	82	13	13	40	16	125	72	2	44	29
120	9	8	95	9	4	34	26	139	84	0	22	20
84	9	7	70	12	8	55	33	114	72	2	25	16
27	27	10	38	18	11	100	42	72	41	0	40	15
116	9	6	88	5	3	39	31	130	68	1	29	19
133	4	3	103	4	3	33	21	138	76	2	34	27
99	16	9	78	13	7	43	27	128	58	1	45	35
76	2	2	73	3	2	97	58	75	47	2	30	28
58	5	5	59	6	5	88	43	78	43	1	39	23
61	16	10	49	19	11	66	42	95	58	6	30	14
92	7	5	62	3	3	71	48	100	43	3	35	22
113	5	2	89	3	2	55	40	114	64	2	29	27
54	15	14	45	15	7	70	46	94	54	4	29	16
70	4	4	63	3	2	89	56	81	43	0	30	23
124	7	4	101	5	2	42	28	132	71	1	37	31
82	4	3	73	6	5	84	44	86	51	2	35	27
50	24	7	44	11	7	81	42	87	36	0	48	22
44	14	3	54	14	2	114	58	59	45	1	28	19
83	4	2	62	3	3	88	58	86	33	1	36	28
70	7	5	63	4	3	78	51	89	51	3	27	20
68	7	5	61	8	2	78	53	89	50	1	27	23
77	3	3	67	5	3	78	45	87	48	3	34	22
29	9	4	32	4	3	127	51	45	10	0	52	22
107	12	5	84	17	4	52	28	120	70	2	36	29
95	6	5	68	8	3	58	47	110	48	2	33	25
49	11	7	51	11	4	97	47	72	31	0	45	24
92	3	2	69	5	5	70	44	95	49	4	36	25
79	10	2	51	7	3	86	55	87	33	2	35	21
100	24	7	78	24	8	34	26	133	75	3	33	21
86	16	14	84	7	6	30	21	134	91	2	17	14
83	9	9	66	10	9	59	38	110	73	2	21	14
133	9	5	116	2	2	30	22	144	88	1	28	27
65	12	10	64	7	6	50	42	113	66	1	21	15
86	5	3	79	3	2	74	40	93	60	3	27	21
64	4	3	57	5	3	100	56	72	40	0	28	20
75	19	13	63	12	7	51	34	118	61	0	33	17
104	5	3	85	2	2	59	45	111	52	1	38	32
81	7	5	66	5	4	72	50	94	49	2	29	19
99	10	10	70	8	6	48	43	123	60	0	26	18
69	6	2	64	2	2	94	58	74	31	2	37	28
96	6	5	90	5	5	59	36	107	75	3	24	20
51	14	10	43	15	4	80	55	85	41	2	32	16
97	9	6	77	9	2	59	48	111	60	2	27	23
101	8	6	77	6	5	60	42	114	63	0	25	20
36	16	4	44	13	6	109	54	55	33	1	40	22
73	2	2	69	3	2	90	64	77	40	2	32	29
32	13	11	34	12	9	103	67	62	33	3	29	17
107	3	3	88	5	3	53	36	114	63	1	32	27
64	30	6	49	28	7	67	40	99	54	4	38	17
63	5	4	63	5	4	72	43	84	42	2	41	26
108	4	2	90	2	2	65	48	108	64	2	26	24
112	6	2	95	4	2	57	31	117	69	1	33	29
91	8	2	92	3	3	78	32	96	61	2	38	30
34	20	6	44	13	5	112	46	61	36	0	36	17
104	14	12	103	7	5	39	14	130	82	2	36	22
41	25	6	40	16	3	75	57	83	34	3	33	19
53	5	5	47	4	4	88	67	74	29	2	31	21
44	9	7	49	7	5	89	51	74	41	1	29	17
53	15	14	51	24	7	72	34	95	52	2	42	16
112	20	5	96	10	3	35	27	138	79	1	30	26
89	7	4	70	6	5	69	42	100	49	2	37	28
16	10	10	34	14	4	124	57	39	29	3	35	18
120	2	2	97	3	3	55	29	119	70	2	34	28
53	38	16	46	25	5	67	43	104	49	1	36	16
77	5	4	67	6	4	83	52	87	53	1	26	19
52	24	4	38	23	6	88	60	82	41	1	30	17
70	6	5	61	16	5	86	47	85	43	0	39	23
49	9	6	44	6	5	96	49	69	33	2	39	17
63	5	3	66	6	4	93	50	74	51	1	28	19
103	10	6	76	10	5	58	40	116	53	1	38	28
97	19	2	83	13	2	55	42	117	71	0	25	23
129	4	3	100	5	3	41	24	133	70	1	39	33
86	11	5	70	8	5	59	49	109	56	1	27	21
115	3	3	94	5	3	50	34	120	76	2	25	23
104	7	5	95	5	5	57	29	114	68	1	36	31
70	6	5	71	6	5	83	35	85	66	2	27	17
58	17	11	65	16	7	87	46	83	60	1	26	19
70	4	2	64	3	3	95	56	76	42	0	30	22
49	20	3	37	21	6	97	50	74	38	0	39	18
26	12	6	35	8	5	103	55	60	31	1	33	16
116	4	2	92	6	2	47	38	121	67	3	32	28
104	4	2	104	2	2	65	32	107	76	2	26	25
33	4	2	51	3	3	126	59	41	29	2	37	24
138	12	3	111	6	1	24	25	151	85	0	30	28
124	6	3	95	5	4	44	29	131	75	0	26	24
100	22	8	72	24	6	34	30	131	70	3	32	21
74	3	3	72	4	3	86	47	81	54	0	28	21
28	18	8	33	7	6	92	55	73	39	1	28	15
58	5	5	57	7	2	102	64	71	43	0	25	18
82	27	7	60	26	7	49	32	119	66	2	29	17
114	7	3	87	6	2	53	43	120	67	1	27	24
72	8	4	56	6	3	84	64	87	42	1	25	19
122	5	4	91	3	2	39	42	130	65	2	29	26
97	7	5	84	4	2	68	42	106	61	1	31	26
86	20	11	80	6	4	43	38	127	67	2	28	20
70	13	11	60	13	6	70	35	98	67	0	27	13
86	10	2	69	4	3	75	54	96	51	1	26	21
73	6	6	55	5	3	80	47	86	43	3	33	17
98	5	4	89	4	2	54	33	113	63	1	36	30
72	14	5	66	14	7	70	31	96	56	2	40	23
71	16	8	76	14	5	63	32	103	62	1	36	27
78	3	2	72	11	3	80	42	85	56	1	30	20
130	3	2	108	3	3	40	26	132	70	0	40	38
113	21	15	79	32	8	9	10	162	89	1	33	18
132	6	5	113	3	2	30	22	142	82	1	32	31
53	21	15	48	15	11	65	41	105	56	1	30	14
82	20	8	69	16	15	43	16	122	69	1	42	19
55	18	10	62	14	5	71	36	96	75	2	17	14
81	5	4	63	5	4	77	57	90	47	0	27	19
87	15	13	78	10	5	50	38	116	63	1	32	26
90	9	7	83	7	5	42	24	115	73	4	29	24
62	5	4	64	6	4	97	47	74	40	0	40	28
80	7	3	82	4	3	75	51	88	61	3	24	23
43	13	10	36	8	8	80	51	85	28	1	41	15
98	7	6	95	3	3	60	32	113	81	0	22	20
67	5	2	67	3	3	87	65	77	47	3	24	22
119	14	9	79	15	9	34	30	139	84	2	21	17
55	23	4	49	9	6	92	58	82	40	0	34	23
69	13	7	55	7	3	76	57	92	42	2	30	20
121	3	2	99	4	4	45	29	125	71	1	33	24
82	2	2	81	5	3	89	39	83	57	1	35	25
81	8	5	61	4	4	77	35	93	44	2	38	20
67	8	6	50	8	4	86	64	84	41	1	24	17
121	3	3	84	6	5	42	32	128	61	1	36	27
131	8	8	108	5	4	26	21	146	84	0	32	28
74	4	2	86	2	2	91	46	79	43	2	44	41
57	14	10	49	9	3	90	64	74	42	5	23	17
52	23	7	58	15	6	79	56	85	54	1	23	15
101	4	3	76	7	3	62	35	108	57	2	33	22
61	13	9	57	12	6	71	33	95	56	0	37	20
128	6	3	85	7	4	34	40	136	60	3	36	33
66	18	16	55	14	11	44	33	126	66	0	31	18
69	7	4	69	3	2	80	46	86	53	1	27	19
93	5	5	79	3	2	65	42	106	58	1	29	20
76	4	3	56	4	3	84	64	84	38	1	28	21
68	18	11	52	13	8	56	36	114	61	0	30	19
112	8	4	88	2	2	49	44	122	63	2	29	24
62	14	13	49	26	7	57	34	105	60	2	33	17
57	8	4	63	4	2	100	51	67	39	2	36	19
138	11	2	109	9	4	28	14	147	85	1	36	27
111	6	3	99	4	2	57	33	118	57	0	47	43
53	14	7	35	14	8	47	30	111	48	2	44	18
125	15	7	101	9	5	28	22	145	90	1	24	20
119	2	2	111	4	3	54	20	121	82	0	34	29
104	5	2	88	3	3	64	40	110	66	0	26	23
68	18	2	57	25	3	91	45	85	55	0	31	19
63	11	4	43	11	11	78	37	87	38	1	48	17
54	16	7	71	11	2	96	54	78	46	0	36	31
55	13	9	56	9	4	87	63	79	49	2	21	17
109	2	2	97	3	2	62	36	111	63	0	33	29
86	3	2	58	3	2	82	67	90	35	0	30	24
54	7	5	54	7	6	93	39	74	33	0	49	25
52	24	8	56	14	7	67	30	98	49	2	42	20
84	7	3	56	8	4	81	49	89	37	4	40	24
78	7	5	55	8	5	73	53	93	45	2	29	18
64	21	6	51	16	5	78	52	93	49	0	25	15
86	4	3	81	3	3	79	40	91	48	3	44	33
50	15	12	50	10	7	80	52	83	36	4	40	23
55	18	3	40	12	3	97	60	75	27	1	38	19
51	32	17	51	22	11	69	40	99	68	3	24	15
44	15	5	53	6	3	97	63	71	39	0	28	18
123	7	4	89	4	3	41	33	132	72	2	29	23
98	21	10	78	9	6	44	39	125	68	4	23	16
101	28	11	91	17	6	39	17	136	89	1	27	16
125	9	2	100	13	2	43	23	130	70	2	43	37
83	21	12	64	21	10	56	39	117	65	0	32	26
70	6	4	64	7	6	80	45	88	57	0	29	18
67	4	4	65	4	4	87	59	75	36	6	37	30
132	15	6	108	5	3	23	20	150	88	2	28	27
65	5	5	67	7	4	88	55	77	53	3	26	20
130	6	5	100	7	4	31	24	128	72	11	38	38
101	4	2	91	2	2	70	41	104	61	1	31	27
126	3	2	99	3	2	44	28	126	68	4	38	33
90	6	5	77	3	3	74	43	98	58	1	27	21
67	15	7	47	13	5	77	49	94	40	1	38	16
99	12	2	100	10	3	58	29	110	72	3	37	33
109	5	4	86	7	3	53	33	116	67	3	31	25
102	9	6	75	5	3	58	40	116	57	0	31	22
35	5	5	36	6	3	115	67	51	13	0	42	26
66	14	6	59	10	8	65	42	97	59	1	28	17
90	3	2	84	3	3	74	46	97	60	0	28	25
55	29	4	50	13	5	85	45	85	38	2	41	20
62	7	2	63	4	3	102	61	71	38	0	35	28
100	19	3	71	20	4	51	33	118	64	3	33	21
66	5	4	61	10	4	83	55	84	48	0	26	19
101	11	8	70	9	8	49	41	121	71	3	23	18
112	6	4	88	5	2	48	39	122	63	2	32	29
28	27	12	42	16	12	67	34	98	56	1	34	17
74	2	2	65	3	3	99	54	74	43	2	31	22
96	25	11	80	19	8	42	23	130	80	2	29	19
73	12	4	73	11	3	75	45	90	58	2	27	21
69	33	4	54	21	4	64	53	107	37	1	41	27
85	6	5	60	9	5	71	37	98	47	3	40	27
128	2	2	105	3	2	47	26	126	70	2	40	36
141	14	2	111	7	3	22	13	151	84	3	38	32
116	8	4	88	4	2	45	46	123	68	3	24	22
126	11	4	96	10	2	36	32	138	71	0	32	31
51	7	3	42	8	7	87	46	72	33	2	40	19
54	41	11	61	19	6	52	40	116	60	0	31	23
51	11	4	50	15	5	89	48	76	46	0	33	19
102	15	3	99	7	4	54	32	118	86	2	21	20
97	7	2	62	13	3	65	43	103	46	4	36	21
125	3	3	96	3	2	46	35	128	67	1	33	29
102	15	3	83	13	4	45	28	121	72	1	31	25
138	4	3	105	4	3	30	25	140	80	3	31	30
50	16	2	53	7	3	107	65	65	26	2	39	29
108	2	2	85	2	2	63	45	110	59	1	30	25
83	30	9	64	30	11	32	18	132	82	4	33	18
67	21	3	72	18	4	78	36	92	66	1	29	18
54	11	6	43	6	4	88	66	78	30	0	31	18
41	15	11	30	12	11	91	76	68	32	5	24	16
117	5	2	97	5	4	49	34	119	68	2	32	31
118	7	4	91	3	2	39	38	129	69	3	28	25
113	2	2	98	3	3	58	23	115	62	1	41	31
114	11	5	78	16	10	44	29	130	70	0	33	21
92	20	4	79	7	3	50	35	121	64	0	30	21
129	6	3	112	3	3	39	22	133	77	3	37	36
72	39	3	69	21	3	61	45	112	60	1	29	22
76	6	3	60	7	4	82	56	86	50	1	27	19
80	34	3	60	23	3	58	42	113	56	2	33	25
79	26	3	70	24	2	56	42	110	60	2	35	25
87	2	2	71	3	3	82	51	89	48	2	31	24
47	19	3	37	8	4	100	63	69	24	0	38	18
41	9	8	44	12	9	79	32	85	43	1	48	22
55	18	7	44	11	5	79	59	85	36	3	32	17
114	17	2	97	9	5	42	24	130	70	2	42	37
58	7	3	55	6	4	89	42	74	39	2	43	24
95	8	3	79	7	4	65	37	107	70	0	24	19
70	17	8	63	16	6	80	45	93	58	1	28	17
101	33	1	82	26	3	45	31	129	76	2	30	24
64	7	3	59	8	8	83	32	78	44	5	47	28
89	10	9	73	9	7	52	38	117	58	0	33	24
67	4	2	49	9	6	92	53	74	30	2	43	25
81	13	7	66	16	3	64	48	103	64	3	22	16
106	19	2	71	13	4	46	35	125	62	1	32	24
33	18	11	32	15	10	79	50	82	39	2	33	13
40	9	5	51	7	7	101	61	55	43	0	24	16
113	17	3	92	15	2	34	23	133	81	2	27	23
136	24	14	105	24	11	5	2	170	111	1	25	23
51	13	9	46	7	5	84	45	79	31	2	43	16
67	17	9	49	9	4	73	51	93	46	5	28	16
55	5	2	66	4	4	105	48	65	43	0	37	26
52	7	7	46	11	7	86	54	80	48	2	26	15
96	18	9	86	13	8	29	23	137	93	2	20	14
44	7	6	57	6	5	95	42	67	41	0	37	15
51	20	9	52	13	7	84	50	83	51	3	31	17
78	11	10	60	9	8	59	39	106	66	2	23	14
129	11	4	104	5	2	31	23	140	76	2	33	29
15	11	8	26	19	7	129	58	37	22	2	40	18
79	17	13	63	26	10	55	31	115	74	1	29	15
146	6	6	121	4	4	15	10	158	97	1	30	29
66	6	3	68	5	2	90	53	76	42	2	36	30
89	37	4	78	27	3	41	34	130	69	0	33	28
45	20	9	40	15	11	76	49	95	51	0	26	13
113	3	3	80	6	4	58	44	114	61	3	30	24
108	10	6	77	7	4	50	34	122	59	2	32	20
58	32	15	67	24	3	58	37	109	70	2	26	17
99	15	2	81	7	3	59	39	115	59	0	34	25
100	7	5	72	8	4	60	38	112	60	1	31	20
133	4	3	102	3	3	37	30	134	67	3	39	36
109	22	4	91	14	2	42	27	133	77	0	29	25
70	7	5	60	5	4	80	47	87	52	2	27	19
66	8	5	60	11	5	82	44	83	45	2	38	25
73	5	3	65	4	3	84	51	82	49	1	30	23
124	4	3	100	2	2	46	26	124	66	4	41	37
118	4	2	99	2	2	51	25	122	66	1	40	35
105	4	3	85	4	4	61	30	110	60	2	39	23
79	12	11	48	15	12	62	38	104	54	3	33	14
81	6	4	58	6	5	71	42	93	45	3	36	21
112	3	2	98	4	3	58	27	115	71	1	35	27
61	7	7	53	6	3	91	74	77	32	2	29	24
59	8	3	65	8	2	93	47	74	42	1	34	23
82	10	2	61	3	2	81	46	92	37	1	39	22
82	8	3	65	5	5	71	50	96	49	2	30	23
77	3	3	67	5	3	78	45	87	48	3	34	22
120	8	6	91	8	3	39	38	131	74	2	25	20
131	3	2	107	4	3	43	23	130	74	3	38	34
42	10	9	47	10	4	86	59	72	42	2	26	15
97	5	3	95	3	3	56	39	112	68	0	27	26
90	14	8	76	10	8	49	27	117	65	2	36	25
124	9	5	82	8	7	29	31	139	63	0	41	33
89	18	5	66	4	4	56	34	116	50	0	39	25
84	7	6	95	3	2	76	32	96	62	1	38	33
114	4	2	87	3	2	57	42	116	50	1	41	36
41	27	7	40	15	6	82	55	85	50	2	25	15
53	29	8	58	10	6	68	45	96	41	2	42	27
83	4	3	64	3	3	83	59	90	43	0	30	22
64	5	5	42	6	5	87	64	79	33	1	30	18
65	14	4	52	10	5	83	47	86	47	1	31	22
45	20	17	48	11	10	70	48	96	45	2	34	19
25	22	8	35	19	5	95	59	67	32	1	34	18
111	6	6	92	6	3	45	24	124	70	2	36	29
52	10	5	43	13	5	81	46	80	38	2	39	22
27	9	6	40	4	3	101	58	60	25	0	37	18
67	46	14	65	24	11	40	21	131	67	0	40	32
32	16	3	56	7	2	112	67	56	40	1	27	22
96	11	2	82	5	3	70	44	105	56	1	34	28
45	9	6	40	12	6	96	42	69	33	1	42	17
40	14	9	43	11	8	82	58	83	44	1	27	16
42	8	6	40	9	5	101	54	62	31	3	37	18
72	8	2	68	4	4	87	43	84	44	0	35	23
98	4	3	83	5	3	72	34	103	62	0	32	21
78	5	2	66	4	3	88	47	84	39	1	40	30
61	6	6	56	5	5	90	46	79	41	0	38	23
103	4	3	77	3	3	61	48	109	52	2	34	25
120	14	8	101	15	4	33	18	138	75	1	44	40
84	12	5	73	9	5	72	36	100	57	1	36	26
89	3	2	71	4	3	77	48	93	46	1	36	26
124	8	5	100	6	4	40	21	135	76	0	36	29
55	8	3	53	6	5	99	50	71	44	0	30	21
88	9	5	63	7	5	53	39	110	56	3	28	20
51	36	16	53	22	14	71	38	102	65	0	28	15
110	4	3	92	4	3	58	35	115	59	1	36	30
82	10	4	83	5	3	65	40	100	65	1	27	26
125	2	2	98	6	6	48	29	123	77	3	31	28
63	33	11	51	24	4	68	50	106	49	1	34	16
55	6	4	49	4	4	98	64	69	36	2	26	20
48	30	9	49	18	5	69	50	96	50	2	29	21
107	35	2	96	20	1	33	26	142	81	0	32	31
64	15	8	54	8	7	65	47	101	48	2	32	15
52	18	8	60	14	6	79	39	90	51	1	39	23
55	24	22	47	21	13	42	23	122	72	2	31	16
32	8	7	37	5	5	99	61	62	25	1	36	20
76	10	3	53	11	8	81	44	91	50	0	32	18
59	8	4	49	5	4	97	58	72	38	1	30	18
112	4	3	84	3	2	51	39	119	55	1	37	32
70	5	5	62	5	3	85	58	84	48	0	25	18
31	7	5	44	6	4	110	59	51	26	1	40	22
