209370
155367
134726
111058.5
66416
105299.5
122327
57543
68045
97986
79545
128359.5
139572
75474
123972.5
115677.5
52823
158641
56416
60198
66232.5
89193
90664.5
151277.5
104311.5
151877.5
113064
119432.5
226462
106947.5
105066
98818
119172.5
74184
103572.5
85680
172292
60820.5
127665.5
57006.5
142303.5
130688
142955.5
169453.5
220338
96620.5
83807.5
134776.5
180235
149786.5
75301
85121
70938
91087.5
235746
98298
75286.5
93647.5
67484
150404.5
204567.5
140344.5
227999.5
94357
75863
123932
141449.5
155731.5
55355.5
133232
142521
52956.5
123885.5
136669
97759
141963.5
103999
43443
196087.5
139766
161774
203186
134999
77603
129654.5
134817.5
179927
63918.5
82044
134470.5
120482.5
85818.5
63288.5
64286.5
106453.5
198271
143840
100545
144203
70104
63356
105920
85620.5
88178
128083.5
109909
153468
178379.5
130410
116465.5
102542.5
93732
91838.5
202099
152429
118259.5
92225.5
173039
208391.5
130137
107808.5
108431
131977
107412
94940.5
200620
209245
94363.5
103994.5
103994.5
197895
56316
58367.5
128255.5
119527.5
68078
155992.5
200560.5
106027
108494.5
97245.5
87770
122144
99443
40803.5
85660
65864.5
68311
141694.5
92118.5
104846.5
71561
87198.5
84505
103407.5
53023
77577
67569.5
38148
128810
195372
97394.5
77732
80993.5
81082
70151.5
200328
182357
181253.5
79631
160827.5
147715.5
145422.5
71790.5
68959
69340.5
64320.5
39552
169287
109314
90779
139509
76425.5
177221.5
99048
131989.5
116554
128713
60824
176851
81432.5
133502.5
68078.5
188365.5
117021.5
132289.5
89566
146135.5
115415
79955
44672
61918.5
113649.5
46727.5
62906
98624.5
94963.5
245586
148740.5
165283
110478.5
126230.5
53030.5
187448
151659.5
156441.5
196167.5
153218.5
224707.5
86399
116397.5
79331
122963.5
153231
49392
128612
117819
213281.5
178681
135085
121257.5
102412.5
117757
173308.5
90199.5
72027.5
60743.5
249602.5
129371
85692
147214.5
159757
177165.5
46126.5
128880
85298.5
211579.5
197435.5
196054
79366.5
88126
166296
68055.5
174224.5
133026.5
110570.5
51996
127957.5
64567.5
43033.5
243190
98195
224363.5
89339.5
195130.5
165223
75511.5
126526
109514.5
99276.5
234789.5
106107
118661
214477
244934
158716
151163
99379
215050.5
92291.5
120471
142092.5
65715.5
82380.5
249557.5
109462.5
76047.5
163676.5
62517.5
93027
142488
138050
41026
119794.5
233560.5
66579
205177.5
74875
216363
156139.5
81606.5
193125.5
205297.5
147665.5
89631
163665
70095.5
66278
78121
63964.5
105902
89669
221211
179521
211416.5
97306.5
213907.5
94398
44604
52037.5
85943.5
92953
85943.5
100188
150534.5
211375
103002.5
93388
161969.5
70310
75933
48082.5
135802.5
61470
100153
79192.5
116161
233567.5
34134.5
181168.5
52499.5
92119.5
54033
103931
141043
154111.5
80870.5
130334.5
89210.5
246975
232509.5
204798
187248.5
206148.5
72807
191811
191770.5
97959
51169.5
106368.5
75721.5
95434
98346.5
123384
94434.5
134180.5
162025.5
91970.5
91754
101945
83067.5
105869
244524
227648
196277
79211.5
176779
174338
84466
153058
162014
141746
107631.5
110039.5
122449
157636.5
48151.5
199455
115582
41721
57689
82207
77370
107480
192889
170005
233876.5
51893
89797
157877
70367
201574.5
115827.5
117294.5
196544
109368.5
129834
191253
196841
104666
127309
73970
164930.5
76790.5
156069
62849
137781
83455.5
77993.5
92385.5
194532.5
177062
146978
175504.5
111881.5
223437
101478
110381.5
173140.5
175632.5
98523
137155.5
63246
139495.5
95487
49942
91592
100517
121492
177536
57835
77586
141798.5
41910.5
109090.5
87369
220749.5
61005
132924.5
130491
73919
220970.5
243148
89120.5
87923.5
140924.5
79641
108237
117186
98990
93420
122881.5
199129
70123
134685.5
243140
67954
217157
152326
191803
159034
56005.5
148245.5
199385.5
204902.5
188461
71847
172157
233094.5
94964
75421.5
70939
94520.5
83169
88218.5
162165.5
182953
89008.5
48165.5
240924.5
115469.5
146146
91944.5
108637.5
92123
51380
83790
85281
100660.5
73691
99477.5
85247
108791
186807.5
70321
91423
86935.5
147337.5
85053.5
177828
84102
81796.5
174551
78394.5
82375
130954
41572
61289
167951
119715.5
123842
138335.5
115412
131992.5
85814
102155
165956
88888
74711.5
152119.5
195518.5
168221
125197
122843.5
41762
226876.5
105980.5
130320
83427
158709
110366.5
180342
128429
145736.5
96238.5
103408
117495
213464
206523
113575.5
118088
146895.5
60628.5
71183
70896
90232.5
151591.5
57792.5
70867.5
77585.5
110837.5
56431.5
44936
47910.5
163339.5
82849
155191.5
161008.5
55667
87964
65840
58128
175915.5
98865.5
194194.5
97751
111098
93234.5
125475
147621.5
69286
192315.5
120710.5
111955
188749
201163
57475.5
102430.5
160063.5
150145
101095.5
154774
148819
156381
60839.5
86620.5
56007.5
91127.5
238453.5
100706
235622
220063
56087
85998
223102
107156.5
176368
167874.5
51436
141154
96166.5
110328.5
101651.5
63273
151043
216041
186564.5
186564.5
171160
160694.5
109576
155464
55308.5
57547
82974
109085.5
191326.5
46604
48264
120827.5
60802.5
101575
90615
69956
98394.5
103675.5
98731.5
107382.5
79491.5
62206
139198
100271.5
68884.5
71770.5
163931.5
164010
163090
166157
69034.5
61677.5
34851
120663
129562
169656.5
203206.5
158939
63021.5
114144
187386
104010
212148
187269
140342
33230.5
108417
75629.5
65764.5
157282
173869
174933.5
74766.5
241755.5
102689
236201.5
89204
87221.5
86452
56441
95180.5
100123
166505
68651.5
55787
63501.5
134036.5
133748
169317.5
59776.5
121449
83525.5
66230.5
171440
140692.5
84983
94888.5
72194.5
133360.5
246414
140707
99567.5
213717.5
105055.5
140669.5
66161
165638
148390.5
218713
112372
59063
66368
83510.5
96208.5
76006.5
55949.5
234679.5
171227.5
165530.5
195657
48406
122166.5
118762.5
99714.5
74100
168392.5
150179.5
62426.5
135069.5
216040.5
120290.5
116768.5
161304
98492.5
72751
101166
66335.5
98501.5
245140
116180.5
137938.5
121304
70512
107063
102379.5
73484.5
108329.5
122048
244069
96708.5
206180
209771.5
105451.5
113255.5
88544.5
81124
139895.5
177352.5
41597
156244.5
38158
67522.5
105835
213459.5
122092
99368
143192
115128.5
203334
200242.5
98926
121636
199639
77136
149502.5
118730
109311.5
49064
170130.5
161038.5
74339
55136.5
191601.5
231400.5
75827
240933.5
71574
238262.5
104486.5
185850.5
215602.5
135052.5
186003
180125
51693
209846.5
76023.5
155963
104594.5
124772
104594.5
82986.5
126597
128166.5
63498.5
196030.5
76579
111977.5
124125
182885.5
106994.5
171428
77649.5
211474.5
76456
161856.5
59119
215212
130155.5
134117
144357
101944.5
81488.5
113721
69870.5
87044.5
98446.5
77414
113009
94554.5
81786
73974
90546.5
125177
104461
170447
103592.5
121542.5
63607
81204.5
62184
60151.5
105400.5
167109
77083.5
194124
58774
81336
165703.5
96064
161808.5
151334
164415
73928.5
28522
135958.5
138949.5
86624
176485
48117
97384.5
75388
156736.5
147289.5
178051.5
144376
81666.5
115344.5
158592.5
68861
88081
187291.5
72582
158512.5
208159
185827
200746
115549.5
249952
60004.5
68668.5
102810.5
105995.5
113916
94603.5
113916
88983
121625.5
191070
81267
87464
131380
105056.5
102868.5
103136.5
60628
70328.5
56056
109181
52573.5
177024
109621
159110
219835.5
81122
180555.5
106653.5
82106
102157.5
70185
164190
135468
93660
87976.5
84411.5
152205.5
91091
127184.5
133128
62278
113580
173381
126907
157922.5
224204.5
191232
124695
203206
144830.5
168219.5
80109.5
123472
122873
79787.5
136320
140788
119924
153682.5
61492.5
130034.5
64839
103618.5
70634
141468
183088
65506
111701
58742
185358
124032.5
43494
104667.5
118641
68981
125913
136114.5
57811.5
113149
134598.5
134852.5
52920.5
199897
99613
194482.5
60588.5
69690.5
99365.5
88792
116809
77564.5
99638.5
62609.5
146875
134072
144687.5
229266
162436.5
104639.5
114230
103099.5
106044.5
76265.5
67686
56493
118761
70920
164748
62758.5
179903
113893.5
169133.5
67851
86583.5
181522.5
93733.5
106955.5
74534
151275.5
89746
190899
87560
83872
48635.5
77207
126828.5
156772.5
134268
180208
130996.5
172494.5
95993.5
113324
122070.5
166384.5
104990.5
136454.5
207291.5
101686
164351
91605.5
162585
141958.5
127042
262367.5
118869.5
237444
147737.5
145076.5
106879
107003
130656
162966.5
158140.5
102279.5
124359
147969
155604.5
94857.5
119971
99443.5
219223.5
117310.5
148263.5
179613
106083.5
136862
120115.5
172262
201684.5
126990.5
126834.5
158729.5
128127.5
95656
131081
133013
205821.5
160549.5
87464.5
156156.5
166800
178443.5
164255
225235.5
183394.5
171224
230930.5
155001.5
295712.5
126658
129262
142805
154094
168391.5
107551
271216.5
156655.5
116388
253271.5
107858.5
191919
157037
133211.5
140624.5
108861.5
155837
147488.5
134792
159053
346167
122701
107064
171090
140582.5
242776.5
177448
101912.5
114676.5
127853.5
119071.5
206418.5
135011
150419
124870.5
166427
185309.5
77318
235184
113527.5
92912.5
135472.5
219537
191725
186764
125028
249455
127914.5
129312
115563.5
99898.5
157566
111098
140846
108670
135661.5
179384.5
143077
134407.5
127330
126920.5
186026
271500
136707
140719
152473.5
121567.5
345008
110128
204660.5
174882.5
143284.5
206206
322114
105390.5
153220.5
337864.5
91980
123022
96289
171707
84489.5
175280.5
159521.5
119587.5
137707
310767
150906.5
111989
119029
138213
157109.5
95261.5
135119
149829.5
130729
234740.5
130018
150011.5
350934
256683
171149
151533
109402
156333.5
172737.5
147350
90553.5
138433
135572
108701
184003.5
145758
135841.5
182799
160648.5
98847.5
183805
86074.5
140805
205638
140805
105390.5
164059
144373.5
151550.5
169555.5
157656
118089
148600.5
176438
134728.5
189822.5
155762
204451.5
141677
180878
135303
144302.5
211793
159392
100868
134641.5
98104.5
173278.5
132879.5
220933
192184.5
76354.5
82726.5
89644
136986
194796.5
153178.5
112883
131499
135850.5
177789
305455.5
142924
146599.5
121969.5
166086
109347.5
195804.5
222590.5
145114.5
161492.5
95959
188508.5
188048
114155
202951
115544.5
161175
108978
99511
212489.5
126785.5
163591
136138.5
138398.5
153648
176580.5
149838
150723.5
105290.5
99391
144111.5
90547.5
109960.5
115777
108379
103916.5
133988
156934
164638.5
107495.5
197077
131825
194659.5
149647
105338.5
139184
189377
139929.5
119135.5
246871
158297
140722.5
125254.5
148561.5
165724
178973.5
75479.5
110757.5
126832
95750.5
182516
137837.5
211702
124353
295945
154536
87332.5
85979.5
138886
209973.5
179956.5
158791.5
143575
125115.5
213418
142405
186697.5
141712.5
145602
60189.5
190545
128989.5
152886
142834.5
175782.5
150809.5
144232
121687
100985
151118
152187
124439
134104
120636.5
144046
97232.5
144046
265650.5
152113.5
221710
146461
121410.5
249205.5
174368
128988.5
136180.5
164607
95409.5
211374
155202.5
170446
233137.5
185222.5
109560.5
175508
129806
93473.5
179790
174581
192546.5
106976
141453
113002.5
136704.5
141622
147459.5
111923
139106
167424
216488.5
126379.5
132498.5
105872
121781
116991
144911.5
118677.5
148513.5
113572.5
140244
125147.5
106647.5
162017.5
206958
125849
93607.5
243504
140872
123933.5
160626
129654.5
196929
116286.5
154835.5
129426
268150.5
97773
86516.5
157571.5
204978.5
67648
133324
182750
209585
153515.5
142362
184615
96766
168156.5
144466.5
171140.5
235175
77553.5
197026.5
210485
160280
135806.5
132902.5
188419.5
120660
87499
175942
155363.5
218120.5
159981
219186.5
241757.5
175029
138273
171529
156526.5
135188.5
114368
89140
101164
257196.5
204370
154469.5
114252
116501.5
95828.5
136495
152115
226912.5
152244.5
133833.5
218798.5
165370.5
99024.5
231342
154436.5
162890
119188.5
127920
163449.5
239919.5
191471
116911
171204
91046
103976.5
135036.5
115925.5
134801.5
112176.5
153441
123980
134985
131224.5
170000
193678.5
148605.5
179304.5
190446
116166.5
212229.5
270728
127231
115164.5
96846
120490.5
90603
202275.5
166344.5
120600.5
113283.5
93407
90843.5
224561
189912
126752.5
78015
142839.5
114227
141540
207989
218630.5
149475
168052
262288.5
131952
119621
143870.5
105849.5
127039.5
134434.5
237117.5
141220
190090
166516
230032.5
153612.5
214563.5
100763
129911
97566.5
120793.5
127984.5
125704.5
159616.5
111150.5
234314
180473.5
134191.5
241342
105953.5
160546.5
136956
120115.5
131615.5
107718
243921.5
97190
79335.5
121204
104028
100445.5
200606.5
70123
119518
166552
161574
102556
105490.5
90540
143655
191601
176301
144498
215701
122010
152005.5
139648
101687
105460.5
111700
191386
123595
191876
167021.5
133953.5
185901.5
100868.5
90328.5
144826
187939
145353
232373
192183
96845
66413
117262.5
125009.5
137651.5
174926
261399
150593.5
104403
171151
190295.5
170161.5
105848.5
124322.5
157635
216583.5
230162
109894.5
89697.5
126245
115331.5
108260
131325
171333.5
144536.5
124169.5
206136
185912
199693
186391.5
143743
212913.5
186219.5
98962
80684
157283
132902.5
148384
92050.5
171735.5
180323.5
131021.5
192464
98528.5
129603
157701.5
271960
138791.5
172035.5
140011.5
93467
136018
216569
101841.5
154957
102978
157522
58388
103346
171322
145238.5
145238.5
88749.5
106894.5
182537.5
111345.5
138050
146168
135250.5
278635.5
112024.5
108700
148292.5
179884
157654.5
160781.5
240705.5
216899
135899
326981
155614
98005
100868.5
89473.5
164964.5
132548
109035.5
175220
211842
197164
371032.5
179940.5
101201
136155
109867
166593
94224
102913
193422.5
165234
116165
176570
147452.5
109068
101015
161555.5
164479
94295.5
130449
130449
205749.5
150970
140817
139253
115232
118143.5
102421.5
190745.5
198247.5
235988
145474
88986.5
115158.5
204075.5
231479
134465
108866
134100.5
180290
304989
109887.5
111521
222032.5
79337
96217.5
94127.5
145785
160610
131115
141183
165853
145904
108516
122743.5
242239
186099
137110.5
110442
116567
116567
144999.5
150291.5
85178
160210.5
112809
146257
216474.5
199082.5
101434
170206
88203.5
172194.5
88991.5
137957.5
152191.5
129312.5
172845.5
191767
140793.5
151183.5
186906
130874
195540
126370
147355
125233
165512.5
160128
178541
160759.5
161810
150887.5
93585.5
126050.5
232448
145265
164998
103096.5
219246.5
208048.5
151863.5
143117.5
190472
195471.5
218689
170470
111502
112383.5
271574.5
121257.5
150531
101790.5
194582
74903
97383
129785
113704
134832.5
118436.5
169574
98503
227801.5
138627.5
98503
168494
134800
142164
175510
194933
283441.5
292898
113181.5
137324.5
192211.5
134058.5
173987
230627.5
122431
170066
122228
181371
123196
189836
119220.5
222266.5
184750.5
108168.5
185637
79168
111695
118668.5
207238
98755
195210
147616.5
116680.5
158175
135540.5
112004
171409
73034.5
123620.5
241935
181685
175280
129588
150145
151391.5
138615.5
120590.5
159597.5
318606.5
224020
144993.5
177938
79634.5
150482.5
95192.5
137736.5
128361
237575.5
152362.5
90721.5
130385.5
167293
188891.5
108383.5
198578
124067.5
99199.5
190082
189204.5
107323.5
188427
114251
127034
64384
114364
87788.5
102247.5
260316
141866.5
89044.5
121367.5
131011
120886.5
132269.5
126124
139437
121346
98647
192705.5
193806.5
125172
264812
209447
142725
237585.5
143170.5
117583.5
141059.5
233195.5
128002.5
167565.5
155348.5
204183.5
134956.5
125004
117688
107460
134324.5
149436.5
134814.5
107460
134324.5
118450
196615
133721
130050
203537
99936.5
166002
200505
152394
167124
277390.5
106128
211890.5
124589
88512
148045.5
114897.5
79413.5
216060.5
104904
96683
237085.5
180649
179974
128164.5
153289
150077.5
124002
109269
113189
113017.5
145281
108747.5
145106.5
88230
188554.5
178890
151458.5
90189
291893
130639.5
153343
138907.5
151114.5
205572.5
77899
130866
130648.5
205560.5
112035.5
176477
109304
167446
156779.5
117159.5
173111
269379.5
163135
168319
140566.5
128618.5
140586.5
153072.5
138143
166681
124251
133545
174886.5
161201
103313.5
265203
196153
110797.5
149370.5
222534.5
158821.5
163549.5
110339.5
121197.5
156126
172135.5
148291
182949.5
177936
186753.5
126590.5
182749.5
144846.5
82541.5
220129.5
148004
190212.5
187684.5
143406
164359
161215
135576
140507.5
218942
204006
111195.5
108700.5
110136.5
233988
81504
139486.5
95357
185610.5
115015
140570
122921
113634
104579.5
145592.5
145592.5
137515.5
150032
173005.5
119205.5
155972
94800
104205
224976.5
75455
77739.5