HSC_pop_size	HSCT_bottleneck	number_drivers_per_year	gamma_shape	gamma_rate	dpcpd
191896	1255	188.712264365338	0.446871937504745	23.4376483223494	2.69427138851664e-06
191454	1251	141.318468251664	0.632360884570681	21.0526276663669	2.02228151734097e-06
344702	11120	123.369078602282	0.52261475282084	23.3681370445035	9.80549795541338e-07
167724	1400	173.043758487576	0.187097733516908	25.5690068782438	2.82662283875329e-06
249549	43464	194.244999590082	1.07161635092306	33.7822122913578	2.1325594615435e-06
258932	576	145.551697289367	0.130728588193713	18.8128904834374	1.54006369778755e-06
161294	1781	184.44465997672	0.837895042074551	26.9084691893673	3.13296114891228e-06
199193	2148	115.145036913538	1.76873248320936	27.6350622462986	1.58371958129873e-06
275631	5723	192.529526727358	0.192648586745004	28.8981225118409	1.91371128580392e-06
242584	6328	179.965624687303	0.452472641852338	24.4529955595479	2.03251865742428e-06
203011	1175	159.858298498952	0.935691156011591	31.8369786980037	2.15736064101462e-06
179258	2731	173.394526479557	0.147971269874358	25.028669069565	2.65011043972523e-06
170061	10458	199.61404671805	0.340518776600042	27.2975561137214	3.21583313768315e-06
242255	2132	176.846524238814	0.435630423453307	30.1707667481566	2.00000423236597e-06
225394	2246	179.342803984877	0.528868161416183	28.5482176370065	2.17996108105705e-06
184957	707	179.285633545219	0.865156750984951	34.5619245820062	2.6557173643725e-06
216557	1471	110.509188760865	1.3556184305514	30.0341387436003	1.39808411048684e-06
211887	1193	205.587833646689	0.287112796046298	31.6554107292741	2.6582770002787e-06
194594	27784	181.874312714838	0.484398898059264	29.1418245368839	2.56064312496701e-06
244966	4376	246.05076174961	0.409159789661357	33.6449020718687	2.75185811919339e-06
252529	5718	173.848200639008	0.238129505587833	26.6616927936743	1.88610591301146e-06
210311	5378	240.517694041312	1.27839860016747	35.9514744832899	3.13322929573134e-06
235627	1204	197.024809364676	0.283470416511779	26.1619191139077	2.29088346521997e-06
314726	1676	240.19703361311	0.295258351264076	32.72096878428	2.09094280324299e-06
271025	10248	317.068582488446	0.483484334551976	36.21609879225	3.20516944161443e-06
265176	14844	198.950716832429	1.26374977287788	34.3697760637879	2.05550448409791e-06
260417	1964	236.145843616247	0.319187197638099	28.6411900557048	2.48438048981869e-06
155321	1724	227.603068961078	0.58455459614307	35.0300289622327	4.01471824124335e-06
155412	3216	173.298201325379	0.60149955251984	25.3595000313772	3.05503817383646e-06
194907	1764	198.328222237922	0.26525564456606	26.558253213239	2.78781671480585e-06
282985	1009	152.48439677007	0.917489906597101	30.403550662037	1.47628132446219e-06
203046	17211	154.452023089813	0.333938811190595	25.527945771678	2.08404119087952e-06
191905	1791	160.411994008053	0.109322809619463	22.0697909050297	2.29011706360207e-06
335605	2351	140.619087337201	0.300493556331096	23.924977190671	1.14795004104998e-06
262908	2923	136.081108385002	0.651573039738108	25.738094816065	1.41808143715466e-06
170148	7291	204.115706169496	1.05766302569417	36.8210495222883	3.2866746173516e-06
331300	14935	208.614874153554	0.345755341034158	28.7999775801869	1.7251663157884e-06
199120	1109	182.756708023348	0.666055294035232	27.5513695160217	2.51458070335982e-06
355023	15493	183.578040451145	0.434690983151236	23.643118628231	1.41667873766654e-06
214609	15387	226.155395018927	0.251061394379272	30.075646232367	2.88712878756093e-06
218998	4028	199.827412274914	0.23441379866198	25.9079173015283	2.49989663100588e-06
282684	3183	293.365598866021	0.422152791481073	39.1606553234942	2.84325029628922e-06
226940	7899	194.28338656008	0.42362233065441	27.9489440672714	2.34548008658471e-06
276446	1253	238.604376720383	0.114782080391796	23.8643708131425	2.36469553240681e-06
162368	697	257.639612339423	0.117332397018625	26.1886040659947	4.34729719904696e-06
227176	1046	260.430486982419	0.230492499145313	29.3058155255105	3.14077272032907e-06
189774	1818	158.894558578336	0.280484995066045	22.7461470277133	2.29392623725519e-06
242699	5798	171.358031435449	0.929078274095528	29.2255835835899	1.93438810513128e-06
240421	2126	127.212562757771	1.599950041528	34.6055486391876	1.44965526804802e-06
152361	585	157.736185509646	1.02705742567601	35.5176728459778	2.83638157338912e-06
253719	892	160.53725613535	2.10112216255572	38.0628073895794	1.73352448575376e-06
169985	8633	154.66490951321	0.567654116079745	23.4198328578482	2.49280511879509e-06
156419	1546	174.021940357967	0.656466425506617	28.7547994292927	3.04804684428935e-06
181617	6776	200.924701929826	0.677992623904905	25.6523635489333	3.03098628115309e-06
219675	1301	224.108821805143	0.216100645160042	26.0583248475683	2.79502343038072e-06
198400	2331	190.705009075644	0.577814229316545	31.8565901238508	2.63346510544139e-06
192019	1393	191.427651518707	1.32006170308008	37.7551190640835	2.73128867054476e-06
246862	2526	178.819648362286	0.563132693810385	28.9479943935376	1.98457779985652e-06
280496	509	184.951106497639	3.93732582948414	52.5791215443917	1.8064976337185e-06
263862	3997	293.852743260674	2.09618903807969	45.5783837375338	3.05112524324591e-06
232237	1066	168.036837186253	0.717829127351999	26.4460236122436	1.98234948092118e-06
199999	2684	222.27663011367	0.118813946518474	23.1332616549989	3.04490056852572e-06
239216	1973	200.924701929826	0.677992623904905	25.6523635489333	2.301178162933e-06
183324	792	244.111439932857	1.09625367270623	43.855851386583	3.64817735577159e-06
315367	5366	155.290021896814	1.11571283125511	28.7755482423502	1.34906986078376e-06
233870	576	200.924701929826	0.677992623904905	25.6523635489333	2.35378045676735e-06
326260	1021	156.610153214663	0.504950985529186	23.9619209917783	1.3151134460764e-06
285884	1079	198.950716832429	1.26374977287788	34.3697760637879	1.90661407100484e-06
223269	532	175.967132497897	1.09213959038102	35.288566353689	2.15928647896014e-06
214808	28462	192.551278955302	1.45488023284491	36.6264712173788	2.45585709360206e-06
198871	1245	138.109986685329	0.741271420414646	24.606760338149	1.90265813097578e-06
240595	3895	203.615100026015	0.148230332587862	25.1669041533959	2.31862503008113e-06
215436	3026	192.463087367652	0.642804898643904	30.8184603405956	2.44757668065871e-06
214287	7401	204.527278511397	0.168855262437663	27.7094561339615	2.61494494883219e-06
346091	1701	188.712264365338	0.446871937504745	23.4376483223494	1.49388427428274e-06
243612	8981	188.712264365338	0.446871937504745	23.4376483223494	2.12230884509297e-06
223914	1460	186.154750390685	0.1178343532739	25.2744759123088	2.27771829706494e-06
339338	3136	154.452023089813	0.333938811190595	25.527945771678	1.24700513247359e-06
190254	972	158.894558578336	0.280484995066045	22.7461470277133	2.28813879208251e-06
227085	715	179.965624687303	0.452472641852338	24.4529955595479	2.17124207231922e-06
177658	1081	170.368144716994	2.99467077969073	43.5639555356768	2.62730662464134e-06
273031	7297	150.245359685426	0.108281166801013	24.3043840791235	1.50763511259097e-06
264331	2083	182.051389365786	0.372930394996576	29.4195834325833	1.88691802992943e-06
201175	4366	206.793087208655	0.542317484072564	34.4212800862643	2.81623662637695e-06
193109	556	185.986997544713	0.236056793015328	22.0131633253874	2.6386829092933e-06
169642	984	281.323978970977	0.174665998776231	30.0651676933791	4.54339507502709e-06
219826	571	205.59356528838	0.644606309983652	35.3044105384397	2.56234495412723e-06
325801	1879	128.559002646489	1.67228607700395	33.6262024724602	1.08107846693785e-06
197175	1196	205.271475523855	1.41260200412712	38.9628266638892	2.85222570901456e-06
236230	871	180.179499646418	0.263765825987712	23.7442261846621	2.08966881761295e-06
190169	511	164.273553288402	0.304017637761802	23.9735985970816	2.366655604001e-06
279932	1934	94.4195561352591	1.02423151469193	23.7429979680614	9.24094835313812e-07
252591	1021	158.618294108773	1.97381115146751	37.4761431470343	1.7204519115533e-06
273209	898	136.081108385002	0.651573039738108	25.738094816065	1.36461446906748e-06
274802	4207	157.540009414338	0.734890364609731	33.2521448304757	1.57064527968818e-06
216990	4438	513.357443290671	0.114588262392293	30.3394109565289	6.48167541703104e-06
182608	1078	221.104568687904	0.443840501730064	31.4745425014981	3.31730231759121e-06
185437	1087	246.752540798009	0.24084796508944	29.9478600285976	3.64562820985407e-06
293524	14928	145.551697289367	0.130728588193713	18.8128904834374	1.35856615948109e-06
161294	2014	97.8503949360044	0.535728392935757	27.3884516475135	1.66207840215552e-06
199156	11937	230.51822709881	0.100697659760777	25.6999765382802	3.17116625445421e-06
178133	1923	162.709791177919	0.233967860607279	24.9712043566369	2.50251357021168e-06
205586	1402	239.342663456425	0.114901562713705	26.7111070631005	3.18958160836901e-06
199356	1274	94.4195561352591	1.02423151469193	23.7429979680614	1.29759683901696e-06
229830	1896	94.4195561352591	1.02423151469193	23.7429979680614	1.12554372988324e-06
217276	505	241.408797818636	2.81848024366428	47.3818813121241	3.04402679829526e-06
239540	2354	141.347279458054	2.12068409601094	35.5422360346327	1.61665200147376e-06
172089	540	178.49486556376	1.80429557876834	38.9633757213579	2.84170998112493e-06
223222	1986	251.811440506006	0.357190712561162	30.6335269704229	3.09061991000305e-06
184414	1645	202.781409749262	0.132702653946211	24.692548518482	3.01259940222739e-06
237403	9249	285.48374073146	0.693289497235107	36.050137636809	3.29459709810201e-06
198612	1165	205.660955878809	0.312608268620836	26.8471849242149	2.83696188367557e-06
231617	1000	222.27663011367	0.118813946518474	23.1332616549989	2.62924167399014e-06
189688	1018	152.132869295826	3.99702953518879	47.1298419763021	2.19730495145924e-06
147828	3033	285.325803935987	0.43162655752479	35.1264714460629	5.2880004554717e-06
207636	881	164.92684324848	0.136533388069249	23.3546606150446	2.17618507900522e-06
176555	574	165.477904593524	3.03078766148589	44.4812383292756	2.56783507787397e-06
241448	641	176.438968224885	0.572185376141303	31.0487770015069	2.00206435130063e-06
314726	1670	188.012983257666	0.489099194370416	28.1553753298925	1.6366746430852e-06
221780	9808	188.712264365338	0.446871937504745	23.4376483223494	2.33122870579308e-06
294145	5812	236.145843616247	0.319187197638099	28.6411900557048	2.19951015321394e-06
233393	6974	195.411005979941	3.14966886374398	44.3751541193561	2.29386750726511e-06
172849	2318	184.126600148056	0.885151541839389	32.5098843197451	2.91848051629918e-06
185457	16098	199.61404671805	0.340518776600042	27.2975561137214	2.94886577065052e-06
286343	1844	177.992072638162	0.375571576412011	23.834204679584	1.70302579101691e-06
329958	2487	157.013939981656	0.911117466130898	29.9058633048595	1.3037270744517e-06
190592	1100	145.551697289367	0.130728588193713	18.8128904834374	2.09227970426632e-06
242037	7592	177.342467396791	0.366970328675938	22.873733794861	2.00741941806351e-06
346579	1520	145.551697289367	0.130728588193713	18.8128904834374	1.15059416004872e-06
205946	8775	207.387818723074	0.374036269426798	26.3836988271204	2.7589067266213e-06
178156	42477	219.449838237231	0.121403247648619	28.5081676324218	3.37475265231965e-06
267652	9415	224.447724775734	0.138015215598625	28.0769270934167	2.29748058433404e-06
223976	1194	139.982443021355	0.351011276175417	21.5107678032805	1.71229748957147e-06
316768	18688	154.256975116776	0.296954986032922	22.8458181959301	1.33416838075501e-06
172166	617	201.674382925193	0.802425209360459	34.8430718311812	3.20930123229577e-06
245684	7620	135.098260261938	0.67508198402663	28.0775557902738	1.50653774725143e-06
223309	14350	170.368144716994	2.99467077969073	43.5639555356768	2.09020702399156e-06
224610	6577	158.618294108773	1.97381115146751	37.4761431470343	1.93477881123351e-06
220220	6756	156.78887297287	0.313670644635272	24.479543254737	1.95058830301542e-06
238728	517	171.034396896291	1.08174090579977	33.778672600708	1.96285056112799e-06
187458	747	161.274121218058	0.427757399863877	25.0859426726352	2.35704481775509e-06
199537	3546	147.504989872735	1.14608447983202	32.224519756399	2.02530488042469e-06
222883	920	257.639612339423	0.117332397018625	26.1886040659947	3.16696182129125e-06
310127	8091	222.27663011367	0.118813946518474	23.1332616549989	1.96363769940887e-06
158267	2898	164.115409966755	1.29935291098844	37.9025394298232	2.84096659558146e-06
212224	1447	189.925621691351	0.399461430626536	30.6712430470158	2.45186297976383e-06
241597	3337	166.681750505054	0.14270836022541	22.9928204325057	1.89018212209106e-06
217296	612	274.591401323454	0.427969482901413	35.8126524425187	3.46212175606248e-06
271162	2009	151.902996786042	1.73412083598812	30.6995147618697	1.53477476170836e-06
285593	727	166.819783158641	1.78689247484845	33.8464891109073	1.60032109261955e-06
200658	2959	149.10281379228	3.75217176269291	50.7622684121807	2.03580649515532e-06
188579	4215	101.017309522037	1.056078253066	31.2639572463525	1.46760642550427e-06
218491	7110	136.923731863223	0.150803749034205	23.9523614038581	1.7169288984628e-06
242175	820	162.741557746344	0.432674011840404	27.5965374002256	1.8410954123953e-06
235990	3792	209.085784803437	0.1594278546968	27.7573638095581	2.42738152711877e-06
188993	1138	197.391691485813	1.53054615935892	35.8167525705132	2.86147716981926e-06
179224	2665	197.633851447362	0.476494835103773	27.6696613208561	3.02115010659901e-06
217443	1170	197.791659617387	1.12646424287267	35.5127551904228	2.49212417900716e-06
211543	3266	195.411005979941	3.14966886374398	44.3751541193561	2.53079808418679e-06
239764	973	185.986997544713	0.236056793015328	22.0131633253874	2.12522904994378e-06
242175	1379	196.16830461578	0.298600518121153	22.3629952141578	2.21925223456693e-06
236376	689	203.541927562592	0.359866962011108	27.2146452997947	2.35916132183403e-06
241849	23138	182.932030755634	0.352388685300825	27.6153835104771	2.07229984786312e-06
223966	3329	162.921255827946	0.630266370339985	28.0363900101741	1.99297931386046e-06
258654	658	143.621384741567	2.13750594448477	39.6479488920172	1.52127261077465e-06
346579	1520	145.551697289367	0.130728588193713	18.8128904834374	1.15059416004872e-06
245759	1643	189.422831859108	0.225939884278117	23.9745912160534	2.11168934862078e-06
207662	838	162.709791177919	0.233967860607279	24.9712043566369	2.14666260462924e-06
189247	28368	125.353277410762	0.286693531436287	22.9071785186071	1.814737547976e-06
340759	6249	161.274121218058	0.427757399863877	25.0859426726352	1.29665513587824e-06
276576	1962	145.551697289367	0.130728588193713	18.8128904834374	1.44181625808286e-06
287977	14438	189.422831859108	0.225939884278117	23.9745912160534	1.80211149719489e-06
319252	4929	256.136140576922	0.116104844993722	28.1319588600849	2.1980844314074e-06
251230	1372	227.24946460899	0.141243325671084	29.5024949118221	2.47821228715258e-06
246013	31202	156.78887297287	0.313670644635272	24.479543254737	1.74608071967764e-06
137502	534	210.046280478144	0.65165042048639	33.5407594197848	4.18517011813614e-06
220487	554	162.253754867223	1.05204382861888	30.7598094941274	2.01613172319758e-06
192509	1830	176.994867631246	0.396744736525644	26.007819695175	2.51893389693499e-06
262557	4424	207.641476597844	0.237476288013901	24.1246705639076	2.16669430943495e-06
263850	1731	379.772093197555	0.107734403925938	29.4927582856564	3.9434204593992e-06
268811	2628	154.749273388337	2.07316878940774	41.4245440968901	1.57720707866434e-06
221376	1009	164.92684324848	0.136533388069249	23.3546606150446	2.0411172171524e-06
246862	2099	127.212562757771	1.599950041528	34.6055486391876	1.41183158687596e-06
230652	822	214.066633868933	0.7043092751311	34.3801298498902	2.54272205924092e-06
195838	13175	207.58870426795	0.592710292272125	32.8952166737487	2.90411552444661e-06
206038	1071	155.971771237392	0.729467238667775	29.5877166146313	2.07398596957034e-06
185395	720	125.806949632908	1.35955377419734	32.3455914200321	1.85914708776792e-06
344457	22790	179.965624687303	0.452472641852338	24.4529955595479	1.43140219531788e-06
296924	14657	202.781409749262	0.132702653946211	24.692548518482	1.87106972209172e-06
240169	2171	212.013603546365	0.631348396438125	36.0229834482491	2.41854355807061e-06
177527	511	176.846524238814	0.435630423453307	30.1707667481566	2.72922442958997e-06
199811	9600	227.400133060713	0.51347193414496	29.8490261482124	3.11801684181569e-06
228655	544	199.345537697932	0.414309501155914	27.4060507200754	2.38854238077683e-06
303607	1355	251.811440506006	0.357190712561162	30.6335269704229	2.2723269145662e-06
205647	1805	210.284008762583	0.918085766272397	31.462079878242	2.80150243841282e-06
248956	946	226.560369681692	0.189844848214933	23.7243010196658	2.4932652420254e-06
294040	3751	188.712264365338	0.446871937504745	23.4376483223494	1.75833186767375e-06
329134	631	177.992072638162	0.375571576412011	23.834204679584	1.48161391432412e-06
224923	1069	238.60101770726	0.66602833952966	38.0054724913429	2.90633424939226e-06
184970	8347	169.709867673285	2.94451722599561	43.3220757219335	2.51369704044247e-06
250428	596	231.411921166719	0.270087894572687	27.7533572734991	2.53168680606986e-06
118764.7289	4299	145.458910766161	3.99219829826515	43.131721325113	3.35712474090126e-06
143280	689	216.212534586079	1.10960407386452	38.4284766197076	4.13430421869773e-06
227693	1583	152.994568582965	1.43469947924955	35.1280965766479	1.84091386910078e-06
215105	709	152.627207754241	0.130375283593466	24.9640628245053	1.94396566129687e-06
319753	4126	225.459184767069	1.56810759757539	40.4509488860323	1.9317923416578e-06
320237	1973	138.968032323371	1.60246091786569	34.1112939065143	1.18891425766705e-06
172127	2020	237.273927253771	0.469378483762247	30.9665482656945	3.77666231398863e-06
247675	1891	140.619087337201	0.300493556331096	23.924977190671	1.55549721823591e-06
155818	2712	218.619378594924	0.148270099154079	24.932486990091	3.84395385404721e-06
192918	9464	197.791659617387	1.12646424287267	35.5127551904228	2.80893933098962e-06
365469	1259	110.338975715947	0.197287536148795	22.3232979459205	8.27152408563611e-07
142177	845	171.325868779811	0.403130283288024	24.7331647753203	3.30141965200065e-06
230502	1233	182.864169278166	0.414335821114012	26.3139056582556	2.173507058723e-06
247139	1977	185.580493629761	1.34335611972906	37.0518471798136	2.05730260531396e-06
269141	33702	174.214721354876	0.3128393543695	27.5113955400471	1.77342213357205e-06
207797	861	207.641476597844	0.237476288013901	24.1246705639076	2.7376755092822e-06
235985	21340	156.78887297287	0.313670644635272	24.479543254737	1.82027906896648e-06
308456	1253	184.856363141223	0.259788432700652	21.5474288545585	1.64190610468919e-06
298500	4922	168.056125258643	1.73356722060834	40.7584834817229	1.54247149224334e-06
155321	4315	153.203663883246	1.72525452282643	36.3427861832858	2.70237807787454e-06
245374	1054	187.553316529384	0.365098340470273	27.0698446180584	2.0941285662712e-06
225598	629	152.627207754241	0.130375283593466	24.9640628245053	1.85354805261245e-06
193282	2769	156.296457293355	2.76352808731046	43.1489995984083	2.21546482360794e-06
199356	1010	273.026655076953	0.334206678077197	35.2812515870171	3.75217316302265e-06
266708	3417	134.711278297614	1.11520602108001	34.3393822925564	1.38380549265837e-06
247561	2435	142.547454169304	0.131896480981847	23.3979676956332	1.57755450303909e-06
226061	2244	152.132869295826	3.99702953518879	47.1298419763021	1.84376067358987e-06
230687	11021	136.923731863223	0.150803749034205	23.9523614038581	1.62615800610366e-06
178983	2726	231.859881329948	0.663901266159397	37.3339493815368	3.54912227188559e-06
251602	2462	160.15558595488	1.13277008306075	32.5838611164878	1.74395444898548e-06
167460	15392	176.555896973299	0.107421694936639	23.1962601684919	2.88853927044199e-06
223266	1462	234.508207974911	0.615552996319339	35.2836332506344	2.87768061875589e-06
188699	551	108.949494275039	0.753606561802162	26.2598058217816	1.58184073650148e-06
212127	9989	184.525899329643	0.447347758132229	26.4605157285038	2.38324404306057e-06
222692	5484	218.827805372223	0.309772695707657	25.7194062025882	2.69218577181264e-06
216821	1412	149.378674170811	0.968731585061907	30.8212637687381	1.88753230343862e-06
216122	7237	177.342467396791	0.366970328675938	22.873733794861	2.24812732479728e-06
245478	2329	214.066633868933	0.7043092751311	34.3801298498902	2.38915067096862e-06
276258	25493	145.551697289367	0.130728588193713	18.8128904834374	1.44347592973064e-06
285884	1079	198.950716832429	1.26374977287788	34.3697760637879	1.90661407100484e-06
223269	532	175.967132497897	1.09213959038102	35.288566353689	2.15928647896014e-06
155219	657	198.328222237922	0.26525564456606	26.558253213239	3.50063453850793e-06
205656	3891	121.035252135981	1.7041991219096	28.8741044258681	1.61241797229129e-06
178873	3979	182.342050921196	0.664842087582968	32.1893273200664	2.79286008954844e-06
226061	1652	193.847172943361	0.79536933453235	31.7594478218249	2.34931343774602e-06
207798	1510	203.086914395227	0.457761323747314	31.3811352990631	2.67761241779229e-06
335299	1286	188.937909893686	0.728515741931248	29.2214454389259	1.54381047750745e-06
396137	3100	197.791659617387	1.12646424287267	35.5127551904228	1.36794835588661e-06
236397	3623	274.722071293427	0.251598998832837	31.0985403307575	3.18389492685223e-06
282846	11419	153.871655533264	0.493287975178645	26.515406784689	1.49044419770189e-06
186693	2501	145.458910766161	3.99219829826515	43.131721325113	2.13461438695027e-06
139853	6165	205.70888763612	0.391367951111319	31.3765052784975	4.02984557731058e-06
220072	49595	164.273553288402	0.304017637761802	23.9735985970816	2.04507856318507e-06
386373	6646	185.458948636527	0.652594887379454	27.9216269986018	1.31506784530292e-06
217927	1045	113.964589945724	1.44493510298352	30.5710103366138	1.43273551820544e-06
205818	4460	229.586232119584	0.375866976861744	28.0604619742129	3.05611450733217e-06
160439	9777	139.982443021355	0.351011276175417	21.5107678032805	2.39040097809298e-06
292012	30887	211.710698411062	0.290650391124357	32.6155336250624	1.98632011943084e-06
187796	1159	241.990592643127	0.620573282268611	36.2977283397391	3.53036233492547e-06
236016	19945	285.325803935987	0.43162655752479	35.1264714460629	3.31212515817348e-06
157833	1749	313.217086142608	0.323916317634628	34.5724766329244	5.43694286448609e-06
194846	865	304.144509776097	0.389870332345725	38.6270432883669	4.27657036594825e-06
300725	562	164.047414001768	2.27462519408764	45.0407095743381	1.49453809915324e-06
252638	2720	139.64238244271	0.725989710613333	27.7079378349189	1.51434807790615e-06
270614	4846	188.937909893686	0.728515741931248	29.2214454389259	1.91282826940871e-06
194725	1027	82.9619556356449	0.665457394163348	26.3639089773328	1.16725140140584e-06
235043	5054	188.598958677546	0.491412648277413	32.3448697568328	2.19836147355545e-06
128466	1360	178.030416815316	0.373809676239082	27.2040570608651	3.79675997242309e-06
382334	1364	240.623101583977	0.908355942369873	35.5834422442932	1.72425516486286e-06
200867	4353	188.598958677546	0.491412648277413	32.3448697568328	2.57239604230109e-06
200016	41859	132.203269321957	0.388483570753738	23.8388622448674	1.81085882063623e-06
191276	1301	184.856363141223	0.259788432700652	21.5474288545585	2.64777488774341e-06
180512	791	210.037275677233	0.556534036571829	31.9465580072593	3.18784674091766e-06
277864	18927	162.709791177919	0.233967860607279	24.9712043566369	1.60431092117913e-06
248013	2302	218.585535632005	0.168800164435615	29.8011232195105	2.41464955943267e-06
144447	975	147.655701829209	0.933545990910266	34.6460333727379	2.80058547006925e-06
184414	2429	241.385274792318	1.41140596578385	40.4997811157899	3.58611341860679e-06
205419	4939	168.036837186253	0.717829127351999	26.4460236122436	2.24115050896311e-06
208252	1043	177.992072638162	0.375571576412011	23.834204679584	2.34163184064094e-06
338967	2340	152.627207754241	0.130375283593466	24.9640628245053	1.23362077598487e-06
215333	2751	152.977558872045	0.363830370379439	24.8681749633423	1.94636493082546e-06
261306	1174	150.253923402967	0.117321783164406	20.0745293101341	1.57537364111679e-06
286415	13306	242.092555778348	2.06705374676768	40.8529617467956	2.31575607459478e-06
219464	29433	151.902996786042	1.73412083598812	30.6995147618697	1.89631371857964e-06
215639	1117	205.472541477081	0.610403507147459	34.1488937745044	2.61055963809989e-06
274707	9542	194.097182444703	1.65481904917456	38.7148930323893	1.93578286169711e-06
197200	1767	193.588533569645	1.14451204490176	33.0211356081956	2.68955144029627e-06
137223	643	207.641476597844	0.237476288013901	24.1246705639076	4.14566623526896e-06
206799	2573	177.342467396791	0.366970328675938	22.873733794861	2.34947835187713e-06
201142	771	123.369078602282	0.52261475282084	23.3681370445035	1.68039233786425e-06
179703	1472	168.270673062562	0.731871606843789	31.4436019381387	2.56543041928714e-06
286901	17656	176.438968224885	0.572185376141303	31.0487770015069	1.68488235834952e-06
262907	2717	191.049048346525	0.98288650467777	33.4618196444204	1.99090191689248e-06
237653	781	135.35250953395	1.50712796278997	33.0194418997073	1.5603791799123e-06
335431	5437	263.646410290375	1.78027802453267	45.5819508380498	2.1534054166204e-06
207371	24264	150.245359685426	0.108281166801013	24.3043840791235	1.98499849268135e-06
337564	545	236.145843616247	0.319187197638099	28.6411900557048	1.91659926419024e-06
262623	3961	150.253923402967	0.117321783164406	20.0745293101341	1.56747346830119e-06
489720	655	198.945567164346	0.332187584601528	28.4468529120204	1.11299589233739e-06
214440	29453	168.581516434397	0.160749610139318	24.2059965019376	2.15382936165555e-06
248576	1248	193.256053676615	0.633025764653755	34.1977723076887	2.13000708117398e-06
198297	657	280.841475581684	0.607888864255619	36.0608340287161	3.88018326159141e-06
275088	37807	215.966137231166	0.931130563352212	32.7716829667787	2.1509046094656e-06
214737	4442	199.988012784761	0.583814303125789	33.0352360176058	2.55155079838996e-06
173868	558	236.376852704523	1.49952877925229	42.5129543593076	3.72470963966245e-06
259105	735	189.078183148197	2.29549905689927	41.8416447682788	1.99927604478532e-06
293787	2461	187.553316529384	0.365098340470273	27.0698446180584	1.74903825839887e-06
223702	4017	175.086703405105	1.06036191891739	33.963148152643	2.14432413822921e-06
227996	1058	175.547254720817	1.26521498153017	34.8023068262026	2.10947289775592e-06
194627	2208	151.646587849798	0.333485356037191	27.550445017376	2.13469921284342e-06
165257	859	173.394526479557	0.147971269874358	25.028669069565	2.8746346430364e-06
216557	1801	230.51822709881	0.100697659760777	25.6999765382802	2.91635360007796e-06
177014	2277	180.758039965281	0.256308030166053	23.137258752312	2.79767423341766e-06
381148	3800	147.903584118135	0.310796605510647	28.9955372102297	1.06314423518894e-06
287318	4199	205.180277932708	0.743852472053853	32.4027575933105	1.95650028108522e-06
226726	7258	177.342467396791	0.366970328675938	22.873733794861	2.1429821621245e-06
250824	668	201.527298991966	1.09359591430245	36.5276269439984	2.20126298232768e-06
206897	3175	208.133845523491	1.20347152656265	35.1744435152253	2.75610431162844e-06
156444	1076	177.992072638162	0.375571576412011	23.834204679584	3.11708671522817e-06
251427	628	141.347279458054	2.12068409601094	35.5422360346327	1.54021970764088e-06
249716	818	182.756708023348	0.666055294035232	27.5513695160217	2.00509102201304e-06
220433	1075	161.668646771462	2.12259247027436	37.9431997120049	2.00935340613188e-06
241722	1763	238.604376720383	0.114782080391796	23.8643708131425	2.70439025472127e-06
203127	674	209.792376852268	0.482142027541944	27.0160758124092	2.82962695856136e-06
336962	820	137.000960543079	1.75434045274648	39.2638849108088	1.11390927575898e-06
307998	1076	225.818412099362	0.205836573801488	31.0469857490558	2.00871622898247e-06
172331	1010	121.035252135981	1.7041991219096	28.8741044258681	1.92422390927655e-06
257614	609	130.121729940657	0.541735913642959	28.877765980065	1.38384517242221e-06
260481	11910	185.986997544713	0.236056793015328	22.0131633253874	1.9562018647453e-06
237312	5774	168.68632985666	0.365615151773301	27.0710168904118	1.94745452557987e-06
238071	6388	253.487133018048	1.67953604125744	48.7604542102769	2.91713520731151e-06
161541	2245	108.949494275039	0.753606561802162	26.2598058217816	1.84777712863665e-06
239846	5133	180.623587385378	0.728370780737582	28.9704101243826	2.06323700842033e-06
249045	1479	125.353277410762	0.286693531436287	22.9071785186071	1.37900233589036e-06
235995	1042	137.349773444103	0.942851186502022	29.9186549582596	1.59452848222177e-06
199983	19854	168.581516434397	0.160749610139318	24.2059965019376	2.30953215179999e-06
195948	9427	285.48374073146	0.693289497235107	36.050137636809	3.99160611427885e-06
140197	21364	154.293633578936	1.93847338868444	40.6599188600242	3.01520206408059e-06
269511	2525	164.241595723772	0.493393548942265	25.9921446073069	1.66960522793384e-06
199052	3159	150.245359685426	0.108281166801013	24.3043840791235	2.06795773177775e-06
204946	8620	162.921255827946	0.630266370339985	28.0363900101741	2.17793762751198e-06
199356	1010	273.026655076953	0.334206678077197	35.2812515870171	3.75217316302265e-06
266708	3417	134.711278297614	1.11520602108001	34.3393822925564	1.38380549265837e-06
213727	3386	207.015918080261	0.918013875053215	36.4139622341186	2.65369793638628e-06
205128	14271	151.902996786042	1.73412083598812	30.6995147618697	2.02884342427344e-06
253674	2746	173.298201325379	0.60149955251984	25.3595000313772	1.87165256459973e-06
230245	7827	181.084882177051	0.347144794639258	25.2030254492166	2.15476108001752e-06
142965	976	165.391465503102	0.208737102290467	23.379296931845	3.16949814813573e-06
427330	16545	94.4195561352591	1.02423151469193	23.7429979680614	6.05348829801479e-07
225327	12698	204.701632094201	0.660774450332138	33.7722696769303	2.48894446426385e-06
204707	12251	128.288130253971	0.398801542952105	22.323235593174	1.71696292487768e-06
177678	739	128.288130253971	0.398801542952105	22.323235593174	1.97815334179209e-06
246625	5294	111.81033600454	0.140570580311391	22.2093476910015	1.24208692421154e-06
319162	2341	213.5707715172	1.10766705402148	35.7051555188498	1.83331788062798e-06
282506	975	226.155395018927	0.251061394379272	30.075646232367	2.19324128326359e-06
220203	948	139.476668350407	0.337770058107409	23.117025713224	1.7353435625049e-06
171018	1767	138.070696039053	1.05609509112931	29.7564392084069	2.21190681424791e-06
123571	1388	308.940208981036	0.526403117956389	36.3343125753362	6.84959684274541e-06
383141	4082	189.422831859108	0.225939884278117	23.9745912160534	1.35450568492459e-06
154499	585	177.992072638162	0.375571576412011	23.834204679584	3.15632796378718e-06
205786	1078	201.957422959675	0.245964787372702	26.092071516493	2.68875437643328e-06
201888	724	148.81308457826	1.22021751686993	35.913501016381	2.01947159334051e-06
214836	23200	172.097449112641	0.276754741229702	28.9109060756606	2.19469670158902e-06
262068	569	152.132869295826	3.99702953518879	47.1298419763021	1.59043599994047e-06
355023	15493	183.578040451145	0.434690983151236	23.643118628231	1.41667873766654e-06
222283	669	124.138908025575	1.20063045978303	32.9696911607715	1.5300612162439e-06
282763	606	180.693323302691	1.61566716499231	37.5920367559092	1.75076018018372e-06
158545	850	172.646919238151	0.166249402176176	24.7456580880248	2.98341327816529e-06
294040	3751	188.712264365338	0.446871937504745	23.4376483223494	1.75833186767375e-06
248517	2347	152.512574766579	1.64545559961214	34.6116929832108	1.68134441745783e-06
242172	1278	94.4195561352591	1.02423151469193	23.7429979680614	1.06818176931712e-06
206882	2436	211.587515007048	0.538364047083101	32.4276041518899	2.80204088290483e-06
274845	15804	166.027295276057	3.35836928535681	45.7760717310678	1.6550030094278e-06
223020	6598	194.076107729605	0.347270867273267	27.1144729293928	2.38416000198526e-06
253635	1075	215.015356835282	0.598511188955391	32.6634513527483	2.32256261719294e-06
200830	1843	178.655585739069	0.983239752871879	32.0074802995014	2.4372223183251e-06
182960	33010	208.865677487462	0.242003074749983	29.9988253702489	3.12764939244841e-06
273031	7297	150.245359685426	0.108281166801013	24.3043840791235	1.50763511259097e-06
186695	6097	198.832838270135	0.141499697688551	25.3635379608649	2.91784730233782e-06
291182	1185	156.78887297287	0.313670644635272	24.479543254737	1.47522359242692e-06
256251	49693	215.966137231166	0.931130563352212	32.7716829667787	2.30901751489233e-06
198297	657	280.841475581684	0.607888864255619	36.0608340287161	3.88018326159141e-06
275088	37807	215.966137231166	0.931130563352212	32.7716829667787	2.1509046094656e-06
272273	1722	187.553316529384	0.365098340470273	27.0698446180584	1.88724075769625e-06
262710	1715	185.274383670191	0.430349143333549	30.3689356356983	1.93217255205819e-06
259008	818	153.203663883246	1.72525452282643	36.3427861832858	1.62055251356541e-06
181159	31895	241.646437879855	0.135389791808236	26.03825443316	3.65449707321896e-06
275370	732	244.51944197251	0.745317771582288	31.5789358769105	2.43278599475883e-06
159205	12029	185.458948636527	0.652594887379454	27.9216269986018	3.19152481764533e-06
188220	720	94.4195561352591	1.02423151469193	23.7429979680614	1.37436890574363e-06
203715	45578	138.968032323371	1.60246091786569	34.1112939065143	1.8689558212823e-06
212936	3337	244.481485453959	0.713666842362357	36.3640589366562	3.14560379135025e-06
213083	5922	213.901095917479	0.913408554068412	36.6782543224228	2.75024473925144e-06
286343	1844	177.992072638162	0.375571576412011	23.834204679584	1.70302579101691e-06
346091	1701	188.712264365338	0.446871937504745	23.4376483223494	1.49388427428274e-06
196533	700	94.4195561352591	1.02423151469193	23.7429979680614	1.31623551993338e-06
234141	1546	121.035252135981	1.7041991219096	28.8741044258681	1.41625529279168e-06
339509	4565	115.145036913538	1.76873248320936	27.6350622462986	9.29182597685594e-07
195610	4713	125.806949632908	1.35955377419734	32.3455914200321	1.76206009067396e-06
199844	9529	176.472468868749	0.357334525078546	23.648677503254	2.41931814854969e-06
206986	1957	379.772093197555	0.107734403925938	29.4927582856564	5.02677228514237e-06
222124	559	251.534170719541	1.09688581558069	29.8616667749807	3.10247750940966e-06
199860	1928	225.818412099362	0.205836573801488	31.0469857490558	3.09556980433375e-06
234174	2165	198.328222237922	0.26525564456606	26.558253213239	2.32034723083119e-06
337376	41259	216.550176582441	0.141759625820063	23.7630543871915	1.75853692918402e-06
209211	1313	137.078089701674	1.01581002711719	31.4400126844129	1.79510833628047e-06
187224	916	168.285789946688	0.852537069789034	36.7464214963969	2.46259538711944e-06
225340	4613	197.633851447362	0.476494835103773	27.6696613208561	2.40286947148798e-06
186408	575	157.643986957282	0.801660112573064	32.1462750295097	2.31696780250601e-06
176787	1735	181.084882177051	0.347144794639258	25.2030254492166	2.80633171482424e-06
254443	963	94.732447604211	0.651400909457528	26.7080013202537	1.02003573429139e-06
195203	7757	184.428988815545	0.759639466054731	34.1051428013984	2.58850991462481e-06
203228	2813	109.410245780087	0.531186515858949	26.3065604849309	1.47496456210579e-06
245883	1219	178.41949908323	0.870360537922205	32.7140197127676	1.98802091008125e-06
262547	2850	147.555532523384	0.597733799478244	30.9527034683213	1.53976900494303e-06
188923	2321	237.648283822259	0.376993692251413	32.6298807646182	3.44633098433824e-06
199811	9600	227.400133060713	0.51347193414496	29.8490261482124	3.11801684181569e-06
265124	11852	169.539786686484	0.315897913462444	25.5857246657878	1.7519823413359e-06
261108	816	186.837392789853	0.580901972953663	28.3523696599305	1.96042736307354e-06
207280	24325	216.550176582441	0.141759625820063	23.7630543871915	2.86225470388067e-06
342835	607	136.923731863223	0.150803749034205	23.9523614038581	1.09421007760012e-06
198438	752	149.22005865372	0.85185974162917	33.7751375384279	2.06020055888158e-06
183398	28258	137.568529072556	0.489301860435516	23.5307847158479	2.05509372867119e-06
343917	39619	141.318468251664	0.632360884570681	21.0526276663669	1.12577710790975e-06
182430	2276	207.387818723074	0.374036269426798	26.3836988271204	3.11454149383737e-06
168391	5261	273.6331613865	0.11309971014247	30.4530822947221	4.45201877897031e-06
198612	26216	184.951106497639	3.93732582948414	52.5791215443917	2.55128270329841e-06
175746	1108	225.290187212347	1.49799966130578	35.7165805087546	3.5120764604763e-06
224923	5764	137.568529072556	0.489301860435516	23.5307847158479	1.6756849217325e-06
209334	693	199.61404671805	0.340518776600042	27.2975561137214	2.61251301378436e-06
269007	26338	150.24403195502	1.30197175922522	31.1063373665179	1.53017387952088e-06
286707	935	284.675950071108	0.357429359156892	31.388915061644	2.72031764060123e-06
232310	2137	252.882385153195	0.101612501301185	28.165540882106	2.98234450722959e-06
231018	1193	154.256975116776	0.296954986032922	22.8458181959301	1.82938926678875e-06
217850	964	156.256640556179	0.337011032756451	25.4327898270553	1.96511537794548e-06
228888	1259	305.765133016912	0.436865323360722	34.8680781433613	3.65992403794441e-06
378838	1605	141.318468251664	0.632360884570681	21.0526276663669	1.02200382649311e-06
224990	1072	120.133155143939	1.65634802531435	32.7640323187941	1.46287360283214e-06
210973	2900	170.546299571329	0.550088651291978	27.6647496530014	2.21473902258517e-06
195530	2294	231.411921166719	0.270087894572687	27.7533572734991	3.2424961053059e-06
218315	8625	94.4195561352591	1.02423151469193	23.7429979680614	1.18491040670163e-06
342632	18658	293.265913975834	0.465472979682506	31.6616585096896	2.34498896036575e-06
270353	3145	213.822868534856	0.579134991413027	34.4648045302354	2.16685621457016e-06
202889	505.961	272.278422418057	0.416245827943132	36.3187388829494	3.67673102335472e-06
262535	2927	196.16830461578	0.298600518121153	22.3629952141578	2.04714575163786e-06
274009	1103	136.081108385002	0.651573039738108	25.738094816065	1.36063032411146e-06
275739	1535	160.036487407868	0.278440892242136	25.7369335097934	1.5901128599312e-06
305456	650	173.298201325379	0.60149955251984	25.3595000313772	1.55436328856618e-06
263365	2237	212.005361705103	0.420237689896214	28.8662395325361	2.20544342418788e-06
207740	532	249.71401807969	0.414139690513575	31.7485879987273	3.29328966370885e-06
258352	3845	224.108821805143	0.216100645160042	26.0583248475683	2.37658997053975e-06
190765	1382	172.646919238151	0.166249402176176	24.7456580880248	2.47951803625778e-06
182043	5980	379.772093197555	0.107734403925938	29.4927582856564	5.71552593734711e-06
273943	1039	214.06841245836	0.135424426996186	27.5107791813998	2.14091545049803e-06
240371	5585	209.53900853546	0.484204797890338	36.0123187221787	2.3883058914745e-06
293753	1588	125.353277410762	0.286693531436287	22.9071785186071	1.16912384466478e-06
191839	2315	191.301463437543	1.12323485338267	42.317175775937	2.73204926244936e-06
306644	3765	211.602907765423	0.407003849692209	29.8676047359516	1.89057667483424e-06
223309	713	249.973727076866	0.582648721974002	34.6231173106033	3.06686934354634e-06
178741	1165	159.858165942661	1.65202681829127	36.7993273328838	2.45029163943974e-06
155412	1101	273.6331613865	0.11309971014247	30.4530822947221	4.82382244749176e-06
262481	552	179.965624687303	0.452472641852338	24.4529955595479	1.87844646276344e-06
218883	1009	145.551697289367	0.130728588193713	18.8128904834374	1.82184899419108e-06
219376	1665	185.986997544713	0.236056793015328	22.0131633253874	2.32274003505726e-06
253037	4580	193.847172943361	0.79536933453235	31.7594478218249	2.09885568138377e-06
221376	11875	246.766682197011	0.442408897355468	30.8739444596144	3.0539584323035e-06
230099	1109	177.342467396791	0.366970328675938	22.873733794861	2.11156838443382e-06
305456	4275	136.081108385002	0.651573039738108	25.738094816065	1.22055207453596e-06
174846	6652	267.603908398592	2.09578438303638	48.4412340781131	4.19318367519334e-06
197290	987	176.472468868749	0.357334525078546	23.648677503254	2.45063721465236e-06
303699	2427	171.65877735573	1.70841224204084	36.1420301648172	1.5485662453702e-06
227267	18417	237.273927253771	0.469378483762247	30.9665482656945	2.86036051921273e-06
219475	1109	203.399884544291	1.29714604454993	35.6055259174925	2.53905892541561e-06
329332	27895	184.428988815545	0.759639466054731	34.1051428013984	1.53427210494124e-06
361866	1560	154.006036743761	0.234447766452356	25.1916143623911	1.16599610696551e-06
202141	1304	178.41949908323	0.870360537922205	32.7140197127676	2.41821572780142e-06
202143	615	168.036837186253	0.717829127351999	26.4460236122436	2.2774713762074e-06
294928	1361	225.818412099362	0.205836573801488	31.0469857490558	2.09773429818173e-06
196746	2971	161.447111251848	0.403467713534748	29.3613489625152	2.24818218792143e-06
330112	3486	129.844048283522	0.499536804325492	26.2327317743287	1.07762552886594e-06
160505	1624	173.298201325379	0.60149955251984	25.3595000313772	2.9580984559501e-06
277017	6786	168.581516434397	0.160749610139318	24.2059965019376	1.66728817478139e-06
170187	1955	217.983321092135	0.274928869135486	27.9215818503769	3.50916684784746e-06
393260	10683	184.856363141223	0.259788432700652	21.5474288545585	1.28783957033008e-06
170192	522	202.362456386436	1.08684947557443	34.9134177577617	3.25760134865306e-06
164807	6266	144.860594290633	0.564902867796123	28.9097548712537	2.40814007003515e-06
197128	9148	241.391894118866	0.240460811021818	28.0825006197406	3.35491485288838e-06
394641	616	173.057309785851	0.580162303316317	28.8342258723387	1.20142006494927e-06
386373	601	150.253923402967	0.117321783164406	20.0745293101341	1.06543310393237e-06
223702	42463	293.121909483527	0.103015259906819	30.4497108723252	3.58992644058794e-06
227334	1235	159.555160765499	1.90694170780666	40.9343314989802	1.92288626758334e-06
225255	762	205.660955878809	0.312608268620836	26.8471849242149	2.50140806481797e-06
410193	3811	177.046368639951	0.369054142981128	24.2028077299627	1.18251297369542e-06
210973	2339	267.543939001327	0.563288824325758	35.3355213134512	3.47436445969067e-06
331218	6554	146.884183975093	0.718385227084682	28.1008154872274	1.21497751284523e-06
225067	596	185.228003047326	1.61341814118054	43.0612313599846	2.25476849538839e-06
186037	2311	120.436762007244	0.615332222641514	27.4177978735414	1.77364573459417e-06
233969	911	196.16830461578	0.298600518121153	22.3629952141578	2.29708811811072e-06
398443	5619	209.792376852268	0.482142027541944	27.0160758124092	1.4425492108324e-06
228779	2623	136.081108385002	0.651573039738108	25.738094816065	1.62962926876793e-06
326495	2239	141.318468251664	0.632360884570681	21.0526276663669	1.18584935640974e-06
259318	14083	199.827412274914	0.23441379866198	25.9079173015283	2.11120077432737e-06
226954	10866	132.203269321957	0.388483570753738	23.8388622448674	1.59592136674558e-06
361796	2582	231.313787835709	0.124529159882078	27.6736737842869	1.75164016470425e-06
182367	1175	130.722406144298	0.78179699904948	30.9911053619856	1.96386176488909e-06
171560	1953	104.121590545481	0.678869797185934	26.5150204679242	1.66276889503063e-06
211826	845	363.463410980418	1.51873751302099	44.3223014236733	4.70098178254623e-06
236721	630	194.28338656008	0.42362233065441	27.9489440672714	2.24856793799255e-06
179648	14096	248.078759628179	0.271496986345966	31.7232499559261	3.78333092824719e-06
354575	1979	143.59167232095	0.960227127069752	32.7939566453789	1.1095024803644e-06
268362	1349	215.78778285815	0.632300729310202	31.959927258764	2.20299224588735e-06
284034	4438	121.035252135981	1.7041991219096	28.8741044258681	1.16747794457543e-06
188563	1747	236.439597676799	0.153978620333473	28.9041100768891	3.43534903275013e-06
220593	3780	169.984204409974	1.50630264895492	36.6542644852155	2.11117374109071e-06
208731	1438	211.921001147883	0.311476478871357	29.1768438115575	2.78159680448491e-06
173868	725	180.179499646418	0.263765825987712	23.7442261846621	2.83917952000775e-06
224346	1036	172.620798397195	0.251490731308085	26.5324706212771	2.1080549429849e-06
182849	1620	139.982443021355	0.351011276175417	21.5107678032805	2.0974330869967e-06
359863	7012	177.342467396791	0.366970328675938	22.873733794861	1.35015206811992e-06
304472	1270	115.145036913538	1.76873248320936	27.6350622462986	1.03610793293846e-06
207798	4582	170.487335424803	0.162293383362159	24.5507489590466	2.2478011829033e-06
177595	2281	240.973244077649	1.03967971812258	40.3375281881472	3.71745076553894e-06
156419	1762	188.712264365338	0.446871937504745	23.4376483223494	3.30535230611875e-06
231308	1612	150.253923402967	0.117321783164406	20.0745293101341	1.77968157031172e-06
314550	4677	214.258394662545	0.541990518556031	32.98701830997	1.86618757095956e-06
215737	2007	162.709791177919	0.233967860607279	24.9712043566369	2.0663133806557e-06
290390	4284	147.740622230062	1.03906439097973	34.9145493848999	1.39388005106087e-06
336997	2565	139.476668350407	0.337770058107409	23.117025713224	1.13392065357931e-06
264542	1675	216.550176582441	0.141759625820063	23.7630543871915	2.24269928790281e-06
170621	1071	86.1561811084095	0.970431832023444	30.5655194358226	1.38344243559621e-06
190592	1100	145.551697289367	0.130728588193713	18.8128904834374	2.09227970426632e-06
242037	7592	177.342467396791	0.366970328675938	22.873733794861	2.00741941806351e-06
270307	2326	193.588533569645	1.14451204490176	33.0211356081956	1.96213765839e-06
237295	8309	123.369078602282	0.52261475282084	23.3681370445035	1.42437672779743e-06
331342	3761	165.56863490376	0.742971005824864	27.4051426087645	1.36901660026941e-06
213460	1218	115.145036913538	1.76873248320936	27.6350622462986	1.47786870869314e-06
292769	4202	255.324188311192	0.202938194336906	28.2156884104008	2.38931828212773e-06
305009	827	251.830016483604	0.102676268049156	28.3373595383972	2.26204882688711e-06
248517	2347	152.512574766579	1.64545559961214	34.6116929832108	1.68134441745783e-06
208553	14183	177.046368639951	0.369054142981128	24.2028077299627	2.32582865851387e-06
243612	887	273.286863806837	0.504827771011803	32.5978485606777	3.07345752145773e-06
179949	2568	214.066488364723	0.163054227422018	24.233337408441	3.25916526219298e-06
306964	3848	197.810068364751	0.222604573044466	27.1046835722869	1.76550146851142e-06
239826	691	190.879046564281	1.26978767412385	36.1205578803661	2.1805654597789e-06
207147	2214	244.354164398449	0.187010348335796	27.9400171834124	3.23182794877715e-06
183930	8863	166.122507102868	0.913082802558144	32.2763146069353	2.47447483524283e-06
213526	3964	196.16830461578	0.298600518121153	22.3629952141578	2.51701155787233e-06
253355	3049	235.732351552635	0.100440844379364	27.3368273217266	2.5491585287376e-06
191233	951	177.342467396791	0.366970328675938	22.873733794861	2.54072139060642e-06
208256	710	225.334217051306	0.979351314688397	36.7076860853861	2.96439967788994e-06
252200	937	120.133155143939	1.65634802531435	32.7640323187941	1.30504334615862e-06
250989	16257	177.342467396791	0.366970328675938	22.873733794861	1.93582098693504e-06
193052	745	216.419545671455	1.07323919730563	36.7340426283322	3.07135000991223e-06
242875	937	179.342803984877	0.528868161416183	28.5482176370065	2.0230577371231e-06
318223	31286	145.551697289367	0.130728588193713	18.8128904834374	1.25312052678633e-06
191073	3870	199.790503227267	0.669296017502508	33.2483626977505	2.86472312529002e-06
193108	1478	184.951106497639	3.93732582948414	52.5791215443917	2.62399983567488e-06
210310	1420	207.723401838597	2.0076067403737	40.9869691362768	2.70603019598071e-06
265563	1172	192.551278955302	1.45488023284491	36.6264712173788	1.98648814240866e-06
208738	2115	188.741752802825	0.986048935903681	34.3006206640214	2.47727147242227e-06
299970	3726	182.756708023348	0.666055294035232	27.5513695160217	1.66917794997169e-06
172387	1263	138.109986685329	0.741271420414646	24.606760338149	2.19496554360413e-06
244850	4328	230.51822709881	0.100697659760777	25.6999765382802	2.5793620035617e-06
282102	504	188.741752802825	0.986048935903681	34.3006206640214	1.83302738942113e-06
177187	12379	145.551697289367	0.130728588193713	18.8128904834374	2.25057015128382e-06
207662	6735	298.375493846337	0.374089644258842	33.9224905772085	3.93652717602797e-06
337376	41259	216.550176582441	0.141759625820063	23.7630543871915	1.75853692918402e-06
217035	5325	198.832838270135	0.141499697688551	25.3635379608649	2.50995232156085e-06
238834	1508	131.917593210047	1.14254110360936	31.5703514342829	1.51326052232584e-06
411890	18652	154.66490951321	0.567654116079745	23.4198328578482	1.02876855014296e-06
354638	1398	280.165120283047	3.02284982691951	56.419359411096	2.16439206178793e-06
197151	867	232.926140990936	0.632275066442284	35.1581115613765	3.23687838729741e-06
317410	2053	196.16830461578	0.298600518121153	22.3629952141578	1.69322771779795e-06
353031	1182	183.578040451145	0.434690983151236	23.643118628231	1.42467243806518e-06
169663	1064	180.179499646418	0.263765825987712	23.7442261846621	2.90954695357684e-06
286310	631	224.399272710465	1.58018399154475	40.642775134285	2.14729673421772e-06
195838	13175	207.58870426795	0.592710292272125	32.8952166737487	2.90411552444661e-06
276268	1354	145.551697289367	0.130728588193713	18.8128904834374	1.44342368061276e-06
298551	1186	222.27663011367	0.118813946518474	23.1332616549989	2.03977567921251e-06
217946	1591	246.067175592271	0.393827316843227	30.5960900441405	3.09322788882694e-06
161502	1243	177.046368639951	0.369054142981128	24.2028077299627	3.00342128406486e-06
193774	705	164.398278417335	3.37965703780337	47.1892392310601	2.32438945492829e-06
360006	2280	391.075497120243	0.312842934757868	39.3066026640355	2.97617183640732e-06
201644	829	224.306964902668	0.62840854142275	37.1015933026857	3.04764649516139e-06
217162	1540	244.481485453959	0.713666842362357	36.3640589366562	3.08438994352122e-06
151125	696	161.078563972575	1.16268979948956	32.6817730279817	2.92017293082838e-06
198690	1230	211.816138443268	0.856653443332582	36.8571150251251	2.92072166448137e-06
237013	6829	207.824379919988	0.459075070379376	30.9818038648285	2.40232334426587e-06
207636	881	164.92684324848	0.136533388069249	23.3546606150446	2.17618507900522e-06
146731	1248	210.284008762583	0.918085766272397	31.462079878242	3.92637255898401e-06
278937	716	231.411921166719	0.270087894572687	27.7533572734991	2.27293354223521e-06
321569	1139	248.180868288154	0.341116323679602	30.8562565371896	2.11446869676837e-06
214687	19412	313.994323828411	1.65320845459621	48.7657112053998	4.00703545835426e-06
279816	4578	293.265913975834	0.465472979682506	31.6616585096896	2.87141642174871e-06
205708	879	168.270673062562	0.731871606843789	31.4436019381387	2.24111625526064e-06
213516	637	180.179499646418	0.263765825987712	23.7442261846621	2.311969429854e-06
151507	2872	242.534068629023	0.614367767446669	31.5966050028767	4.38578349748518e-06
216362	739	123.369078602282	0.52261475282084	23.3681370445035	1.56218502150419e-06
193944	16068	164.681855033783	0.153973812769634	27.4483686182852	2.32635794082889e-06
286707	935	284.675950071108	0.357429359156892	31.388915061644	2.72031764060123e-06
272455	587	94.732447604211	0.651400909457528	26.7080013202537	9.5260117208458e-07
230341	12948	184.00957753905	0.924895772771313	30.9634882180128	2.18864999663156e-06
195949	606	147.555532523384	0.597733799478244	30.9527034683213	2.0630966881218e-06
214606	982	137.000960543079	1.75434045274648	39.2638849108088	1.74899628798029e-06
211826	840	231.313787835709	0.124529159882078	27.6736737842869	2.99177818128719e-06
190085	515	196.91021252258	3.95404146315458	60.719717294729	2.83809892578814e-06
303793	3897	261.795029061133	3.00721141414891	48.9344411107016	2.36097163187436e-06
212133	671	168.581516434397	0.160749610139318	24.2059965019376	2.17725280042905e-06
290102	2481	226.560369681692	0.189844848214933	23.7243010196658	2.13963827065541e-06
180198	598	188.712264365338	0.446871937504745	23.4376483223494	2.86917669658259e-06
148540	13922	182.756708023348	0.666055294035232	27.5513695160217	3.37083149086447e-06
195745	3844	121.035252135981	1.7041991219096	28.8741044258681	1.69405824163854e-06
258804	642	198.993813221665	0.158392134635052	27.3288156528244	2.1065691773482e-06
302975	529	128.288130253971	0.398801542952105	22.323235593174	1.16007700128042e-06
180048	1378	187.211749361471	0.42132807228298	30.4524403254299	2.8487342395372e-06
324198	1055	128.288130253971	0.398801542952105	22.323235593174	1.08413478634333e-06
162368	530	214.066633868933	0.7043092751311	34.3801298498902	3.61206597610389e-06
220694	847	188.341819289748	1.08429234605745	40.6093442882896	2.3381015539864e-06
231993	6161	185.458948636527	0.652594887379454	27.9216269986018	2.1901812063003e-06
335605	2351	140.619087337201	0.300493556331096	23.924977190671	1.14795004104998e-06
276914	49919	198.832838270135	0.141499697688551	25.3635379608649	1.96720823833377e-06
302279	791	216.325802842063	0.427771452882182	32.8600727930256	1.96068344954168e-06
217983	1699	198.872699721854	0.883444567688318	35.2947188477233	2.49953763168102e-06
185422	3003	152.512574766579	1.64545559961214	34.6116929832108	2.25346868544923e-06
295015	816	138.070696039053	1.05609509112931	29.7564392084069	1.28222591922122e-06
172344	11879	178.030416815316	0.373809676239082	27.2040570608651	2.83012211981446e-06
293787	2395	145.551697289367	0.130728588193713	18.8128904834374	1.35734996237249e-06
247267	666	171.325868779811	0.403130283288024	24.7331647753203	1.89829593865132e-06
197077	1757	171.358031435449	0.929078274095528	29.2255835835899	2.38218594116644e-06
170357	1047	150.946449438759	0.559996254731585	30.4582673550865	2.42756045404986e-06
198400	6249	168.036837186253	0.717829127351999	26.4460236122436	2.32043798589059e-06
179022	525	207.723401838597	2.0076067403737	40.9869691362768	3.17896800681874e-06
199983	6012	251.830016483604	0.102676268049156	28.3373595383972	3.45001950485797e-06
329958	2487	157.013939981656	0.911117466130898	29.9058633048595	1.3037270744517e-06
246577	12144	156.411833369059	0.136011593672692	25.1305499478583	1.7378975771225e-06
245665	48337	164.273553288402	0.304017637761802	23.9735985970816	1.83202543934735e-06
212352	569	200.818536205586	0.547465891505057	31.8987086688974	2.59092342161253e-06
201097	6425	192.551278955302	1.45488023284491	36.6264712173788	2.6232999525725e-06
253515	993	161.668646771462	2.12259247027436	37.9431997120049	1.747146320233e-06
221570	2632	173.043758487576	0.187097733516908	25.5690068782438	2.13969620890489e-06
232420	983	226.560369681692	0.189844848214933	23.7243010196658	2.67065373717269e-06
230294	2858	163.649970941837	2.50859483628004	44.1759433014292	1.94688565386921e-06
244165	22233	168.882590220541	3.63549973455052	52.3494370701845	1.89499735015863e-06
155412	1535	222.27663011367	0.118813946518474	23.1332616549989	3.91846877206764e-06
355609	1191	164.92684324848	0.136533388069249	23.3546606150446	1.2706494072544e-06
241099	732	158.894558578336	0.280484995066045	22.7461470277133	1.80559669575098e-06
369651	2362	172.620798397195	0.251490731308085	26.5324706212771	1.27940596465014e-06
178797	38141	185.986997544713	0.236056793015328	22.0131633253874	2.84989914780852e-06
183695	1864	224.321364979837	0.853117465622715	36.5536713663156	3.34564948494265e-06
291385	534	111.81033600454	0.140570580311391	22.2093476910015	1.0512884591989e-06
261471	1929	205.660955878809	0.312608268620836	26.8471849242149	2.15494136497192e-06
170236	551	197.810068364751	0.222604573044466	27.1046835722869	3.18349463556557e-06
218920	593	218.619378594924	0.148270099154079	24.932486990091	2.73596382984619e-06
203127	766	165.719307781472	0.920022082744779	30.4320761356912	2.23518045740427e-06
335274	1334	115.145036913538	1.76873248320936	27.6350622462986	9.40919530168275e-07
265261	1433	100.702081535836	1.30016315063691	28.7039402268027	1.04009301705419e-06
170004	573	192.020115704452	0.367953712628216	19.3425180289088	3.0945301803447e-06
175904	1641	152.48439677007	0.917489906597101	30.403550662037	2.37496288090624e-06
239846	5133	180.623587385378	0.728370780737582	28.9704101243826	2.06323700842033e-06
249045	1479	125.353277410762	0.286693531436287	22.9071785186071	1.37900233589036e-06
199399	2279	148.042872206376	1.28284054621825	36.7680714314924	2.03409701229422e-06
179533	569	141.318468251664	0.632360884570681	21.0526276663669	2.15656110921667e-06
295760	553	142.968334389879	0.795832757891599	33.7365184030544	1.32436457540434e-06
272455	587	94.732447604211	0.651400909457528	26.7080013202537	9.5260117208458e-07
286513	968	149.10281379228	3.75217176269291	50.7622684121807	1.42576727654549e-06
262710	20031	280.157198914487	0.170531223430425	30.9939505979206	2.92167778017103e-06
237002	539	211.921001147883	0.311476478871357	29.1768438115575	2.44979148951038e-06
244253	722	163.967888927142	2.6245121206277	46.6122749791903	1.83918761673787e-06
214808	2585	185.458948636527	0.652594887379454	27.9216269986018	2.36539937336237e-06
188563	11729	217.880030465647	0.218639657989328	30.9576446497721	3.16568780893834e-06
315851	1149	182.956411898993	0.946586609190187	35.6084170556644	1.5869838739117e-06
229881	15007	139.982443021355	0.351011276175417	21.5107678032805	1.66831335571126e-06
272310	11504	180.179499646418	0.263765825987712	23.7442261846621	1.81279594867874e-06
346091	1701	188.712264365338	0.446871937504745	23.4376483223494	1.49388427428274e-06
196533	700	94.4195561352591	1.02423151469193	23.7429979680614	1.31623551993338e-06
217147	24618	176.555896973299	0.107421694936639	23.1962601684919	2.22759138384696e-06
158918	643	202.283832420195	1.01018625438969	37.3209851456175	3.48734744083914e-06
294859	709	115.145036913538	1.76873248320936	27.6350622462986	1.06988714795085e-06
179795	1982	95.8106508715128	0.49226604717427	26.4719264149692	1.45996792955619e-06
363065	764	69.8742341498851	1.06875444435143	27.4235811576011	5.27278195212677e-07
261341	4219	160.036487407868	0.278440892242136	25.7369335097934	1.6777165844034e-06
227285	3101	161.078563972575	1.16268979948956	32.6817730279817	1.94166414049074e-06
265813	595	149.992429603016	0.855736271388886	31.1610324968542	1.54596713966561e-06
180188	23334	217.716380400988	1.78106440176872	39.5385268774206	3.31033827988162e-06
284034	4438	121.035252135981	1.7041991219096	28.8741044258681	1.16747794457543e-06
344898	830	177.046368639951	0.369054142981128	24.2028077299627	1.40638259490935e-06
337564	3850	185.986997544713	0.236056793015328	22.0131633253874	1.50950165873944e-06
185497	2348	190.645575108929	3.98697947344688	52.3307703286516	2.8157686870087e-06
225959	46188	229.586232119584	0.375866976861744	28.0604619742129	2.78370578587307e-06
192192	1249	274.408854914277	0.172851433765282	28.8507623787405	3.91173972879685e-06
225636	6083	140.619087337201	0.300493556331096	23.924977190671	1.70743043453429e-06
257856	520	131.862160672608	1.40203243166375	34.5109609305192	1.40103853943125e-06
329176	1163	177.342467396791	0.366970328675938	22.873733794861	1.47601822031326e-06
235688	1438	162.921255827946	0.630266370339985	28.0363900101741	1.8938580029873e-06
165864	1381	214.874756531558	0.349620956133912	28.8973747928971	3.54928111645781e-06
205545	11304	153.604332326286	0.460455112056789	26.6540499343453	2.0474046422696e-06
232353	597	206.651628780146	0.208530773721387	29.0055871794402	2.4366754290799e-06
205786	1078	201.957422959675	0.245964787372702	26.092071516493	2.68875437643328e-06
247012	846	122.242209876359	0.664045351579251	27.1477913213923	1.35584572427582e-06
260878	5532	188.712264365338	0.446871937504745	23.4376483223494	1.98184554608203e-06
264543	9233	188.712264365338	0.446871937504745	23.4376483223494	1.95438889848073e-06
260869	715	260.430486982419	0.230492499145313	29.3058155255105	2.73512062956302e-06
170935	596	302.636872756365	0.294706736049669	32.7856594075304	4.85062811677378e-06
202188	1168	176.555896973299	0.107421694936639	23.1962601684919	2.39240106350632e-06
264442	20624	204.486084786846	0.348899267256869	30.2227889445903	2.11855850708694e-06
420004	5392	156.390294851616	0.585849385977945	28.8993961600528	1.02014876343393e-06
227285	3101	161.078563972575	1.16268979948956	32.6817730279817	1.94166414049074e-06
201097	7831	150.483059198521	2.88030047322589	45.9958830668197	2.0501666060088e-06
215535	1148	244.354164398449	0.187010348335796	27.9400171834124	3.10605453455513e-06
229994	21543	115.145036913538	1.76873248320936	27.6350622462986	1.37162645354939e-06
338354	1190	219.842456228314	1.11534065218461	33.4424390563255	1.78011224710113e-06
237294	8754	163.030426661358	0.33432178797966	24.0227942222115	1.8823008722589e-06
317294	2715	236.145843616247	0.319187197638099	28.6411900557048	2.03903923180746e-06
292324	769	164.241595723772	0.493393548942265	25.9921446073069	1.53930903581532e-06
241849	8969	146.351362486113	2.68231813725228	44.7690034735846	1.65790487845e-06
195035	1283	184.44465997672	0.837895042074551	26.9084691893673	2.59095975364759e-06
248231	1140	183.578040451145	0.434690983151236	23.643118628231	2.02615118773477e-06
363737	969	166.681750505054	0.14270836022541	22.9928204325057	1.25547395549761e-06
266771	5540	149.430228470803	1.83353065679773	34.9993230482448	1.53464164478664e-06
278288	10780	160.89772060515	0.652591024442325	26.8163945902899	1.58402688183041e-06
273951	944	263.623603958914	0.252838103227799	31.6882055402496	2.63644392319248e-06
255776	1159	160.091344859749	0.702623325683512	29.6286852745104	1.71480680076819e-06
293149	1520	151.902996786042	1.73412083598812	30.6995147618697	1.41966233531195e-06
293717	3502	284.675950071108	0.357429359156892	31.388915061644	2.65539314981379e-06
212191	4837	159.732100731409	1.66833292888788	38.6688442174382	2.06239752762691e-06
323720	5489	136.170203154231	0.845181700196979	27.5996694549498	1.15244362330909e-06
244959	4359	150.253923402967	0.117321783164406	20.0745293101341	1.68050402175737e-06
244097	1388	157.013939981656	0.911117466130898	29.9058633048595	1.76231243330288e-06
311107	22698	184.198221894439	0.160535338941174	23.6662789470359	1.6221192796192e-06
200876	1083	180.907762671076	0.350408385455536	30.7460858838445	2.46738139921222e-06
258326	4980	166.027295276057	3.35836928535681	45.7760717310678	1.76083438030312e-06
213339	1698	140.311421620445	3.76457340960234	51.123396291696	1.8018967640921e-06
191298	6938	203.34152071215	1.17094923403712	34.1132597656542	2.91221056542994e-06
420004	909	94.4195561352591	1.02423151469193	23.7429979680614	6.1590774240023e-07
231085	29044	156.610153214663	0.504950985529186	23.9619209917783	1.85675795883283e-06
259817	1554	221.64502413817	0.559621577685654	34.9127206237504	2.33720904126535e-06
257007	558	158.618294108773	1.97381115146751	37.4761431470343	1.69089039905979e-06
322236	930	184.856363141223	0.259788432700652	21.5474288545585	1.57169214311253e-06
229791	964	188.712264365338	0.446871937504745	23.4376483223494	2.24995714527892e-06
165326	1556	220.363321616069	0.624600207161933	35.0886414592314	3.65178573070937e-06
139853	3141	189.512028161693	0.367746168693413	29.8130929921058	3.71254843342247e-06
384723	40024	192.020115704452	0.367953712628216	19.3425180289088	1.36743191537631e-06
325475	14170	141.318468251664	0.632360884570681	21.0526276663669	1.18956566747368e-06
255575	1137	112.734275332151	0.836534691967264	27.1949145503532	1.20849468182437e-06
322591	13859	139.600610888951	0.689967253123347	28.6274240647133	1.18561096587635e-06
232958	502	132.889114119773	1.63080823808886	34.8447634448992	1.56285581397379e-06
258564	559	218.478060782249	1.07521907164184	35.0007370906897	2.3149782241163e-06
195584	11446	152.512574766579	1.64545559961214	34.6116929832108	2.13638472775568e-06
176583	4659	226.325476732367	0.947799427910118	37.7119802547093	3.51149204208083e-06
190625	3327	229.92697350329	0.876292195011673	36.4467788960247	3.30458708830239e-06
224486	603	205.563427893276	1.05724281852775	35.3844962324033	2.50878662224018e-06
188451	1055	156.353860177791	0.37385831016219	22.7358364949841	2.27309348431755e-06
232916	874	161.083141983991	0.97752197274105	29.0874702720904	1.89477612816839e-06
179917	530	214.066488364723	0.163054227422018	24.233337408441	3.25974493664503e-06
325801	1803	194.471399688461	0.697527503846799	33.5407062644884	1.63534904837877e-06
282506	2464	164.92684324848	0.136533388069249	23.3546606150446	1.59945050747357e-06
171291	8526	193.588533569645	1.14451204490176	33.0211356081956	3.09636550680669e-06
226553	6404	148.81308457826	1.22021751686993	35.913501016381	1.79961016202093e-06
211951	5918	218.87917638133	0.280555924851229	29.5493452399987	2.82928118474178e-06
207636	974	188.75599199708	0.777813689972224	29.4168401519622	2.49060713990632e-06
442670	3523	161.209341315686	0.41188689123489	29.5727562573252	9.97739689299373e-07
281466	15979	171.325868779811	0.403130283288024	24.7331647753203	1.66764704036188e-06
259479	15469	145.551697289367	0.130728588193713	18.8128904834374	1.5368171350881e-06
258332	779	190.879046564281	1.26978767412385	36.1205578803661	2.02435738490367e-06
192432	4467	194.962649642044	0.571741029628302	28.2799541457168	2.77575582852458e-06
243014	2164	163.16730492467	0.817613664491557	32.4673223756128	1.83953892418702e-06
210122	7696	171.325868779811	0.403130283288024	24.7331647753203	2.23387337766867e-06
211603	39247	94.4195561352591	1.02423151469193	23.7429979680614	1.222495500721e-06
253295	2891	160.978815683837	0.885151080149995	31.5445052936763	1.74120235768015e-06
300687	23374	175.973239047269	1.25165894736649	37.1339288733513	1.6033897812117e-06
203715	17629	174.767677581521	0.290267254172322	27.1710258152819	2.35041874686629e-06
264475	49210	166.027295276057	3.35836928535681	45.7760717310678	1.71989527224193e-06
356799	773	194.58480325089	0.83589032644107	34.4542039951648	1.49414390175544e-06
294815	890	245.047098445481	0.894383461075658	38.1415849646575	2.27723119091384e-06
251653	2306	141.318468251664	0.632360884570681	21.0526276663669	1.5385228295351e-06
196977	4054	184.856363141223	0.259788432700652	21.5474288545585	2.57114175476329e-06
176588	594	155.812313842062	0.804204615731268	27.40610992211	2.41739558532906e-06
150489	679	49.8152244930627	2.03555924656244	29.5690757042494	9.05726254625584e-07
317293	772	185.986997544713	0.236056793015328	22.0131633253874	1.60593967698853e-06
165409	945	196.245381388595	0.886091294392399	32.7175846673023	3.25047959389656e-06
164755	3423	293.265913975834	0.465472979682506	31.6616585096896	4.87674581935625e-06
152276	3404	175.26428959304	1.40827524333387	35.8752858634867	3.15332774614084e-06
203013	1057	143.663084835577	0.587942132315509	29.5355588787386	1.93877974661825e-06
150336	866	224.321364979837	0.853117465622715	36.5536713663156	4.08803667874987e-06
392699	13214	160.89772060515	0.652591024442325	26.8163945902899	1.12252812686261e-06
245278	677	241.990592643127	0.620573282268611	36.2977283397391	2.70300607901917e-06
276512	727	174.021940357967	0.656466425506617	28.7547994292927	1.72423778836686e-06
288924	14596	158.894558578336	0.280484995066045	22.7461470277133	1.50671996008939e-06
163903	6654	160.091344859749	0.702623325683512	29.6286852745104	2.67601217960187e-06
272937	2081	178.819648362286	0.563132693810385	28.9479943935376	1.79498142365521e-06
238595	700	112.734275332151	0.836534691967264	27.1949145503532	1.29449916514287e-06
280881	3237	184.44465997672	0.837895042074551	26.9084691893673	1.79908158811973e-06
180512	959	242.092555778348	2.06705374676768	40.8529617467956	3.67436666872597e-06
255050	11723	194.076107729605	0.347270867273267	27.1144729293928	2.08474951438053e-06
184386	6842	123.369078602282	0.52261475282084	23.3681370445035	1.83309728299703e-06
257441	12014	174.767677581521	0.290267254172322	27.1710258152819	1.85990403633402e-06
189419	1069	198.37802207038	0.641733710424258	30.026966065925	2.869307885322e-06
191573	34287	163.030426661358	0.33432178797966	24.0227942222115	2.33153264385797e-06
171767	3469	196.16830461578	0.298600518121153	22.3629952141578	3.12893285617288e-06
295603	8248	168.581516434397	0.160749610139318	24.2059965019376	1.56245764864841e-06
222183	598	188.712264365338	0.446871937504745	23.4376483223494	2.3270002762173e-06
267283	788	189.595730883143	0.699103931005631	37.4779406015746	1.94340963916131e-06
215330	2320	166.361772967558	0.900593476708723	32.1595331577607	2.11668452776284e-06
154528	1966	179.285633545219	0.865156750984951	34.5619245820062	3.17866999224894e-06
325801	1879	128.559002646489	1.67228607700395	33.6262024724602	1.08107846693785e-06
197175	1196	205.271475523855	1.41260200412712	38.9628266638892	2.85222570901456e-06
212191	8293	219.203378564601	0.310550177722845	28.6913476957129	2.83026707799507e-06
185382	2310	273.286863806837	0.504827771011803	32.5978485606777	4.03885562631411e-06
168391	699	226.035249258941	0.590174527880773	34.1311559979482	3.67759948871346e-06
266901	685	244.111439932857	1.09625367270623	43.855851386583	2.50579228091866e-06
222205	5003	110.509188760865	1.3556184305514	30.0341387436003	1.36254765065907e-06
204072	3992	195.411005979941	3.14966886374398	44.3751541193561	2.62344966052729e-06
218773	937	203.086914395227	0.457761323747314	31.3811352990631	2.54328690099968e-06
262037	2817	219.203378564601	0.310550177722845	28.6913476957129	2.29187939698154e-06
259222	632	125.07571293007	1.62084671825645	34.3335940839731	1.32192941227898e-06
191329	6639	156.256640556179	0.337011032756451	25.4327898270553	2.23750913392858e-06
207262	1769	274.287665272228	0.825141547367621	36.4953293368742	3.62571554621856e-06
294124	1754	175.887106838745	1.48404608139062	38.7409821010698	1.63836505857976e-06
389292	588	158.465304670552	1.11276482086729	34.803226919482	1.11523360265648e-06
197421	776	188.139356268374	0.3343379500366	30.9591680345091	2.61091925958348e-06
228779	2623	136.081108385002	0.651573039738108	25.738094816065	1.62962926876793e-06
214871	6866	239.342663456425	0.114901562713705	26.7111070631005	3.05175349180741e-06
224446	10061	189.078183148197	2.29549905689927	41.8416447682788	2.30800468524323e-06
209567	689	239.381765617501	0.204115385064376	28.0215554282755	3.12950251588551e-06
259004	1956	160.411994008053	0.109322809619463	22.0697909050297	1.69682674819909e-06
223895	659	182.764047941941	0.283850273034218	27.4078749285033	2.2364207285514e-06
241839	30739	248.056262523504	0.134052447018901	28.1564245145217	2.810159646271e-06
209988	620	520.10515215811	3.33434258680093	61.1615827209456	6.78584310699176e-06
223334	2027	238.406889062207	0.141566738395839	28.2662391454598	2.92463108650962e-06
358475	5524	213.069140401381	0.677920714417809	29.9378302618055	1.62842895485829e-06
255511	4643	197.633851447362	0.476494835103773	27.6696613208561	2.11913618867721e-06
258389	5542	126.840184013036	0.478178306562073	26.7233542960097	1.34489995108295e-06
287570	621	257.639612339423	0.117332397018625	26.1886040659947	2.45457437011808e-06
149527	4883	191.872578086938	0.97646977526785	32.7473780689407	3.51560785763506e-06
179224	2665	197.633851447362	0.476494835103773	27.6696613208561	3.02115010659901e-06
217443	1170	197.791659617387	1.12646424287267	35.5127551904228	2.49212417900716e-06
188790	513	188.543470820685	0.354613210082472	28.67645978438	2.73614838870304e-06
279851	532	184.965783558778	1.24553005799069	37.3317469764371	1.81080493331777e-06
236022	1105	214.066488364723	0.163054227422018	24.233337408441	2.48486806215677e-06
381148	1881	139.64238244271	0.725989710613333	27.7079378349189	1.00376197620361e-06
270353	1407	155.313376707684	0.735583254426252	30.1593033268305	1.57392779280791e-06
198612	681	189.122850641692	3.36960672201898	45.5436868299445	2.60882925643268e-06
256360	4485	241.646437879855	0.135389791808236	26.03825443316	2.58248180405396e-06
291133	746	177.992072638162	0.375571576412011	23.834204679584	1.67500597348001e-06
193646	829	225.672453227454	0.454466608785478	29.6592603701371	3.19283999552713e-06
238299	728	274.752115138424	0.320722054999031	32.2640894928739	3.15882786300903e-06
243056	1305	513.357443290671	0.114588262392293	30.3394109565289	5.78656255653662e-06
307982	872	293.121909483527	0.103015259906819	30.4497108723252	2.60753461115391e-06
280881	3237	184.44465997672	0.837895042074551	26.9084691893673	1.79908158811973e-06
180512	959	242.092555778348	2.06705374676768	40.8529617467956	3.67436666872597e-06
255050	11723	194.076107729605	0.347270867273267	27.1144729293928	2.08474951438053e-06
221907	2839	274.722071293427	0.251598998832837	31.0985403307575	3.39179570280833e-06
215350	48815	125.391795128668	0.858683585050148	30.7583963158986	1.59525964586058e-06
393327	5987	188.712264365338	0.446871937504745	23.4376483223494	1.31447854424128e-06
223595	16828	292.116443908145	0.309266819724429	31.7392191266458	3.57932433375468e-06
278789	2997	139.982443021355	0.351011276175417	21.5107678032805	1.37564087006396e-06
258932	576	145.551697289367	0.130728588193713	18.8128904834374	1.54006369778755e-06
234365	1304	141.612892198366	0.544020886528074	31.0174928710184	1.65545421274877e-06
401586	2499	153.604332326286	0.460455112056789	26.6540499343453	1.04792942780701e-06
223966	3329	162.921255827946	0.630266370339985	28.0363900101741	1.99297931386046e-06
258654	658	143.621384741567	2.13750594448477	39.6479488920172	1.52127261077465e-06
179258	2731	173.394526479557	0.147971269874358	25.028669069565	2.65011043972523e-06
235627	6166	196.16830461578	0.298600518121153	22.3629952141578	2.28092455408865e-06
199999	4285	244.278320853673	0.78599668602965	38.0785215762106	3.34629509933403e-06
218883	682	206.857368760233	0.384623294059044	30.5197772438693	2.5892029858478e-06
299927	4031	153.604332326286	0.460455112056789	26.6540499343453	1.40312071669208e-06
252384	526	237.107851687289	0.709212087086598	31.3722718613013	2.57389752348768e-06
304005	7288	156.610153214663	0.504950985529186	23.9619209917783	1.41138768413969e-06
245069	24173	173.043758487576	0.187097733516908	25.5690068782438	1.93452655785537e-06
254075	3152	172.051878637672	0.414653280854762	29.51051960726	1.85525931306199e-06
225246	6967	200.989554403157	0.179792008146383	27.5067155939058	2.44468853357355e-06
269958	2250	157.540009414338	0.734890364609731	33.2521448304757	1.5988282034571e-06
376778	749	282.955167830123	2.34583174255232	49.3884416680859	2.05749708818123e-06
238457	1888	206.169729285032	1.31868874583684	38.7869916489316	2.36876490681192e-06
258546	3973	173.848200639008	0.238129505587833	26.6616927936743	1.84221159912306e-06
148550	5512	235.287476186194	1.40395839919143	41.4625401676232	4.33943603115401e-06
229736	2688	184.448116538781	1.07353344480017	33.0586955229446	2.19964352816146e-06
293232	593	329.250125773121	0.302245321161666	29.7558155881017	3.0762506789997e-06
160417	857	168.036837186253	0.717829127351999	26.4460236122436	2.8698635207035e-06
195035	1283	184.44465997672	0.837895042074551	26.9084691893673	2.59095975364759e-06
227046	1149	184.198221894439	0.160535338941174	23.6662789470359	2.22268907060459e-06
246815	968	158.618294108773	1.97381115146751	37.4761431470343	1.76071417373806e-06
287570	621	257.639612339423	0.117332397018625	26.1886040659947	2.45457437011808e-06
292381	6095	145.458910766161	3.99219829826515	43.131721325113	1.36300773218132e-06
179254	555	277.453098653743	0.758870155244825	43.6289651695613	4.2406053742939e-06
253554	3183	145.458910766161	3.99219829826515	43.131721325113	1.57172658977144e-06
183610	1185	174.021940357967	0.656466425506617	28.7547994292927	2.59665834833013e-06
209995	8895	228.277996974025	3.23239575885575	57.6974785084801	2.97825743370961e-06
193052	745	216.419545671455	1.07323919730563	36.7340426283322	3.07135000991223e-06
150155	696	138.386338624059	0.661790102153387	27.3641634073263	2.52499519672702e-06
222926	1445	171.747818485228	0.676914460989519	28.9351831558202	2.11075409980298e-06
220134	2844	142.741096334025	0.612242948813059	29.5472114811919	1.77651565321826e-06
166670	3653	177.051115893994	0.673576791477387	32.4689233590554	2.91037109494513e-06
207797	861	207.641476597844	0.237476288013901	24.1246705639076	2.7376755092822e-06
235985	21340	156.78887297287	0.313670644635272	24.479543254737	1.82027906896648e-06
308456	1253	184.856363141223	0.259788432700652	21.5474288545585	1.64190610468919e-06
186248	788	290.329348800264	0.295908483892115	33.1335449081661	4.27077269782967e-06
232265	4308	148.177629762431	2.21279209084422	39.1183746066306	1.74785744274069e-06
207871	1106	125.806949632908	1.35955377419734	32.3455914200321	1.65812727286026e-06
205797	1874	149.378674170811	0.968731585061907	30.8212637687381	1.98864240763406e-06
187975	623	155.812313842062	0.804204615731268	27.40610992211	2.2709565188035e-06
208436	1431	176.472468868749	0.357334525078546	23.648677503254	2.31959074285999e-06
243612	887	273.286863806837	0.504827771011803	32.5978485606777	3.07345752145773e-06
152484	1779	208.161097880204	0.170501008187181	26.047687117563	3.74009324095632e-06
188744	1021	154.66490951321	0.567654116079745	23.4198328578482	2.24504873330216e-06
192275	7041	206.711348703547	0.651787556503416	29.6498845798153	2.94542952646729e-06
225598	629	152.627207754241	0.130375283593466	24.9640628245053	1.85354805261245e-06
273076	651	183.743723418621	1.73440364893686	35.9789564688815	1.84347017467987e-06
187099	3959	181.084882177051	0.347144794639258	25.2030254492166	2.65166016316834e-06
148521	1048	212.005361705103	0.420237689896214	28.8662395325361	3.91080458259264e-06
448459	2324	179.965624687303	0.452472641852338	24.4529955595479	1.09944611657389e-06
232086	578	309.90203245092	0.542594319323822	35.1761715874729	3.65832779335719e-06
356799	18892	186.837392789853	0.580901972953663	28.3523696599305	1.4346544354592e-06
207671	5843	194.28338656008	0.42362233065441	27.9489440672714	2.56310823778734e-06
259665	991	213.737877056042	1.10107134921315	35.414106567082	2.25514884490044e-06
244202	906	195.537876733643	1.18706749243892	33.3626486433493	2.19375848776488e-06
250139	21545	149.10281379228	3.75217176269291	50.7622684121807	1.63309543775611e-06
261449	4278	169.539786686484	0.315897913462444	25.5857246657878	1.77660869333728e-06
232766	895	156.78887297287	0.313670644635272	24.479543254737	1.84545232589835e-06
379546	9394	141.318468251664	0.632360884570681	21.0526276663669	1.02009739431056e-06
189664	15899	218.244070842946	0.313602360941634	28.3232507585958	3.15256960315901e-06
331877	2349	194.962649642044	0.571741029628302	28.2799541457168	1.60946448712819e-06
182430	9810	152.51524894758	1.01250971215195	28.9604630482762	2.29046756079953e-06
217754	526	204.753258716656	0.295222649164768	29.6575327632615	2.57615397237446e-06
177540	1154	144.367056940322	1.04474920262301	32.0189381170314	2.22781448348621e-06
237554	2836	162.778349645327	1.94509276704776	40.2113589294014	1.87733349562657e-06
369487	6033	194.962649642044	0.571741029628302	28.2799541457168	1.44563745299467e-06
244150	1209	161.274121218058	0.427757399863877	25.0859426726352	1.80973543906096e-06
233717	2776	162.928130702194	1.49225344352346	38.4197762216753	1.90991002058038e-06
198385	3607	179.965624687303	0.452472641852338	24.4529955595479	2.4853517453064e-06
195742	1033	214.258394662545	0.541990518556031	32.98701830997	2.99889293276522e-06
284280	2954	278.253394346917	0.365283349894263	32.5295297884896	2.68164509182455e-06
230571	3520	226.839523089161	0.380564604392469	30.5076732672058	2.69538730130743e-06
264726	1307	153.835846413787	1.00439725408855	32.5201839581364	1.59209171885852e-06
218315	5390	150.253923402967	0.117321783164406	20.0745293101341	1.88559917855238e-06
268972	564	197.633851447362	0.476494835103773	27.6696613208561	2.01308168398607e-06
200928	16031	160.89772060515	0.652591024442325	26.8163945902899	2.19389867460395e-06
243634	606	173.043758487576	0.187097733516908	25.5690068782438	1.94592088545547e-06
141694	640	236.152718985305	2.30336389818475	47.1117769818509	4.56613371522204e-06
245332	6537	155.649854711245	1.89121032368305	37.0917667594419	1.73820764561085e-06
283900	887	226.560369681692	0.189844848214933	23.7243010196658	2.1863802099108e-06
213370	912	290.329348800264	0.295908483892115	33.1335449081661	3.72790398568393e-06
255090	971	204.144655993662	0.561823192694375	30.9018208307424	2.19256116421614e-06
301521	1284	166.777852504122	0.384558723887723	26.9238054764015	1.51540232122792e-06
296199	1260	164.92684324848	0.136533388069249	23.3546606150446	1.52550942124831e-06
195890	7532	177.342467396791	0.366970328675938	22.873733794861	2.48031943279309e-06
183398	2608	147.504989872735	1.14608447983202	32.224519756399	2.20353144486473e-06
261384	21591	156.610153214663	0.504950985529186	23.9619209917783	1.64152707478991e-06
229823	4147	225.62108722012	0.420549368579901	28.2409821739406	2.68963491463705e-06
296703	6561	163.030426661358	0.33432178797966	24.0227942222115	1.50540676427877e-06
221010	8829	152.75504265858	1.73479559996596	39.644415515548	1.89361099582775e-06
179873	7551	150.253923402967	0.117321783164406	20.0745293101341	2.28858463841523e-06
287085	8548	181.084882177051	0.347144794639258	25.2030254492166	1.72813962717882e-06
252720	4363	161.048064034711	0.486572796597825	28.4398298300867	1.74591473843716e-06
217035	5325	198.832838270135	0.141499697688551	25.3635379608649	2.50995232156085e-06
216122	13446	180.179499646418	0.263765825987712	23.7442261846621	2.28409169258431e-06
226774	1520	110.828854298461	0.788182047015398	28.0802728567606	1.33895727335635e-06
229823	869	115.145036913538	1.76873248320936	27.6350622462986	1.37264701338699e-06
238427	1545	177.992072638162	0.375571576412011	23.834204679584	2.04527806866318e-06
245333	755	199.54557034172	0.97053091643767	34.2745034299141	2.22840055237999e-06
176782	1829	156.390294851616	0.585849385977945	28.8993961600528	2.42370015746685e-06
217976	8780	115.145036913538	1.76873248320936	27.6350622462986	1.44725040627243e-06
248193	871	180.179499646418	0.263765825987712	23.7442261846621	1.98894596054162e-06
274515	1761	130.722406144298	0.78179699904948	30.9911053619856	1.30464119803118e-06
291469	2002	163.030426661358	0.33432178797966	24.0227942222115	1.5324398244129e-06
287977	5334	123.714638205301	2.53661754798826	38.0811517094332	1.17698362807133e-06
177281	40585	169.709867673285	2.94451722599561	43.3220757219335	2.62272066138302e-06
171873	547	87.7710379218057	2.25999454864909	35.013431386856	1.39910629968665e-06
185675	3016	215.194119106501	0.285768193247267	28.3105310073924	3.17529516121668e-06
220593	3780	169.984204409974	1.50630264895492	36.6542644852155	2.11117374109071e-06
208731	1438	211.921001147883	0.311476478871357	29.1768438115575	2.78159680448491e-06
208081	610	160.091344859749	0.702623325683512	29.6286852745104	2.10786388124473e-06
299819	508	162.518431002156	3.8753461914999	49.1725864298232	1.48508258432045e-06
191329	804	166.819783158641	1.78689247484845	33.8464891109073	2.38876752507198e-06
233653	6514	329.250125773121	0.302245321161666	29.7558155881017	3.8606614899207e-06
223299	1855	193.670339530632	0.31825869655298	28.5334512702972	2.37620262494206e-06
207636	881	164.92684324848	0.136533388069249	23.3546606150446	2.17618507900522e-06
242592	1653	181.931259563391	0.707704113171527	32.0063931513986	2.0546506357299e-06
195302	1498	248.622556050884	0.395955870604594	30.7382247587875	3.48771486114142e-06
226354	4021	190.948385424689	0.664004893203874	30.8511998042129	2.31118628978284e-06
152361	585	157.736185509646	1.02705742567601	35.5176728459778	2.83638157338912e-06
253719	892	160.53725613535	2.10112216255572	38.0628073895794	1.73352448575376e-06
232766	895	156.78887297287	0.313670644635272	24.479543254737	1.84545232589835e-06
202592	1531	189.512028161693	0.367746168693413	29.8130929921058	2.56284076399578e-06
176588	594	155.812313842062	0.804204615731268	27.40610992211	2.41739558532906e-06
250488	543	206.711348703547	0.651787556503416	29.6498845798153	2.26091653972046e-06
185088	2422	222.27663011367	0.118813946518474	23.1332616549989	3.29020287001089e-06
167460	2014	249.484406249573	0.55297358388898	34.2470701459475	4.08168470817931e-06
221418	6153	174.021940357967	0.656466425506617	28.7547994292927	2.15326865628312e-06
158004	552	141.347279458054	2.12068409601094	35.5422360346327	2.45090516969839e-06
210783	622	154.693473476272	1.2272789922575	33.7789262263397	2.0106827189642e-06
282342	2379	197.044097488008	0.671071311591217	32.6205652063142	1.9120316581766e-06
190169	4167	207.641476597844	0.237476288013901	24.1246705639076	2.9914484369288e-06
188579	1012	201.622666008803	0.579123848967045	31.1442899476718	2.92922788739755e-06
250989	16257	177.342467396791	0.366970328675938	22.873733794861	1.93582098693504e-06
220258	6204	153.871655533264	0.493287975178645	26.515406784689	1.91396534765225e-06
309465	2391	187.567560992361	0.473085915465453	26.9692049088487	1.66055524452263e-06
231892	601	274.408854914277	0.172851433765282	28.8507623787405	3.24204837578236e-06
192349	16161	236.909978843171	1.8455867165088	43.4645363781473	3.37443103518485e-06
