HSC_pop_size	HSCT_bottleneck	number_drivers_per_year	gamma_shape	gamma_rate	dpcpd
236187	13701	238.604376720383	0.114782080391796	23.8643708131425	2.76776715548161e-06
252434	38443	116.751407304312	3.99464901478514	47.7275298940865	1.26713069288163e-06
295412	32120	172.097449112641	0.276754741229702	28.9109060756606	1.59607551684623e-06
355706	32800	242.002363423914	0.211295975801396	32.2692827946091	1.86395555251851e-06
255831	47700	251.811440506006	0.357190712561162	30.6335269704229	2.69668006438118e-06
513832	24089	177.749003058085	1.57283354579389	37.3350304807074	9.47748622160844e-07
307477	24599	220.320463445228	0.421386533808342	33.5373174659045	1.96313125231844e-06
277845	10474	391.554724817309	1.05106428130167	48.474977116213	3.86097525862389e-06
259847	32610	130.722406144298	0.78179699904948	30.9911053619856	1.37828637035459e-06
246815	30812	185.386540659294	0.518999351215395	32.9977252170042	2.05785033556878e-06
276528	19259	162.778349645327	1.94509276704776	40.2113589294014	1.61274113731728e-06
256092	11043	111.175751887656	0.813981764640332	31.5656302533218	1.18938155452756e-06
207242	23579	206.574521191122	1.36597871542892	41.3505903154183	2.73090200009865e-06
192708	19775	266.386552933797	0.271698613865134	30.6042257389626	3.78721263477054e-06
307215	3277	179.822910188733	0.650341490925579	29.9287030346442	1.60365056187488e-06
217577	21412	211.587515007048	0.538364047083101	32.4276041518899	2.66430653027258e-06
309883	39003	233.888772550977	0.391101971768259	32.0986166517012	2.067848696682e-06
159783	41508	335.328062937468	1.00086118494196	47.5352737134018	5.74971693951477e-06
208996	30994	208.26878577069	0.410918704502461	30.1887898673182	2.7301929848915e-06
204044	16835	193.82860724231	0.591963551687225	39.2859937141389	2.60256258510869e-06
179578	38104	197.044097488008	0.671071311591217	32.6205652063142	3.00619698645101e-06
518892	15147	273.026655076953	0.334206678077197	35.2812515870171	1.44156825136549e-06
189361	25382	360.067971193212	1.41535202677762	74.7032731825315	5.2095605341658e-06
288705	44671	87.7710379218057	2.25999454864909	35.013431386856	8.32921484027097e-07
271319	12556	244.032235243199	2.44771340019622	62.9231919365273	2.46418963072886e-06
160630	7242	285.574715622342	0.311897531889793	35.1053427358199	4.87079923524311e-06
205107	15000	205.271475523855	1.41260200412712	38.9628266638892	2.7419230166447e-06
341286	26752	236.642667912371	0.684986742982407	34.5492952480321	1.89968553199442e-06
300565	37349	139.747298239811	0.830893134764217	32.6607316537708	1.27383198391715e-06
277030	17209	156.158458047721	2.87516278844942	45.5593018382569	1.54435040216426e-06
187642	9927	188.599416300099	3.94827869432357	54.9483383600845	2.75370508515851e-06
228181	5771	189.10979633409	1.47342578132226	45.2424190436749	2.27060548885447e-06
287977	11103	242.092555778348	2.06705374676768	40.8529617467956	2.30319531110145e-06
248708	13768	234.490474579506	0.745818611984054	40.0402846414128	2.58310812833607e-06
195138	2943	212.582666836033	0.21504737791117	31.1825850116011	2.98464812237596e-06
225396	692	192.770584132035	0.786968321908	33.282153204614	2.34315864817082e-06
268276	13515	195.0349739258	0.302722994847273	27.9732597345471	1.99176368485165e-06
246078	21106	186.513299679038	1.98235766932901	41.6046170567495	2.07655841475632e-06
327531	13868	236.145843616247	0.319187197638099	28.6411900557048	1.97530894485443e-06
294281	11237	349.765704716152	2.40853739051737	57.497477079161	3.25628295643207e-06
310210	41841	153.030709576251	0.615065005004291	29.3260562620255	1.35154320627035e-06
270497	10226	201.957422959675	0.245964787372702	26.092071516493	2.0455236402204e-06
245582	10388	303.649592015634	0.576103974267525	43.4202588054046	3.3875312134187e-06
326753	18587	210.532886363639	1.84496929690754	42.6339157834355	1.76525518784382e-06
225642	20311	286.637986485212	0.353813954731915	35.7912935105819	3.48033412225685e-06
222368	8557	262.310447715897	0.569956506372371	34.7750997035798	3.23184433401151e-06
259479	23930	356.876364571271	0.353102316155653	33.7883253613782	3.76810248451252e-06
240366	21465	257.324465066146	1.65264453587923	47.9790807262015	2.93302103636869e-06
160181	34827	160.699198420742	3.99762219652133	52.5824628249686	2.74858926149283e-06
197241	15318	200.924701929826	0.677992623904905	25.6523635489333	2.79089355369411e-06
466820	3623	232.84732237738	2.17955971561069	45.3380376789936	1.36656070761122e-06
373455	10193	211.331910939134	1.9168541331913	42.9938769067722	1.5503649350512e-06
342520	14111	231.91911749936	0.759111363468982	36.4708835303954	1.85505909863366e-06
296887	17040	163.649970941837	2.50859483628004	44.1759433014292	1.51019103151083e-06
298729	17026	148.675048345184	1.10362378974386	33.0666755438003	1.36353986247015e-06
260880	29563	148.300408082042	1.27611284353122	39.4423678930093	1.5574305730451e-06
308582	36766	280.265370284535	0.577025599214295	39.1071358454383	2.48831859780114e-06
258239	20603	318.804390545215	0.392126619169952	39.7136167198415	3.38228031561943e-06
246776	24946	163.992588726037	0.429177210050191	28.1226585295899	1.82065826349798e-06
245883	24005	163.967888927142	2.6245121206277	46.6122749791903	1.82699533091378e-06
234529	28980	239.879760595893	1.70086810989532	44.4963245764978	2.80223266014178e-06
219139	34852	127.904287400567	1.37487478621839	33.7211742458924	1.59908873001626e-06
280604	12781	195.753249883469	0.600048646735835	36.2862963363865	1.91127094999836e-06
199502	29501	184.709344558368	0.732254197061305	33.2073360943823	2.53658108084154e-06
278381	38091	273.026655076953	0.334206678077197	35.2812515870171	2.68703048371671e-06
242339	8844	273.6331613865	0.11309971014247	30.4530822947221	3.09351732164278e-06
245826	4794	194.859552735649	0.947898742296699	35.5585936444367	2.17170595590721e-06
205065	14557	389.68417014892	1.02587186403108	48.035608169448	5.2062900222939e-06
342187	22647	271.590234107016	0.895097196211269	44.4425572613955	2.17449182221974e-06
324625	14919	197.20705097273	3.97418883175414	59.0096218402996	1.66436131023873e-06
223597	46176	200.961402166194	0.56274910845374	26.7672412598799	2.46237285838795e-06
302874	3516	255.028635903858	0.316754097203292	31.3982616319466	2.30692826560688e-06
165979	16036	220.739435926737	1.00779606132106	42.0192904959461	3.64362707259034e-06
342632	31810	222.363269352702	2.04279555870882	46.8022625837972	1.7780430216172e-06
239967	31337	201.527298991966	1.09359591430245	36.5276269439984	2.30085631057337e-06
356652	4251	179.350192230871	2.08662670515312	42.0750597134097	1.37773064408336e-06
353031	33698	226.966636512493	0.573977386998259	37.3946846373684	1.76139319607652e-06
234365	41495	118.573462731787	0.215926503123435	27.3384224706102	1.38612336315105e-06
499263	10741	97.8503949360044	0.535728392935757	27.3884516475135	5.3695802372151e-07
301079	11259	265.209040110511	0.491836752174833	39.5959188827393	2.41332045706214e-06
423249	28139	200.484459989445	3.54145916709778	63.6394096452525	1.29775260690933e-06
350558	7278	195.753249883469	0.600048646735835	36.2862963363865	1.5298760081166e-06
293572	25901	160.699198420742	3.99762219652133	52.5824628249686	1.49970629520248e-06
334504	32765	252.330284605534	1.6831350502341	44.4038217765527	2.06668933176984e-06
369948	23042	155.307112090646	0.802249054526932	31.9262996256015	1.15015877159667e-06
284679	15740	253.487133018048	1.67953604125744	48.7604542102769	2.43953820246614e-06
234365	41495	118.573462731787	0.215926503123435	27.3384224706102	1.38612336315105e-06
293374	6992	285.157942268588	1.44591391566562	46.4874766661448	2.66299888999126e-06
197802	24916	303.151269398213	1.46301299163303	52.6590428516797	4.19890305966978e-06
246114	35531	265.019671371185	0.593356580535743	36.2509507868623	2.95018280726779e-06
251870	7922	248.078759628179	0.271496986345966	31.7232499559261	2.69848665818776e-06
340429	22085	198.758735507615	0.741856262703609	33.8557718600244	1.59958311672267e-06
303637	10234	285.325803935987	0.43162655752479	35.1264714460629	2.57450353985671e-06
281726	34189	218.619378594924	0.148270099154079	24.932486990091	2.12602742249536e-06
239925	31460	210.461479650895	0.636842767607767	35.3859349481424	2.4032793313081e-06
428700	19120	208.865677487462	0.242003074749983	29.9988253702489	1.33481393245244e-06
215351	38953	168.555636734251	3.50563799523237	55.4356752623995	2.14438876543571e-06
349923	30467	240.973244077649	1.03967971812258	40.3375281881472	1.88670269946785e-06
239009	20904	171.29414021686	0.481660742828605	31.875954724417	1.96352026196824e-06
339662	4848	330.162114153801	0.615429715368396	47.7409392485305	2.66309960315747e-06
293904	23021	275.276039877435	0.444119399049877	36.1083706826515	2.56607916588769e-06
240161	13920	290.146100089254	0.537735186857549	37.6234596584801	3.30994966777428e-06
513832	24172	193.079745861264	1.32155815699883	40.9206575944609	1.02949136118294e-06
214689	25648	249.71401807969	0.414139690513575	31.7485879987273	3.18669328535173e-06
348939	6852	241.567301237062	0.895443412406841	43.56823125335	1.89668745129462e-06
256827	22288	239.342663456425	0.114901562713705	26.7111070631005	2.55321023310692e-06
280864	22189	144.860594290633	0.564902867796123	28.9097548712537	1.41306233807922e-06
287735	6255	187.149730956606	0.413473706001055	30.5421032651749	1.78198338374618e-06
422138	14471	216.419545671455	1.07323919730563	36.7340426283322	1.40458869401375e-06
215472	49699	184.448116538781	1.07353344480017	33.0586955229446	2.34525741435408e-06
211543	9688	234.765693100104	0.570725027407777	34.8510043123592	3.0404867082641e-06
320014	11766	182.864169278166	0.414335821114012	26.3139056582556	1.56554939486951e-06
228570	20068	216.946305016879	1.9515316023456	60.9955660023817	2.60040004551082e-06
314276	9088	144.367056940322	1.04474920262301	32.0189381170314	1.25853130177978e-06
291903	35676	219.449838237231	0.121403247648619	28.5081676324218	2.05969939852163e-06
388143	30863	198.792986439594	0.817517781858944	37.7524127127912	1.40318985274135e-06
281881	10180	173.501711263463	0.5785368867257	29.4520302067716	1.68633981767652e-06
345299	8946	125.087485386311	0.582836785350106	29.8286014926396	9.92488942668675e-07
263146	48491	197.791659617387	1.12646424287267	35.5127551904228	2.05929391993743e-06
214056	19865	195.537876733643	1.18706749243892	33.3626486433493	2.50271055344937e-06
251278	18199	305.765133016912	0.436865323360722	34.8680781433613	3.33380834453084e-06
266555	13964	357.348434256283	0.300138009321174	36.9844861200301	3.67292606096902e-06
219573	14907	249.157712577979	0.570132592133589	42.5497172198169	3.10886980674607e-06
272194	7305	207.981402592206	0.737550727638075	33.7106216561525	2.09340419662614e-06
246352	10661	192.619658390436	0.534913144906786	35.8849819236745	2.14215874634932e-06
220484	9660	200.690350397866	1.13443762204476	39.3588853330727	2.493770869689e-06
204942	5785	185.580493629761	1.34335611972906	37.0518471798136	2.48089561229366e-06
379854	11013	322.259762459636	0.250557436275272	36.0651154669324	2.32432318415371e-06
185747	24392	296.441584493246	0.279316088464988	37.3112633783331	4.37244598641717e-06
411396	6114	169.178719473343	1.71263017833171	36.9019688779805	1.12665981444364e-06
295313	4376	204.701632094201	0.660774450332138	33.7722696769303	1.8990914362022e-06
357814	18289	221.104568687904	0.443840501730064	31.4745425014981	1.69296322002687e-06
263734	29602	285.325803935987	0.43162655752479	35.1264714460629	2.96402637252486e-06
276097	19407	213.196858181452	1.35499954268774	36.0196198158136	2.11556438975812e-06
283292	12420	178.819648362286	0.563132693810385	28.9479943935376	1.72937056051064e-06
308052	20689	198.346607532352	2.4360149925262	52.0242211105375	1.76403776992954e-06
432436	28126	227.205100403702	1.7967676649493	42.9729257611249	1.43947249334799e-06
262623	14024	206.909665753732	0.882808706741669	31.5829939769539	2.15851542547898e-06
311559	18620	170.536502968105	3.72961325209138	64.0396467498355	1.49963023312768e-06
328286	17865	362.96570982368	2.27739521221326	51.2294337376541	3.02914715296009e-06
176050	48948	171.977480342367	3.15339209751287	52.225763774056	2.67634864538588e-06
240421	5123	198.832838270135	0.141499697688551	25.3635379608649	2.26580665628193e-06
321387	26119	196.898079548075	0.902325293279607	38.6182366336132	1.67849599791652e-06
339222	33683	189.21173305212	0.258410079810864	28.4237219532861	1.5281683078687e-06
267394	27740	199.345537697932	0.414309501155914	27.4060507200754	2.04249967492362e-06
387107	12160	229.139572371283	1.26620471634332	43.5361439115929	1.62172125622188e-06
298785	15515	202.851184860799	0.503052122361507	28.4151990887914	1.86005546078787e-06
277753	33976	217.631646383042	0.537387216148224	29.2684401302006	2.14669539476059e-06
259786	3590	171.540137053855	1.02032018683662	37.6635873783037	1.80907738765653e-06
219970	17744	119.758006222661	3.99085292692977	52.1234296921773	1.49158579186902e-06
198027	11023	175.967132497897	1.09213959038102	35.288566353689	2.43452525600525e-06
242414	17482	232.936142250653	0.816809049434321	36.2005144397037	2.63260872575686e-06
270497	10226	201.957422959675	0.245964787372702	26.092071516493	2.0455236402204e-06
243774	6653	158.612370660044	0.930367948942685	34.8797234624318	1.78261192811581e-06
231892	5752	254.90404111998	0.596926026993891	36.8366681747823	3.01160555752312e-06
333458	11567	274.408854914277	0.172851433765282	28.8507623787405	2.25457203592933e-06
200688	11117	188.712264365338	0.446871937504745	23.4376483223494	2.57623725569436e-06
324438	14394	313.994323828411	1.65320845459621	48.7657112053998	2.65153410342716e-06
228073	28255	181.365647015166	0.579634614397446	32.6969957054793	2.17865413092823e-06
355852	9092	205.587833646689	0.287112796046298	31.6554107292741	1.58283314062602e-06
221173	8551	482.087483009492	0.354976178347562	38.7825384889108	5.97173988092371e-06
230852	34328	208.238435535585	1.17348409732541	34.9185287317273	2.47135074307924e-06
264814	43288	243.03877378901	1.1484716902106	42.678379267736	2.51444279462742e-06
403135	11167	272.254894653899	0.979754244728108	38.2378833424015	1.85025815414089e-06
285569	9690	177.992072638162	0.375571576412011	23.834204679584	1.70764163504147e-06
321231	11876	207.723401838597	2.0076067403737	40.9869691362768	1.77163851096782e-06
397019	9517	189.274351525469	1.88791340861854	40.611423974683	1.30613362885168e-06
252195	7175	196.868985136461	0.860768356911412	38.9438248690559	2.13869062656138e-06
276502	26903	324.880436193658	1.18026420164622	50.3314698421573	3.21908480528871e-06
242804	11512	244.111439932857	1.09625367270623	43.855851386583	2.75447877946604e-06
225327	30045	188.090556470957	0.660558779513029	30.5301276748621	2.28697223622165e-06
227722	22521	125.034402458168	1.18710650697423	35.6831193631055	1.50429034847185e-06
253371	20500	172.707544113951	2.42370401422588	47.8016878871893	1.867503991131e-06
206341	48162	211.306883971412	3.09614573421973	52.0684690344834	2.8056613556428e-06
270236	29023	353.97183131742	1.04432253726115	50.7032474769835	3.5886626475592e-06
217777	43037	128.96755100341	1.49674802923026	39.41573514499	1.62246589940042e-06
407322	15058	132.437167728118	0.34985229820157	29.2772459395184	8.90797834193835e-07
208097	7487	163.693781627836	1.13253559593082	38.5905662660456	2.15513012705068e-06
346114	20426	333.157295617878	1.03035010025592	50.1437456107671	2.63716496305143e-06
249021	17201	231.926304303906	1.69327494901054	44.1307847359374	2.5516503922941e-06
240292	21836	180.693323302691	1.61566716499231	37.5920367559092	2.06020259030384e-06
296352	19407	281.755835471359	0.525666878886512	35.3200477017631	2.60478686093545e-06
227550	29195	153.104192524621	0.212546902571236	26.7083666114382	1.84339064453239e-06
300725	29474	138.16155670214	1.36817125467844	38.3273627758429	1.25870749981736e-06
290160	16908	147.903584118135	0.310796605510647	28.9955372102297	1.39652363852287e-06
338967	19336	160.699198420742	3.99762219652133	52.5824628249686	1.29886324183529e-06
197241	15318	200.924701929826	0.677992623904905	25.6523635489333	2.79089355369411e-06
223324	9989	285.057959514301	2.40346976300707	48.3707126657972	3.49707470311335e-06
257336	10212	318.804390545215	0.392126619169952	39.7136167198415	3.39414884207902e-06
293473	17724	304.344510010575	1.2032040238165	49.8436287455812	2.84121733642086e-06
158004	17100	242.787458326875	1.10449378923154	40.8188652233444	4.20983721110711e-06
245466	12127	195.362124787996	0.623174817792062	30.7241389402155	2.180500346481e-06
314485	19645	180.318095585595	0.596929646844082	37.0007823252149	1.57089266479025e-06
343451	12408	356.876364571271	0.353102316155653	33.7883253613782	2.84682084075698e-06
196037	24341	285.157942268588	1.44591391566562	46.4874766661448	3.98524072676227e-06
261052	22382	146.884183975093	0.718385227084682	28.1008154872274	1.54154123258803e-06
340759	5663	248.622556050884	0.395955870604594	30.7382247587875	1.99894261871481e-06
198393	6483	178.030416815316	0.373809676239082	27.2040570608651	2.45852709832153e-06
394909	9845	158.1815166804	1.63749599752317	36.8155655253631	1.0974022326725e-06
230495	32083	136.47523605396	0.883927982933379	30.5427344494842	1.62218163653103e-06
238405	17843	177.814836571838	2.18635409288723	45.4752389855005	2.04343002794931e-06
244250	10827	219.271034206246	0.7537972054474	39.9355360386034	2.45953964982259e-06
308573	23869	191.608848430259	0.483804214244665	32.5580837125193	1.70123681956619e-06
291312	31744	263.623603958914	0.252838103227799	31.6882055402496	2.47932268221873e-06
285396	21451	179.342803984877	0.528868161416183	28.5482176370065	1.72164342844249e-06
364853	4826	224.399272710465	1.58018399154475	40.642775134285	1.68504172358149e-06
259106	32970	215.605026277596	1.42158141542912	42.6811960583842	2.27975694167792e-06
301157	7375	212.705299809576	0.526367302194366	31.8912317601366	1.93505130564335e-06
250046	26181	241.990592643127	0.620573282268611	36.2977283397391	2.65146383085378e-06
202925	23304	142.441389931784	3.35911722532009	47.2957038067402	1.92312619625355e-06
343507	11997	305.539111845918	0.478412810703519	35.104599867568	2.43690363547789e-06
281683	10569	145.458910766161	3.99219829826515	43.131721325113	1.41477321578834e-06
262032	38269	249.186485329639	0.493198199476154	44.2186151069981	2.60541727549787e-06
355541	29674	229.964674776807	0.527892236108211	30.413455921004	1.77206061992278e-06
199768	16574	231.91911749936	0.759111363468982	36.4708835303954	3.18066378230748e-06
293687	11466	182.764047941941	0.283850273034218	27.4078749285033	1.704956021271e-06
312550	8971	196.192918336487	1.04862727889449	35.1786503471738	1.71977233964965e-06
312855	6240	216.551972159598	0.276036491887481	30.0125283328767	1.89638354640283e-06
264219	21948	262.008444492856	0.658180014015258	42.9331123520147	2.71680444924456e-06
233870	8255	113.964589945724	1.44493510298352	30.5710103366138	1.33506543496796e-06
266192	24306	154.186901894828	1.51051835146343	33.9312956858337	1.58693675318946e-06
242926	43659	259.655551111822	0.650088332091063	35.9964644712211	2.92840235931616e-06
199135	16858	137.349773444103	0.942851186502022	29.9186549582596	1.88967659709205e-06
206799	22942	275.119512894215	0.275582686431088	34.673717580844	3.64485365074849e-06
294320	10561	203.065444280013	0.369107928220549	30.9873774498669	1.89026801766424e-06
358810	23530	260.959547005137	0.511061755486031	35.8252003580731	1.99258009260548e-06
207725	5333	161.017220011381	2.92071843342347	49.4570047538591	2.12368789757772e-06
267721	13490	265.14688497544	1.38051352932417	48.3727187120368	2.71338379077667e-06
256167	48020	210.046280478144	0.65165042048639	33.5407594197848	2.24646133804884e-06
367498	22488	348.113836977585	0.350512757934986	41.0399610550554	2.59521559209742e-06
337253	19875	156.390294851616	0.585849385977945	28.8993961600528	1.27046034056718e-06
340399	32411	205.563427893276	1.05724281852775	35.3844962324033	1.65449215091762e-06
301079	30894	233.888772550977	0.391101971768259	32.0986166517012	2.12831568350469e-06
316850	22668	231.805907429272	0.897080804938591	35.8634323822717	2.00437013693677e-06
239967	31337	201.527298991966	1.09359591430245	36.5276269439984	2.30085631057337e-06
305456	25283	405.125501265749	0.305953455746724	35.578786048003	3.63369153063006e-06
210678	45161	133.800754922734	0.67052934281196	31.7088925116239	1.73998903894672e-06
351500	17559	154.006036743761	0.234447766452356	25.1916143623911	1.20038221121815e-06
406753	14208	132.203269321957	0.388483570753738	23.8388622448674	8.90468510050019e-07
197151	28920	183.739682064688	0.561635059641714	32.2090175197818	2.55335448066874e-06
314492	19212	241.391894118866	0.240460811021818	28.0825006197406	2.10290772140525e-06
245758	29945	189.10979633409	1.47342578132226	45.2424190436749	2.10820820096315e-06
392099	7780	236.719154601432	0.116449127460363	29.3428568957611	1.6540354069891e-06
287921	11921	154.081209187255	0.747500514838934	33.4137010477018	1.46616710536281e-06
337484	32103	262.179201164833	0.949949778394445	44.5447747716749	2.12839477211813e-06
211543	9688	234.765693100104	0.570725027407777	34.8510043123592	3.0404867082641e-06
217793	3956	196.232731689208	0.602850735774663	31.3478815143644	2.46850873277004e-06
250151	17044	178.090282228627	1.96604489138223	44.9758901196845	1.95049622607262e-06
303995	3223	268.660054694285	0.443858179547475	35.3337066992127	2.42127319320352e-06
384047	9280	194.481637620499	0.77052016291697	39.2483475003476	1.38739894971116e-06
324404	20128	214.232459258844	0.437779581664482	29.5926340064837	1.80928177379064e-06
406433	5725	316.1852685854	1.02000328492075	41.0193608470212	2.13137469108811e-06
215979	8977	129.844048283522	0.499536804325492	26.2327317743287	1.64709123843055e-06
326812	24323	324.880436193658	1.18026420164622	50.3314698421573	2.72353336729355e-06
261843	37633	266.077907289478	1.93588418406774	50.7453737071763	2.78403687674056e-06
244604	22993	198.993813221665	0.158392134635052	27.3288156528244	2.2288618721461e-06
264101	43744	196.91021252258	3.95404146315458	60.719717294729	2.04270348960602e-06
239603	28990	229.92697350329	0.876292195011673	36.4467788960247	2.62908608701746e-06
364352	6885	298.375493846337	0.374089644258842	33.9224905772085	2.24361910028851e-06
266138	25125	205.563427893276	1.05724281852775	35.3844962324033	2.11614829028627e-06
226061	5659	239.342663456425	0.114901562713705	26.7111070631005	2.90069195720691e-06
313489	25246	158.1815166804	1.63749599752317	36.8155655253631	1.38242177014972e-06
204904	37934	152.512574766579	1.64545559961214	34.6116929832108	2.03921187772502e-06
252973	10881	166.027295276057	3.35836928535681	45.7760717310678	1.7980942714289e-06
177281	13901	226.839523089161	0.380564604392469	30.5076732672058	3.50561055865973e-06
263207	19335	227.24946460899	0.141243325671084	29.5024949118221	2.36544344527821e-06
281582	31034	195.537876733643	1.18706749243892	33.3626486433493	1.90253713031784e-06
254466	17176	175.973239047269	1.25165894736649	37.1339288733513	1.89462821415514e-06
226970	43352	278.253394346917	0.365283349894263	32.5295297884896	3.35876136363344e-06
228394	41027	375.471665118377	0.590989019726665	47.346625252462	4.50401277386887e-06
302842	30009	164.047414001768	2.27462519408764	45.0407095743381	1.48409061447176e-06
224658	21153	247.957881358246	0.427148696241024	33.6616140129552	3.02387033293036e-06
235990	32974	165.246122879334	3.93739022284294	60.1095548844041	1.91842494927326e-06
330469	13156	251.830016483604	0.102676268049156	28.3373595383972	2.08777601118414e-06
296513	6622	177.191495199305	0.528249404070161	34.1605300371006	1.63721709075478e-06
395409	20806	272.559991927206	0.799394829441607	44.8951392300299	1.88852480320416e-06
208271	4373	208.614874153554	0.345755341034158	28.7999775801869	2.74424956148814e-06
183134	45054	236.917784813966	3.84758305858503	70.1123006002573	3.54434360308914e-06
285597	11583	239.879760595893	1.70086810989532	44.4963245764978	2.30116150922591e-06
180264	31366	203.34152071215	1.17094923403712	34.1132597656542	3.09046762939698e-06
298121	21150	351.077783374002	1.07761312468402	42.0016769576273	3.22639780743621e-06
438178	20752	171.325868779811	0.403130283288024	24.7331647753203	1.07122206469174e-06
293687	10409	167.651444411081	0.594239726553807	31.0889142679088	1.5639746593611e-06
339509	27112	185.386540659294	0.518999351215395	32.9977252170042	1.49600844329137e-06
238544	31188	239.884545777658	0.246280869813875	28.8763406944269	2.75512246645239e-06
189462	38681	265.795059054523	0.482215925353861	37.0644579432608	3.84354456959849e-06
236187	13701	238.604376720383	0.114782080391796	23.8643708131425	2.76776715548161e-06
206341	21517	295.825520117212	0.645392792265966	43.8699664807326	3.92787122788713e-06
284361	15551	265.955882607443	2.8791210129503	52.4417738166144	2.56239868940896e-06
242772	11472	191.099193807266	1.0070896071289	36.6088155032063	2.15658904275781e-06
342915	21965	163.51232966911	0.944402096668577	33.0923723349563	1.30638492161271e-06
321413	21850	144.604801663529	1.53029684958023	35.8161294348179	1.23261205615264e-06
438178	11682	243.375495910629	2.11349659924189	45.386002365571	1.52171533161653e-06
298548	22797	286.12644321808	0.68549930358909	39.863692390234	2.62573543822494e-06
257223	26271	178.819648362286	0.563132693810385	28.9479943935376	1.90463856198e-06
227456	20073	153.203663883246	1.72525452282643	36.3427861832858	1.84535059718605e-06
293857	8479	222.112821446228	0.565208110883136	36.6441396240168	2.07083131569053e-06
263750	20842	158.612370660044	0.930367948942685	34.8797234624318	1.64759977313556e-06
263831	15822	249.71401807969	0.414139690513575	31.7485879987273	2.59312967293031e-06
217568	19546	284.613601017743	0.674536089849977	38.2330697045916	3.58399806248883e-06
251466	6308	263.623603958914	0.252838103227799	31.6882055402496	2.87218331385756e-06
365706	36271	136.081108385002	0.651573039738108	25.738094816065	1.01946633218886e-06
243056	25713	279.614136713136	1.32677002142925	46.9628650264081	3.15180916324302e-06
352360	10727	312.185088503171	0.277780882964477	33.8834594984483	2.42735160726943e-06
273332	16937	316.232454729375	0.104918759337747	32.6506801455374	3.16973602406522e-06
185201	23704	160.998800323023	1.9881865263331	42.7279274078289	2.3816966626785e-06
284922	20590	191.831318050059	1.22312754656058	36.0893933951238	1.84459344989741e-06
218282	16646	198.436663002651	0.45417216776399	32.8667126895722	2.49064096177524e-06
217568	24010	334.533788291907	0.89315016251218	52.7763395671715	4.21261824729346e-06
285360	41817	157.013939981656	0.911117466130898	29.9058633048595	1.50748240128937e-06
313931	23110	166.99664210272	3.30736905102726	48.512004051227	1.4574063945796e-06
309404	10793	229.471321776901	1.69493172272031	47.2852795725597	2.03193414698397e-06
263734	29602	285.325803935987	0.43162655752479	35.1264714460629	2.96402637252486e-06
276097	19407	213.196858181452	1.35499954268774	36.0196198158136	2.11556438975812e-06
177982	28771	248.180868288154	0.341116323679602	30.8562565371896	3.82031657331138e-06
207389	20187	182.342050921196	0.664842087582968	32.1893273200664	2.40884165890089e-06
289070	11166	141.612892198366	0.544020886528074	31.0174928710184	1.34216807891122e-06
255347	20812	280.165120283047	3.02284982691951	56.419359411096	3.00601014309292e-06
392847	24392	156.005411047361	0.346943776193126	24.786963901311	1.08798612452498e-06
264871	13431	357.82069522734	1.49921367135958	53.2039950748035	3.70116272395138e-06
295412	15582	349.974255435006	1.22082333879136	50.4206886930938	3.24575026246145e-06
206197	17348	122.930778932706	0.985342554745955	32.5877916555688	1.63337320431506e-06
183166	41699	246.095054517332	0.442641836250659	35.514256778389	3.68099443168974e-06
394135	16633	103.782741754602	0.548440408721308	27.2494800628133	7.21418495641675e-07
272551	9569	219.449838237231	0.121403247648619	28.5081676324218	2.20594469852123e-06
217651	24517	161.274121218058	0.427757399863877	25.0859426726352	2.03007065185427e-06
245649	28058	209.486786598949	0.569833129841361	39.2939473854056	2.33640845939107e-06
251870	29233	243.233222862022	0.955545243103368	36.3465017699037	2.64577913766149e-06
354831	25626	396.78103663828	1.34472260584763	48.0577740057413	3.06363123079878e-06
297303	10302	241.737360342532	0.325088238855816	33.2623059428941	2.22767391491087e-06
290156	24564	228.450325260901	0.566089104310067	32.3960357026297	2.15708550601973e-06
328190	10101	194.471399688461	0.697527503846799	33.5407062644884	1.6234448194974e-06
302077	29022	193.094538713739	0.670408662953281	33.3526535001682	1.75129564138382e-06
289238	11923	179.967006663103	0.478092390870597	29.1172651078451	1.704687116588e-06
207164	7032	190.093178070746	0.721194608401666	35.3279173273413	2.5139658801292e-06
269940	14168	128.96755100341	1.49674802923026	39.41573514499	1.30894182475263e-06
363438	13911	191.821982757963	1.07265599014574	37.8349280247915	1.44602292217363e-06
312550	3445	210.046280478144	0.65165042048639	33.5407594197848	1.84120704394163e-06
337287	16540	225.012280616484	0.99983490418056	39.070195760244	1.82773721397207e-06
291040	29398	184.965783558778	1.24553005799069	37.3317469764371	1.74118874173279e-06
342364	11037	263.623603958914	0.252838103227799	31.6882055402496	2.10961564067047e-06
217008	17954	325.429672710378	1.29876896416688	48.5562635709867	4.10854965905402e-06
236509	6681	285.157942268588	1.44591391566562	46.4874766661448	3.3032765617896e-06
218731	19798	196.868985136461	0.860768356911412	38.9438248690559	2.46589227208602e-06
216636	5160	147.761574615697	0.399339603888795	29.8250787428346	1.86869325423211e-06
363888	24808	125.087485386311	0.582836785350106	29.8286014926396	9.41788240927293e-07
327921	15990	356.876364571271	0.353102316155653	33.7883253613782	2.98164333659273e-06
326498	15614	180.19177888138	2.52728044116183	44.9499540545124	1.51203409063556e-06
367057	7575	287.947348635899	0.654265776821564	39.6276687009067	2.14924887845159e-06
219573	41031	203.003976480597	0.418010206535669	30.8886595776324	2.53298574063766e-06
297528	12432	364.466867590785	0.980660820869675	47.9955873086911	3.35611896447536e-06
251728	26567	260.414756752572	0.278524692540738	35.164261646964	2.83426987460016e-06
341012	4630	190.706429271534	1.72746349179183	40.2767564823456	1.53215537244207e-06
296752	11847	143.621384741567	2.13750594448477	39.6479488920172	1.32596661814346e-06
272094	19917	184.428988815545	0.759639466054731	34.1051428013984	1.85702331129869e-06
299300	7948	215.611136220054	0.95000750305317	37.6018493574693	1.97365667122879e-06
204968	7315	185.661838576335	1.06990820444949	33.1191642124814	2.48166821865859e-06
264543	32853	214.643432036122	0.681493541017487	38.5798761046952	2.22294370805214e-06
306847	13926	328.721683123225	1.25593396495948	48.5917672590113	2.93503717169317e-06
325152	14831	215.559586429487	0.455711191031351	35.8424502242622	1.81630194307848e-06
218943	19095	265.209040110511	0.491836752174833	39.5959188827393	3.31867248503862e-06
201261	8085	202.362456386436	1.08684947557443	34.9134177577617	2.75471993446302e-06
238636	39269	159.361401332348	0.96648203945653	31.3041924105007	1.82959226182443e-06
210973	21878	268.41233821297	0.912191619268296	45.9547633968462	3.48564161801098e-06
382124	10206	159.555160765499	1.90694170780666	40.9343314989802	1.14396747326729e-06
279300	13271	229.586232119584	0.375866976861744	28.0604619742129	2.2520708044042e-06
185479	15341	128.288130253971	0.398801542952105	22.323235593174	1.89495484374476e-06
427330	28224	221.64502413817	0.559621577685654	34.9127206237504	1.42102506604834e-06
311141	23466	251.559172922801	0.536365374175152	34.7886250661179	2.21508323714048e-06
345975	4656	246.752540798009	0.24084796508944	29.9478600285976	1.95399771183094e-06
251028	21793	244.622445590757	0.527707937725771	34.9274585679309	2.66981564236088e-06
417814	11795	208.614874153554	0.345755341034158	28.7999775801869	1.36794746088139e-06
295708	16324	128.559002646489	1.67228607700395	33.6262024724602	1.19109542388714e-06
275330	19155	388.068001195148	0.896725327170487	45.2434941502006	3.86154797252162e-06
191798	7004	208.238435535585	1.17348409732541	34.9185287317273	2.97456835702838e-06
244959	32564	179.164444186032	3.98018338611001	59.4777719767269	2.00385162790767e-06
498799	23464	227.377156528444	1.05765143800008	41.562664057684	1.2489020903742e-06
329083	6674	137.568529072556	0.489301860435516	23.5307847158479	1.14530401038899e-06
227236	6717	196.212373555058	0.60735680773911	31.9586053786212	2.36568213982902e-06
331405	16303	359.828277039796	0.659159854796124	43.2343614013586	2.97470133522259e-06
235999	5608	172.287273072325	1.1248034074737	40.0122325726892	2.00009290812905e-06
221528	17601	170.487335424803	0.162293383362159	24.5507489590466	2.10848556482675e-06
273856	18777	231.294227207829	0.749490692048287	34.0256978814341	2.3139270794433e-06
286919	12412	277.453098653743	0.758870155244825	43.6289651695613	2.64933823052387e-06
300751	17252	188.937909893686	0.728515741931248	29.2214454389259	1.72115174778395e-06
238941	11148	305.539111845918	0.478412810703519	35.104599867568	3.50334792736326e-06
205195	18900	145.696103041102	0.704645021372412	28.2267244218191	1.94530766145403e-06
407439	29614	277.413847738278	1.62456962609634	57.4966043837922	1.86540301495188e-06
244386	31945	202.851184860799	0.503052122361507	28.4151990887914	2.27409373225759e-06
239210	31146	171.977480342367	3.15339209751287	52.225763774056	1.96969683132053e-06
268448	6205	250.815073950374	0.781273150361727	42.0786299212686	2.55976794822613e-06
325997	14605	204.753258716656	0.295222649164768	29.6575327632615	1.72077605652944e-06
326828	23663	166.027295276057	3.35836928535681	45.7760717310678	1.39176968352217e-06
516004	29520	173.845261475043	0.869543041701591	37.4705341887634	9.23032355568673e-07
194498	40601	185.274383670191	0.430349143333549	30.3689356356983	2.60980087790727e-06
201341	43899	153.104192524621	0.212546902571236	26.7083666114382	2.08334885176564e-06
229580	19786	189.422831859108	0.225939884278117	23.9745912160534	2.26050467213038e-06
306130	27767	362.96570982368	2.27739521221326	51.2294337376541	3.2483801073291e-06
365232	12679	247.022664823373	0.694584518530479	40.1286504711094	1.85299870814612e-06
267342	4337	190.125835082713	1.83878050534485	41.2485701944619	1.94841326412142e-06
276925	35343	167.824100382335	0.787479776959786	30.596990972625	1.66034867145261e-06
286310	28573	169.539786686484	0.315897913462444	25.5857246657878	1.62234140010597e-06
314526	6079	201.674382925193	0.802425209360459	34.8430718311812	1.7567150440963e-06
266527	7767	216.598189058286	1.02422922591719	39.6316841722969	2.22648998431716e-06
185122	20275	184.448116538781	1.07353344480017	33.0586955229446	2.72975284183242e-06
238819	3709	189.725839901896	0.727398393697463	36.2855165752102	2.17653043371352e-06
343788	7954	171.939145329881	0.335355101722283	27.3130869479068	1.37022278726632e-06
235214	26359	212.096014563523	1.58692234554677	41.7527693137969	2.47045231749348e-06
216030	38013	119.758006222661	3.99085292692977	52.1234296921773	1.51878964327838e-06
287071	25483	273.286863806837	0.504827771011803	32.5978485606777	2.60817405351764e-06
219024	47142	104.772301700182	0.761065392489941	31.306791643503	1.31057510555148e-06
320014	11766	182.864169278166	0.414335821114012	26.3139056582556	1.56554939486951e-06
391326	26728	275.276039877435	0.444119399049877	36.1083706826515	1.92724462767885e-06
210403	23295	293.265913975834	0.465472979682506	31.6616585096896	3.81871103296074e-06
236859	20895	198.758735507615	0.741856262703609	33.8557718600244	2.299023810971e-06
231366	9321	223.51431822426	0.164328389580214	29.4197839164953	2.6467501496977e-06
291783	15223	185.580493629761	1.34335611972906	37.0518471798136	1.74252683869412e-06
270756	21208	164.681855033783	0.153973812769634	27.4483686182852	1.66638288524028e-06
174379	15081	324.880436193658	1.18026420164622	50.3314698421573	5.10430376841214e-06
379854	24004	198.910520817851	1.63131779260773	38.1955913120544	1.43465734468457e-06
358728	23356	218.619378594924	0.148270099154079	24.932486990091	1.66966950343973e-06
234757	33889	232.187409449236	0.224451609450171	29.1476596905192	2.70973768152607e-06
274533	14979	231.91911749936	0.759111363468982	36.4708835303954	2.31445706878226e-06
300687	19803	94.732447604211	0.651400909457528	26.7080013202537	8.63159871694833e-07
324875	9687	274.722071293427	0.251598998832837	31.0985403307575	2.31677786540389e-06
295374	18527	251.559172922801	0.536365374175152	34.7886250661179	2.33332389948718e-06
363945	7436	228.513443000035	0.205328080320343	29.3361736605086	1.72021659151068e-06
337484	8490	194.471399688461	0.697527503846799	33.5407062644884	1.57873663732459e-06
332261	17464	166.681750505054	0.14270836022541	22.9928204325057	1.37440846247628e-06
278428	11813	262.310447715897	0.569956506372371	34.7750997035798	2.58112963087574e-06
178748	45280	147.097092626801	3.47896517041409	51.6722514875729	2.25460275485103e-06
283767	27011	164.061544165412	0.175408547166995	27.2703180799958	1.58398856331062e-06
281000	38769	175.929714167439	0.830436040137039	34.5895827038852	1.71529970426012e-06
184292	12421	175.929714167439	0.830436040137039	34.5895827038852	2.61541041877614e-06
279090	10041	237.889193031483	0.79156415090076	41.1060394998665	2.33527254213653e-06
146731	12247	242.398973429836	1.87621930749969	46.1693193620771	4.52601547403138e-06
259207	30021	196.189848760746	1.05300476031349	36.2002962188879	2.07365709630121e-06
222866	22679	203.34152071215	1.17094923403712	34.1132597656542	2.4997085995424e-06
239737	12248	212.582666836033	0.21504737791117	31.1825850116011	2.4294049950746e-06
234757	9202	165.246122879334	3.93739022284294	60.1095548844041	1.92850097666522e-06
207164	7032	190.093178070746	0.721194608401666	35.3279173273413	2.5139658801292e-06
333890	569	375.471665118377	0.590989019726665	47.346625252462	3.08092333844981e-06
293204	8718	181.084882177051	0.347144794639258	25.2030254492166	1.69207434028401e-06
178381	14415	456.777408319054	1.41097487693461	60.416395649931	7.01557315128168e-06
334386	16144	263.623603958914	0.252838103227799	31.6882055402496	2.15994823109372e-06
228750	7126	265.019671371185	0.593356580535743	36.2509507868623	3.1741258641657e-06
310972	31291	179.238797972492	0.668154052762241	31.2772630644521	1.57912995357986e-06
218386	21216	180.318095585595	0.596929646844082	37.0007823252149	2.26215132694661e-06
408244	21082	227.998629667979	0.397707115055735	35.1826636389374	1.53009910718166e-06
335159	24723	237.889193031483	0.79156415090076	41.1060394998665	1.94460305044735e-06
286036	36807	226.155395018927	0.251061394379272	30.075646232367	2.1661742646718e-06
335818	15420	132.5113280992	0.754951026905352	30.9563668827729	1.08107586406433e-06
287071	25483	273.286863806837	0.504827771011803	32.5978485606777	2.60817405351764e-06
336394	9256	194.715575645591	0.343721264618172	27.7523178064751	1.58584080136942e-06
261706	43993	166.219805893228	0.212352296007273	24.6795901104133	1.74010809257181e-06
262239	7576	187.08232451297	1.68897997934929	45.7389228193391	1.9545312243189e-06
326181	7225	104.121590545481	0.678869797185934	26.5150204679242	8.74559314096942e-07
211913	44661	166.99664210272	3.30736905102726	48.512004051227	2.15902302764232e-06
334502	6231	228.450325260901	0.566089104310067	32.3960357026297	1.87111378133661e-06
282836	22918	210.154889106361	0.522303106428483	38.8816586261433	2.03569142354397e-06
268108	10996	161.668646771462	2.12259247027436	37.9431997120049	1.65204991784605e-06
277043	43043	243.600116740343	0.321713353492516	34.7735466676858	2.4090035846801e-06
347107	31447	286.153345975985	1.27002160416355	42.1246779323631	2.2586169964801e-06
220214	27152	232.013259718752	1.18662328470098	40.5793721313721	2.88652295654566e-06
239468	22299	154.006036743761	0.234447766452356	25.1916143623911	1.76196547030576e-06
337253	19875	156.390294851616	0.585849385977945	28.8993961600528	1.27046034056718e-06
249366	15581	236.46547952578	1.45269717883736	49.0184242581858	2.5979910205792e-06
203097	31414	213.411136181587	1.24397406595012	37.0897674111207	2.87886105817966e-06
247139	7765	214.066633868933	0.7043092751311	34.3801298498902	2.37309339443809e-06
224610	14477	165.246122879334	3.93739022284294	60.1095548844041	2.01562309683005e-06
215506	41358	154.293633578936	1.93847338868444	40.6599188600242	1.96153371032782e-06
264912	47096	229.422842092508	2.15046842210523	47.2277537251382	2.37269633599194e-06
278675	30443	175.809510267197	3.83769671322686	52.8816431780077	1.72842878314526e-06
223737	45629	266.385755019456	0.463216208659322	37.6630154667964	3.26197270167506e-06
201124	31748	112.785483769416	0.620455866807868	27.4313983453732	1.53637221512927e-06
190984	6944	265.209040110511	0.491836752174833	39.5959188827393	3.80450775924586e-06
294281	11237	349.765704716152	2.40853739051737	57.497477079161	3.25628295643207e-06
310210	41841	153.030709576251	0.615065005004291	29.3260562620255	1.35154320627035e-06
226671	7817	134.76900629123	1.18155322344417	31.9515040813671	1.62892542152524e-06
357880	12020	224.572918405351	2.01547475068676	50.3258755983197	1.7192027204753e-06
334647	32481	266.386552933797	0.271698613865134	30.6042257389626	2.18088365478059e-06
326495	25075	164.940788964364	1.74545585074398	37.9171620034294	1.38407195364433e-06
305343	9245	348.113836977585	0.350512757934986	41.0399610550554	3.12349239925139e-06
257568	48636	194.755689849407	0.498810295786068	35.943239663329	2.07159752944515e-06
211326	48973	150.946449438759	0.559996254731585	30.4582673550865	1.95693817263646e-06
264692	8850	312.185088503171	0.277780882964477	33.8834594984483	3.23130888858543e-06
339509	25751	168.882590220541	3.63549973455052	52.3494370701845	1.36282698839054e-06
229027	14567	145.696103041102	0.704645021372412	28.2267244218191	1.74288361456099e-06
225672	30165	229.586232119584	0.375866976861744	28.0604619742129	2.78724598386195e-06
308048	21635	198.910520817851	1.63131779260773	38.1955913120544	1.76907602389177e-06
316950	15004	178.819648362286	0.563132693810385	28.9479943935376	1.54572281062685e-06
331405	16303	359.828277039796	0.659159854796124	43.2343614013586	2.97470133522259e-06
272194	12685	125.034402458168	1.18710650697423	35.6831193631055	1.25851417273969e-06
299927	21548	177.678588044935	0.919360706243907	35.5984411779659	1.62303044466788e-06
280061	6653	226.411493419532	0.836620769933754	36.8399324190871	2.21489411743647e-06
250534	14903	298.375493846337	0.374089644258842	33.9224905772085	3.26289887371902e-06
303699	5738	215.695703435552	1.24955239665147	40.2030283391641	1.94583167116172e-06
260924	20202	230.916725999867	0.767396155462341	38.5892788058076	2.4246468871518e-06
323189	19376	239.702823588371	0.157326883103285	26.7632512000449	2.03200005144257e-06
334171	10196	212.56812996456	0.823017594389261	33.7626154596767	1.74275576952838e-06
283988	44363	209.640133376238	0.509888390422194	28.8710580551158	2.02246760355336e-06
297397	9915	191.427651518707	1.32006170308008	37.7551190640835	1.76349902396236e-06
240669	30202	293.485875326725	0.626386477043095	36.2853851495362	3.3409823920243e-06
219621	22517	243.675093784017	0.618076189493434	36.3987055618495	3.03979581491997e-06
225396	33180	207.824379919988	0.459075070379376	30.9818038648285	2.52614005037573e-06
263365	22521	291.472591739324	2.30780640293073	48.0022201488725	3.03212289355519e-06
256488	22413	181.788441917658	0.740816682538509	31.766257237968	1.94180829435218e-06
282814	34487	148.16103759635	0.430321008900888	29.6018741679178	1.43529192666878e-06
340670	20523	121.444320998247	0.66427508143099	29.8071970409726	9.76675865554598e-07
249566	15425	239.790496810131	0.780735946205547	40.0298474977276	2.632410926301e-06
323921	9413	155.585433132164	0.520976061595011	33.1748999005821	1.31594265464748e-06
244725	48879	122.930778932706	0.985342554745955	32.5877916555688	1.37622496520647e-06
228695	7110	197.791659617387	1.12646424287267	35.5127551904228	2.3695094245867e-06
294104	28266	247.957881358246	0.427148696241024	33.6616140129552	2.30985182539329e-06
236579	28250	208.133845523491	1.20347152656265	35.1744435152253	2.41031416044107e-06
362078	11142	232.043411846929	0.237985294040808	34.257999420579	1.75579674800207e-06
210159	27704	171.29414021686	0.481660742828605	31.875954724417	2.23306646059777e-06
207636	20330	141.489684613955	0.842663333135899	33.5609774176828	1.86693526914929e-06
309390	6874	356.082865780741	0.336913642748267	37.1755397129469	3.15320306179806e-06
228567	26041	167.824100382335	0.787479776959786	30.596990972625	2.01162921962494e-06
221242	2632	207.723401838597	2.0076067403737	40.9869691362768	2.57231995062739e-06
375901	18638	204.115706169496	1.05766302569417	36.8210495222883	1.487681897077e-06
297973	9893	192.551278955302	1.45488023284491	36.6264712173788	1.77042131522813e-06
279762	42553	168.738730484954	1.66755809920068	39.0866569698672	1.6524684972927e-06
330277	15480	406.938213032531	1.01192678536476	54.0091493473379	3.3756489667393e-06
288545	28129	163.5704510838	0.917026602058231	36.9797017054209	1.55309647419778e-06
343594	29739	239.750152994724	0.194491936098224	32.103089820095	1.91170315614394e-06
335219	16557	158.645346299301	0.369946953453494	29.5179575338944	1.29659948983097e-06
335939	11265	110.697379895981	1.16749209733432	31.3809859883389	9.02784412841919e-07
360006	33268	197.044097488008	0.671071311591217	32.6205652063142	1.49954956982078e-06
174484	29720	148.042872206376	1.28284054621825	36.7680714314924	2.32455073333059e-06
242292	41246	182.971400556889	0.344058869057705	28.2253671940997	2.06895608759282e-06
257007	31202	311.278785930062	1.81008973278745	56.497159524701	3.31826989766509e-06
186263	48722	185.519113956056	0.849880410599763	34.1064312533393	2.72878427323239e-06
207242	4739	171.939145329881	0.335355101722283	27.3130869479068	2.27302453937288e-06
513832	9179	257.832086691919	0.809146004454361	38.3541538987999	1.37474754123526e-06
193774	33701	222.112821446228	0.565208110883136	36.6441396240168	3.14040210727379e-06
227324	7784	111.81033600454	0.140570580311391	22.2093476910015	1.34754661929084e-06
271902	41762	264.740767433022	2.59904659620518	58.2127674575258	2.66756835569203e-06
220828	25103	279.254390485394	0.464882754527822	37.8859613413633	3.46459924410759e-06
212352	14534	344.786197238798	0.329446324375387	40.4101589014657	4.44836742042675e-06
267640	19548	254.90404111998	0.596926026993891	36.8366681747823	2.60935299635761e-06
347778	19356	341.218776809076	1.81298226135042	60.7240632699464	2.68805376953252e-06
246550	37312	250.815073950374	0.781273150361727	42.0786299212686	2.78712060906675e-06
300080	15985	241.391894118866	0.240460811021818	28.0825006197406	2.2039044758737e-06
255578	10085	248.401599601797	0.366176653290703	32.2581442089908	2.66279698438894e-06
215043	13153	159.858165942661	1.65202681829127	36.7993273328838	2.03665117174285e-06
296160	49117	69.8742341498851	1.06875444435143	27.4235811576011	6.46394712131587e-07
228463	30857	180.062600934355	0.957445265832595	38.1131472123069	2.15930892241063e-06
147828	23423	182.764047941941	0.283850273034218	27.4078749285033	3.38720282368033e-06
277864	17322	169.709867673285	2.94451722599561	43.3220757219335	1.67333134760402e-06
226692	11328	178.49486556376	1.80429557876834	38.9633757213579	2.15723108421033e-06
179578	20677	156.893023996155	1.14545782538807	40.3282819579194	2.39363341477981e-06
319158	11602	349.765704716152	2.40853739051737	57.497477079161	3.00246963792788e-06
241658	15253	243.375495910629	2.11349659924189	45.386002365571	2.75919762878558e-06
354523	23995	149.12833998041	0.849293429518118	34.0673708409244	1.15245215251726e-06
272246	31553	179.822910188733	0.650341490925579	29.9287030346442	1.80963359375856e-06
287921	9531	380.354644752814	1.2926128296054	44.0504780715737	3.61928278892725e-06
403996	31919	185.836277993111	1.05856339871817	37.833860408584	1.26026120964653e-06
297952	7714	224.399272710465	1.58018399154475	40.642775134285	2.06339453325998e-06
230495	32083	136.47523605396	0.883927982933379	30.5427344494842	1.62218163653103e-06
238405	17843	177.814836571838	2.18635409288723	45.4752389855005	2.04343002794931e-06
305738	30045	201.622666008803	0.579123848967045	31.1442899476718	1.80674586010749e-06
274398	18298	388.922629804973	0.686110907766852	43.4170409742336	3.88319685828787e-06
336579	22452	154.256975116776	0.296954986032922	22.8458181959301	1.25563938818228e-06
268368	23404	173.924842394964	1.60668438791495	38.5832558336758	1.7755709232116e-06
245801	11205	263.623603958914	0.252838103227799	31.6882055402496	2.9383788072567e-06
307285	6116	272.36763047972	0.371230246713168	39.127024198294	2.42840583251967e-06
263301	41032	159.043763271093	1.42527996170746	36.5216937044955	1.65489814975645e-06
218083	10574	338.890368860734	1.20716924468053	48.7428405942879	4.25740091617417e-06
252727	15357	294.852317084726	0.827505990420299	45.1884259016701	3.19639202521066e-06
367057	5264	184.428988815545	0.759639466054731	34.1051428013984	1.37658429307848e-06
303132	10802	194.481637620499	0.77052016291697	39.2483475003476	1.757737238034e-06
168391	46434	137.04501870435	0.229173120396538	25.5624363205522	2.22972608197262e-06
218050	26303	212.582666836033	0.21504737791117	31.1825850116011	2.67103079708415e-06
265813	31974	198.51635619747	1.42983442387958	41.7837886689331	2.04610168779659e-06
256131	20129	183.489891715837	3.49981972248071	52.2533960696516	1.96271451756399e-06
180836	20211	194.471399688461	0.697527503846799	33.5407062644884	2.94630690410566e-06
234570	10412	272.254894653899	0.979754244728108	38.2378833424015	3.17987731154703e-06
243390	47551	131.917593210047	1.14254110360936	31.5703514342829	1.4849339068539e-06
245689	12270	318.152906652242	0.608544307621827	41.689088501708	3.54778520425106e-06
447237	6041	185.020446959097	3.23940725266379	50.5322397573844	1.1334154690567e-06
272406	5926	228.698101663737	0.326524312448503	32.5627001527747	2.30013340948615e-06
211888	5844	161.817390445063	1.58555253543431	39.7058645802195	2.09230969327118e-06
321626	10680	208.133845523491	1.20347152656265	35.1744435152253	1.77295900755222e-06
374783	20701	349.461045179043	0.553377129435099	45.7132551184138	2.5546183285754e-06
263731	17234	181.552221044595	1.73293781372155	44.3918057043601	1.88602532628951e-06
289712	10848	295.825520117212	0.645392792265966	43.8699664807326	2.79753989145585e-06
201175	9649	315.392715870554	0.163364866142024	33.6202628073249	4.29521378164318e-06
210525	29473	377.130738206809	0.671270943603857	52.903294914672	4.90789644553729e-06
258737	10647	231.011003640269	2.93995737627867	49.431478172776	2.44613974533371e-06
285327	7106	198.792986439594	0.817517781858944	37.7524127127912	1.90882152412e-06
371589	11606	177.576349352125	1.49266370747038	41.0750322998052	1.3092705816647e-06
241258	12491	213.899924706188	0.163785509687343	26.7289481238553	2.42904770401751e-06
257007	31202	311.278785930062	1.81008973278745	56.497159524701	3.31826989766509e-06
303337	11524	178.49486556376	1.80429557876834	38.9633757213579	1.61215753087097e-06
355852	21832	196.609630865876	1.10136049325268	34.3770199368174	1.51370941548792e-06
219932	26584	104.772301700182	0.761065392489941	31.306791643503	1.30516433224045e-06
230274	7350	303.237582880834	3.40766427818895	60.7516950319632	3.60782328141108e-06
201175	13672	153.030709576251	0.615065005004291	29.3260562620255	2.08406719531317e-06
343451	30797	129.844048283522	0.499536804325492	26.2327317743287	1.03577255149932e-06
257925	19152	331.131624353632	1.84532169717581	60.4844666442158	3.51734003968587e-06
248010	44691	208.043710084726	1.05263588468839	45.1815674340103	2.29822493994361e-06
342466	26152	285.325803935987	0.43162655752479	35.1264714460629	2.28260478801245e-06
423249	30439	214.290948292815	1.11817344704724	41.3459440246046	1.38712315557382e-06
189361	40525	251.621454054661	0.49485075605875	34.8215111513463	3.64052707117674e-06
245649	35303	207.723401838597	2.0076067403737	40.9869691362768	2.31674140955878e-06
227325	35320	193.847172943361	0.79536933453235	31.7594478218249	2.3362505006062e-06
406753	29785	285.325803935987	0.43162655752479	35.1264714460629	1.92184085017559e-06
233068	12593	209.153779784662	1.16217562949185	38.9951347778578	2.45861316956662e-06
214975	41216	158.618294108773	1.97381115146751	37.4761431470343	2.02149398204981e-06
203041	27818	231.411921166719	0.270087894572687	27.7533572734991	3.12254797538656e-06
311660	27542	168.68632985666	0.365615151773301	27.0710168904118	1.48287983178596e-06
286116	15867	271.590234107016	0.895097196211269	44.4425572613955	2.60063342549842e-06
178798	37643	316.802900887459	0.378934486452639	38.778540977443	4.85437842210945e-06
209114	34390	316.337873999852	0.955520802156621	46.5477364193713	4.1445293325598e-06
238405	17843	177.814836571838	2.18635409288723	45.4752389855005	2.04343002794931e-06
218731	19798	196.868985136461	0.860768356911412	38.9438248690559	2.46589227208602e-06
302917	13693	249.473617375851	0.259271405719948	34.4087142494724	2.25635854928434e-06
273209	18520	172.862837065554	1.12339219528699	36.8196374318173	1.73345978308998e-06
292066	24100	316.971464623206	1.97041300553499	71.5759790911852	2.97335181626902e-06
199546	17782	150.483059198521	2.88030047322589	45.9958830668197	2.06610182097637e-06
353010	30224	202.910615926734	0.43653972810769	33.6238709145096	1.57479815214776e-06
310754	2690	215.78778285815	0.632300729310202	31.959927258764	1.90246756305895e-06
291387	15808	194.097182444703	1.65481904917456	38.7148930323893	1.82497195340982e-06
245970	34205	324.021769675556	2.7105049922069	70.8561667124913	3.6091022312617e-06
189469	30766	152.16500722609	1.26828498007882	34.9226737789415	2.20030944775352e-06
261251	6367	316.802900887459	0.378934486452639	38.778540977443	3.32229600313999e-06
290530	6307	220.739435926737	1.00779606132106	42.0192904959461	2.08159425147651e-06
276502	13778	242.874822618211	0.87435047621184	37.9131474167172	2.40653041542776e-06
247443	26388	183.657591891823	1.79429664533988	39.440073201028	2.03348441715923e-06
236903	43860	234.201898609494	3.82023417585164	51.9337253212984	2.70848844162499e-06
305331	32099	248.622556050884	0.395955870604594	30.7382247587875	2.23088283800414e-06
223055	45156	206.943523026088	0.803291588376707	38.4349647825372	2.54183298395399e-06
239531	13085	316.802900887459	0.378934486452639	38.778540977443	3.62355249682223e-06
277753	45803	160.998800323023	1.9881865263331	42.7279274078289	1.58807502934161e-06
259372	14197	158.589285348107	0.582941843595115	28.6066177383115	1.67516614258493e-06
300408	5698	144.604801663529	1.53029684958023	35.8161294348179	1.31879823042059e-06
235189	6599	157.449219482379	0.480021963239847	28.2078771159863	1.83413222816228e-06
301905	25166	172.646919238151	0.166249402176176	24.7456580880248	1.56673542401323e-06
227506	33062	285.325803935987	0.43162655752479	35.1264714460629	3.43601720979434e-06
347778	10365	209.386290058045	1.2304213941497	45.465292340706	1.64950361624996e-06
293724	11581	136.170203154231	0.845181700196979	27.5996694549498	1.27013471741369e-06
296095	7880	237.107851687289	0.709212087086598	31.3722718613013	2.19392611347005e-06
320344	14166	206.793087208655	0.542317484072564	34.4212800862643	1.76858752875466e-06
222390	22134	228.592304913108	0.391600394801052	32.518659131311	2.81613511144014e-06
343259	10095	254.208464200345	0.822272888243115	41.9365096316259	2.02896805547522e-06
291824	21892	196.771808718864	2.94706578439614	56.5139641891291	1.84734924408242e-06
279762	42553	168.738730484954	1.66755809920068	39.0866569698672	1.6524684972927e-06
257929	13695	222.363269352702	2.04279555870882	46.8022625837972	2.36194625878728e-06
308019	31584	163.988924898402	1.20696301553932	37.746076930937	1.45862666182621e-06
241850	43945	286.153345975985	1.27002160416355	42.1246779323631	3.24160334834492e-06
243262	17181	149.10281379228	3.75217176269291	50.7622684121807	1.67926293340052e-06
303153	42013	152.48439677007	0.917489906597101	30.403550662037	1.37806807322682e-06
399544	27879	255.876901823711	1.73170738408592	44.6735041177983	1.75458174252697e-06
224123	27759	272.340586109132	1.04859802415264	50.4676005876478	3.3291477986633e-06
203740	34700	213.347247268229	0.21077990395084	31.3916367287932	2.86891629633025e-06
205468	5819	194.28338656008	0.42362233065441	27.9489440672714	2.59058953632456e-06
303943	13251	233.888772550977	0.391101971768259	32.0986166517012	2.10826094917109e-06
284409	17701	196.189848760746	1.05300476031349	36.2002962188879	1.88990656048489e-06
200856	44935	280.528468611479	1.60205469789377	42.3167705651937	3.82647840682262e-06
264043	25447	222.827356316598	0.647938869033937	36.3710905032576	2.31207003297458e-06
249916	9129	136.081108385002	0.651573039738108	25.738094816065	1.49180106307502e-06
432436	28126	227.205100403702	1.7967676649493	42.9729257611249	1.43947249334799e-06
196823	37696	159.841604480299	1.29442721986093	37.616791420252	2.22495442125978e-06
348468	23122	208.043710084726	1.05263588468839	45.1815674340103	1.63568180537499e-06
348854	26405	171.325868779811	0.403130283288024	24.7331647753203	1.34550826954111e-06
492585	12321	214.290948292815	1.11817344704724	41.3459440246046	1.19187244531089e-06
374357	20670	291.008640848375	0.351572195784386	37.7713104540076	2.12974232491925e-06
248037	16028	300.690582123008	1.16744242081702	48.8981916457069	3.32131824701814e-06
227676	10626	241.385274792318	1.41140596578385	40.4997811157899	2.90469579568753e-06
353031	21300	181.931259563391	0.707704113171527	32.0063931513986	1.41189245993408e-06
308897	13002	232.843830721289	1.55405994111912	42.0655443340229	2.06518128484899e-06
288295	15884	205.271475523855	1.41260200412712	38.9628266638892	1.95073658639569e-06
247075	23302	295.334878380727	1.28863521290608	44.6149386260473	3.27486250368464e-06
229731	19372	265.281221088316	1.03797219927588	40.1540164021566	3.16369086451278e-06
250151	17044	178.090282228627	1.96604489138223	44.9758901196845	1.95049622607262e-06
166948	9184	160.998800323023	1.9881865263331	42.7279274078289	2.64209576409853e-06
270497	25042	209.039538079892	0.196228749419017	28.6538955999648	2.11725476893489e-06
222418	14441	248.380995142093	1.12830271070329	41.2725421207382	3.05953599574506e-06
370331	23455	184.792281545811	2.80066010963797	48.2509175559944	1.36710192615034e-06
242037	36971	184.00957753905	0.924895772771313	30.9634882180128	2.08288744644046e-06
231633	21384	220.319042618334	0.720300496589968	33.815629009074	2.60590596069082e-06
354717	17143	185.591228846796	0.699005740302472	32.834087689601	1.4334501028375e-06
285554	19292	236.833238064893	1.72507617371226	45.8296983088136	2.27227840085994e-06
171302	34714	205.124608939911	3.9897273308061	79.9993276388775	3.28066940241421e-06
293232	27902	182.752052269177	2.04654918240534	41.1471365245622	1.70748947646276e-06
246078	21106	186.513299679038	1.98235766932901	41.6046170567495	2.07655841475632e-06
327531	13868	236.145843616247	0.319187197638099	28.6411900557048	1.97530894485443e-06
262258	3533	278.253394346917	0.365283349894263	32.5295297884896	2.90682483166913e-06
166622	18204	197.753776779212	0.854090203045354	39.3814588112039	3.2516184492931e-06
236187	15455	180.868703000514	0.626831717103168	31.9822421028801	2.09804389383028e-06
282908	26504	187.553316529384	0.365098340470273	27.0698446180584	1.81629612036503e-06
342483	27690	188.08171364136	1.07130296020503	36.5816306049482	1.50457793858589e-06
252344	11117	482.087483009492	0.354976178347562	38.7825384889108	5.23407580399589e-06
403108	4758	179.724253387546	1.292968189883	37.7212823965527	1.22149700517082e-06
239230	30120	199.790503227267	0.669296017502508	33.2483626977505	2.28805434819437e-06
305009	15679	148.16103759635	0.430321008900888	29.6018741679178	1.33084810923253e-06
282356	25462	120.920780634065	0.898917747238709	30.810584611356	1.17330536612058e-06
223143	46092	250.815073950374	0.781273150361727	42.0786299212686	3.07948080901219e-06
282591	5136	196.505580060919	0.361377179081008	31.5947865769957	1.90512596728734e-06
257090	17156	205.59356528838	0.644606309983652	35.3044105384397	2.19094496824448e-06
236590	11380	192.020115704452	0.367953712628216	19.3425180289088	2.22360416238776e-06
193758	45524	274.752115138424	0.320722054999031	32.2640894928739	3.88497776054248e-06
312027	35864	200.989554403157	0.179792008146383	27.5067155939058	1.76477136091847e-06
240836	16985	244.481485453959	0.713666842362357	36.3640589366562	2.78119670196713e-06
262581	47954	210.919534319217	1.04959708976435	38.9435428339326	2.20069897616685e-06
497001	28684	195.036619548627	0.362814246856255	26.5243704435335	1.07514251052402e-06
231885	31239	63.2122925612607	1.27188980867519	29.6021937673414	7.46854532123838e-07
300780	24535	149.60885128796	1.08093580372939	32.7502923073127	1.3627477352305e-06
251917	8457	180.353476066486	3.7074253877563	57.7149938250648	1.9614361575873e-06
337966	33915	220.19655262168	1.43015812337288	40.4987304996111	1.78502638241944e-06
306964	3924	264.121261844747	0.508572210608447	34.527044063209	2.35734449468035e-06
339747	16479	195.411005979941	3.14966886374398	44.3751541193561	1.57579792940961e-06
217682	47090	212.27061328206	0.65042848901703	33.0992141751345	2.67161880201596e-06
309270	34251	86.1561811084095	0.970431832023444	30.5655194358226	7.63230613392381e-07
285211	8731	232.043411846929	0.237985294040808	34.257999420579	2.22900019607621e-06
244005	17524	181.874312714838	0.484398898059264	29.1418245368839	2.04211302333899e-06
221804	16687	218.979846056562	1.97838676353508	45.5072064808087	2.70484203944297e-06
217098	20335	234.717958618317	1.5605122582595	42.8516276574237	2.9620857876358e-06
300030	13750	295.490716461478	0.803392997947996	44.2908297428918	2.69827552825976e-06
188744	13789	250.815073950374	0.781273150361727	42.0786299212686	3.64072281060806e-06
213184	12305	291.518938480546	1.00832994487632	40.9495516087373	3.74644449505766e-06
243014	16102	199.232216250074	1.53526508848548	43.9422166580651	2.24613268518014e-06
248662	27866	154.186901894828	1.51051835146343	33.9312956858337	1.69881151203243e-06
258239	20603	318.804390545215	0.392126619169952	39.7136167198415	3.38228031561943e-06
346078	14183	171.358031435449	0.929078274095528	29.2255835835899	1.35655562828974e-06
342098	7442	250.502327715422	0.842297497501959	34.7559329433782	2.00617293046302e-06
253675	26037	318.152906652242	0.608544307621827	41.689088501708	3.43609657651419e-06
300827	17875	193.079745861264	1.32155815699883	40.9206575944609	1.7584379231231e-06
316056	4581	221.64502413817	0.559621577685654	34.9127206237504	1.92132609877502e-06
220487	12345	202.910615926734	0.43653972810769	33.6238709145096	2.52132550077638e-06
347535	23578	248.646037947367	0.524392086784194	35.0608902925015	1.9601537162404e-06
298551	34519	274.124971607611	0.521489191372959	43.522413004488	2.51557462367537e-06
317945	12127	228.917714637773	2.63541409084666	49.620664045547	1.97257960001071e-06
236187	8844	380.354644752814	1.2926128296054	44.0504780715737	4.41204435413771e-06
309883	39003	233.888772550977	0.391101971768259	32.0986166517012	2.067848696682e-06
159783	41508	335.328062937468	1.00086118494196	47.5352737134018	5.74971693951477e-06
277195	3794	315.763580981952	0.605271290674101	37.8624428597597	3.12092823218462e-06
210013	13881	116.751407304312	3.99464901478514	47.7275298940865	1.52308128223911e-06
269840	31861	287.153999829326	0.145455069532899	31.4619345171622	2.91551766677895e-06
275841	9051	168.285789946688	0.852537069789034	36.7464214963969	1.67145913318923e-06
178798	37643	316.802900887459	0.378934486452639	38.778540977443	4.85437842210945e-06
277686	5287	182.864169278166	0.414335821114012	26.3139056582556	1.80418791026472e-06
249716	12743	248.351325714041	2.02367715607747	50.4782184453401	2.72475368417471e-06
263731	8400	181.552221044595	1.73293781372155	44.3918057043601	1.88602532628951e-06
330665	16549	359.828277039796	0.659159854796124	43.2343614013586	2.98135846249056e-06
252391	24644	214.290948292815	1.11817344704724	41.3459440246046	2.32614668697959e-06
246314	9842	369.862286236807	3.00048564950269	76.5856392320648	4.11394127883773e-06
269531	7033	298.733298405572	0.101611398804038	32.7366312827478	3.03656125971401e-06
240460	42476	232.273069265629	0.396462653502004	36.7972844922553	2.64644669936992e-06
258006	24393	146.351362486113	2.68231813725228	44.7690034735846	1.55408260640549e-06
333189	8207	189.21173305212	0.258410079810864	28.4237219532861	1.55583860731247e-06
333290	9865	215.820862562288	1.99034019568748	47.1342604061385	1.77410073634741e-06
218943	44424	176.555896973299	0.107421694936639	23.1962601684919	2.20931834417276e-06
335088	11655	217.147475508001	0.143667314887345	26.8640311894644	1.77542791873442e-06
178156	21531	95.8575267159693	0.892446447256806	30.5629759911848	1.47412021411386e-06
168014	22779	209.486786598949	0.569833129841361	39.2939473854056	3.41600343805252e-06
263750	20842	158.612370660044	0.930367948942685	34.8797234624318	1.64759977313556e-06
350849	3387	177.992072638162	0.375571576412011	23.834204679584	1.38991279461294e-06
337484	33341	169.984204409974	1.50630264895492	36.6542644852155	1.37994734289158e-06
390288	23774	347.765945492555	1.7754134846307	53.6505858637289	2.44123163486546e-06
308477	15565	252.316963733069	1.93904263352191	42.9760808060809	2.24094293154219e-06
267239	36060	158.790936667251	3.07587378602578	52.0009552639914	1.62791980999052e-06
239735	20077	134.6195372184	1.30384631503205	32.3588933456312	1.53845141474305e-06
174161	10695	218.87917638133	0.280555924851229	29.5493452399987	3.44318748966304e-06
222368	38709	204.486084786846	0.348899267256869	30.2227889445903	2.51940858725664e-06
236063	19575	202.68578993451	1.85180321187107	45.2232379684623	2.35235311788442e-06
314953	5690	198.395068966732	1.20860076200822	39.449933337438	1.7258071336213e-06
320260	33318	238.889254114763	0.116845643946582	27.5459682443663	2.04362426517122e-06
247632	11346	185.228003047326	1.61341814118054	43.0612313599846	2.04930695932504e-06
196195	5375	386.323687810876	2.38531580870835	67.8411393931391	5.39474024565127e-06
343259	10095	254.208464200345	0.822272888243115	41.9365096316259	2.02896805547522e-06
273628	23519	179.967006663103	0.478092390870597	29.1172651078451	1.80193654241408e-06
312153	33686	158.209566582116	0.39258144129365	30.3258767845181	1.38858465992082e-06
245466	22690	287.856725211498	0.81986999655734	43.2804873733072	3.21286272731573e-06
266522	17079	274.124971607611	0.521489191372959	43.522413004488	2.81788114854649e-06
188716	18898	214.232459258844	0.437779581664482	29.5926340064837	3.11016683558775e-06
258411	36995	214.06841245836	0.135424426996186	27.5107791813998	2.26959688734528e-06
263817	24886	210.046280478144	0.65165042048639	33.5407594197848	2.18131986029693e-06
499761	19697	227.112395760569	0.652260726378693	33.4621364025563	1.24504661590196e-06
191820	42264	184.709344558368	0.732254197061305	33.2073360943823	2.63816598264023e-06
234757	33889	232.187409449236	0.224451609450171	29.1476596905192	2.70973768152607e-06
201599	16319	221.343927015506	0.226974170608433	32.0057874059186	3.0080591562989e-06
263207	15663	194.316037725247	0.323995553391832	30.1170177342517	2.02263885875591e-06
220386	44356	165.105436548956	1.91800093933931	42.239623850534	2.05250633787065e-06
250843	49045	97.8503949360044	0.535728392935757	27.3884516475135	1.0687293398551e-06
277171	20803	213.737877056042	1.10107134921315	35.414106567082	2.11271462314266e-06
193155	28870	222.827356316598	0.647938869033937	36.3710905032576	3.16060111162904e-06
281884	32789	282.955167830123	2.34583174255232	49.3884416680859	2.75013707018046e-06
306870	40932	198.993813221665	0.158392134635052	27.3288156528244	1.77661071259629e-06
253317	13657	128.96755100341	1.49674802923026	39.41573514499	1.39483633618638e-06
203158	16470	227.377156528444	1.05765143800008	41.562664057684	3.06633809043483e-06
294228	10382	220.319042618334	0.720300496589968	33.815629009074	2.05151724306557e-06
203774	20754	223.49192982332	0.891168075448292	40.2520212038291	3.00483210345869e-06
235040	6427	124.472959085912	2.36458875770853	38.6340179170939	1.45090965671727e-06
240158	27118	209.153779784662	1.16217562949185	38.9951347778578	2.38602942314873e-06
343651	27952	181.644634038988	0.698869011180731	32.6585715587538	1.44814515777247e-06
326498	15614	180.19177888138	2.52728044116183	44.9499540545124	1.51203409063556e-06
202425	17030	211.921001147883	0.311476478871357	29.1768438115575	2.86824988315149e-06
257541	34743	277.334958366736	0.31165990511415	33.6596263729086	2.95029453075232e-06
289911	20845	205.46564552952	0.257887502164035	32.6845244449251	1.94169788932881e-06
304350	19840	205.271475523855	1.41260200412712	38.9628266638892	1.84783178634777e-06
278937	17584	204.499295108925	0.361519033494407	28.8037731887574	2.00859707171983e-06
249266	32747	207.824379919988	0.459075070379376	30.9818038648285	2.28423396209065e-06
297081	6311	217.716380400988	1.78106440176872	39.5385268774206	2.00781347166365e-06
240421	5123	198.832838270135	0.141499697688551	25.3635379608649	2.26580665628193e-06
228181	49006	133.800754922734	0.67052934281196	31.7088925116239	1.60652030952278e-06
261341	39878	251.534170719541	1.09688581558069	29.8616667749807	2.63691772167441e-06
236818	14932	210.769825694581	1.16101817529161	42.8890443279304	2.43837705430089e-06
437589	8316	260.855310132213	0.880717847392464	43.9979021980077	1.63320394834881e-06
340019	5112	190.330128966091	1.02759735194945	35.9090566167121	1.53359785225613e-06
335207	18900	334.533788291907	0.89315016251218	52.7763395671715	2.73422370901306e-06
405938	27687	192.576105809257	0.948932523455119	32.9495491964593	1.29972007878156e-06
228670	7096	154.293633578936	1.93847338868444	40.6599188600242	1.84861277726815e-06
273783	5367	196.505580060919	0.361377179081008	31.5947865769957	1.96641665925823e-06
222883	25719	196.609630865876	1.10136049325268	34.3770199368174	2.41676809321576e-06
204040	27735	141.612892198366	0.544020886528074	31.0174928710184	1.90149248466411e-06
282836	20021	208.133845523491	1.20347152656265	35.1744435152253	2.01611433397088e-06
231076	22395	196.91021252258	3.95404146315458	60.719717294729	2.33464329618151e-06
223301	16584	165.647176920027	2.52509394899624	44.1694040100314	2.03235938026555e-06
375819	23315	248.078759628179	0.271496986345966	31.7232499559261	1.80849779973272e-06
239015	40652	205.563427893276	1.05724281852775	35.3844962324033	2.35628506026906e-06
323875	5875	165.56863490376	0.742971005824864	27.4051426087645	1.40057953953367e-06
358728	7248	266.386552933797	0.271698613865134	30.6042257389626	2.03448343151737e-06
322347	30136	158.612370660044	0.930367948942685	34.8797234624318	1.34809518985598e-06
262339	36271	295.825520117212	0.645392792265966	43.8699664807326	3.08944105540334e-06
276263	18584	184.856363141223	0.259788432700652	21.5474288545585	1.83323785460959e-06
301693	6328	177.678588044935	0.919360706243907	35.5984411779659	1.61352982063854e-06
322236	14666	200.484459989445	3.54145916709778	63.6394096452525	1.70456588687101e-06
327537	12265	263.560748218372	0.803030710807034	41.2093959854664	2.20458831122643e-06
247748	22657	190.330128966091	1.02759735194945	35.9090566167121	2.10476939521722e-06
278577	6492	325.429672710378	1.29876896416688	48.5562635709867	3.20050881591802e-06
329958	19535	152.994568582965	1.43469947924955	35.1280965766479	1.27035320130794e-06
263644	5419	140.311421620445	3.76457340960234	51.123396291696	1.4580830732148e-06
273767	9607	231.011003640269	2.93995737627867	49.431478172776	2.31184496045326e-06
355752	16570	277.046445350903	0.490959896508192	34.5073267915885	2.1335968796402e-06
249224	12619	388.068001195148	0.896725327170487	45.2434941502006	4.26604180686602e-06
257090	17156	205.59356528838	0.644606309983652	35.3044105384397	2.19094496824448e-06
236590	11380	192.020115704452	0.367953712628216	19.3425180289088	2.22360416238776e-06
280556	31257	249.484406249573	0.55297358388898	34.2470701459475	2.43630120628932e-06
201142	6433	229.139572371283	1.26620471634332	43.5361439115929	3.12107690254786e-06
181972	18366	333.615782931978	0.306176616470929	33.0263800866372	5.02283781927579e-06
363945	22895	246.752540798009	0.24084796508944	29.9478600285976	1.85751791713229e-06
299160	31230	154.71032589478	0.337662352417099	27.3566951612805	1.41684685974409e-06
259881	11509	231.294227207829	0.749490692048287	34.0256978814341	2.43835761086045e-06
296927	9766	184.856363141223	0.259788432700652	21.5474288545585	1.7056575839449e-06
475315	14210	265.281221088316	1.03797219927588	40.1540164021566	1.5290867445702e-06
219932	25382	168.738730484954	1.66755809920068	39.0866569698672	2.10200376361603e-06
327101	25357	209.153779784662	1.16217562949185	38.9951347778578	1.75182605435188e-06
394393	15348	351.077783374002	1.07761312468402	42.0016769576273	2.438828632229e-06
298484	24242	263.623603958914	0.252838103227799	31.6882055402496	2.41974929712314e-06
269531	7033	298.733298405572	0.101611398804038	32.7366312827478	3.03656125971401e-06
240460	42476	232.273069265629	0.396462653502004	36.7972844922553	2.64644669936992e-06
312819	5374	173.394526479557	0.147971269874358	25.028669069565	1.51862098275445e-06
289484	43482	159.389963387837	0.699095419863804	32.837262889808	1.50849384145429e-06
253700	11346	238.344605969884	3.37806576054443	57.8519084187974	2.57390193324965e-06
314808	17509	224.572918405351	2.01547475068676	50.3258755983197	1.95442386979906e-06
394175	11968	234.996680243255	0.519934761199662	34.4476796212474	1.63335199141091e-06
513832	9179	257.832086691919	0.809146004454361	38.3541538987999	1.37474754123526e-06
193774	33701	222.112821446228	0.565208110883136	36.6441396240168	3.14040210727379e-06
227324	7784	111.81033600454	0.140570580311391	22.2093476910015	1.34754661929084e-06
225121	18100	240.353680366466	0.806142935500839	37.5857442913909	2.92510798139991e-06
142333	23098	229.387335585067	0.520526799798104	37.6207705384726	4.41540931237111e-06
323025	14865	263.646410290375	1.78027802453267	45.5819508380498	2.23610845074653e-06
236187	39805	168.410726221704	0.724509481791933	32.3953376121503	1.95353364038866e-06
354474	14037	287.954165722356	0.933395082040819	48.1198315569849	2.22559488855883e-06
207280	35531	172.328988222902	1.55140129995539	38.1680305775453	2.27776058620861e-06
247573	7673	189.497586570183	0.233510056549932	29.2159354760393	2.09704398321019e-06
168348	34180	253.01788771973	0.93158427383159	39.1894686550556	4.11765920820456e-06
236063	4657	162.778349645327	1.94509276704776	40.2113589294014	1.88919094148627e-06
279891	27249	236.152718985305	2.30336389818475	47.1117769818509	2.31159183626723e-06
431118	28025	165.719307781472	0.920022082744779	30.4320761356912	1.05313510633088e-06
360755	22750	380.998410831584	2.45327419447815	58.3277989910497	2.89346304986011e-06
216260	32447	286.12644321808	0.68549930358909	39.863692390234	3.624840763947e-06
293524	11725	181.931259563391	0.707704113171527	32.0063931513986	1.69812964876122e-06
335762	20153	313.25702877327	1.47926661371862	47.2229070286796	2.55609162143203e-06
299986	20556	232.823689407587	0.274601199726181	32.2856029610483	2.12634296822059e-06
335818	13520	218.619378594924	0.148270099154079	24.932486990091	1.78357682324929e-06
274249	12657	213.069140401381	0.677920714417809	29.9378302618055	2.12854402237684e-06
268410	12218	187.553316529384	0.365098340470273	27.0698446180584	1.91440223099076e-06
166622	18204	197.753776779212	0.854090203045354	39.3814588112039	3.2516184492931e-06
342187	22647	271.590234107016	0.895097196211269	44.4425572613955	2.17449182221974e-06
324625	14919	197.20705097273	3.97418883175414	59.0096218402996	1.66436131023873e-06
223597	46176	200.961402166194	0.56274910845374	26.7672412598799	2.46237285838795e-06
187458	9063	248.751160200904	2.56114865512758	51.9682549492842	3.63553450878427e-06
299970	12095	236.909978843171	1.8455867165088	43.4645363781473	2.16377782840541e-06
245069	10920	215.605026277596	1.42158141542912	42.6811960583842	2.41033628133464e-06
214687	35206	125.185872210125	0.864783830844661	29.2185540001824	1.59755827020969e-06
203590	18113	244.465912837453	1.1336066044366	40.1623906502175	3.28979627787318e-06
248116	32636	158.540902915034	0.852656047495727	34.4883534149001	1.75062727967314e-06
239015	40652	205.563427893276	1.05724281852775	35.3844962324033	2.35628506026906e-06
279896	4318	238.406889062207	0.141566738395839	28.2662391454598	2.33361519662496e-06
207591	16206	256.111170947053	2.57595203812762	62.9627040345677	3.38008122197412e-06
189316	11483	306.859386650601	2.09455658207327	52.5848913401552	4.4407796929885e-06
249627	33290	193.094538713739	0.670408662953281	33.3526535001682	2.11926647943651e-06
340670	14707	238.889254114763	0.116845643946582	27.5459682443663	1.92118797417951e-06
254679	17606	195.753249883469	0.600048646735835	36.2862963363865	2.10582841009011e-06
235985	35395	198.37802207038	0.641733710424258	30.026966065925	2.30311854706786e-06
257797	34791	202.604907975762	0.937137617682826	34.2759091736079	2.15317455074971e-06
255080	33125	132.5113280992	0.754951026905352	30.9563668827729	1.42325832883157e-06
335465	32581	220.269446141403	1.11527311129617	37.1761957363719	1.79892964879788e-06
220833	31659	328.721683123225	1.25593396495948	48.5917672590113	4.07822812271053e-06
278868	33154	224.399272710465	1.58018399154475	40.642775134285	2.20460048472351e-06
249400	43258	188.341819289748	1.08429234605745	40.6093442882896	2.0689855026282e-06
270183	16713	247.66008675459	0.943274455905811	42.466934338997	2.51133781780872e-06
308477	15565	252.316963733069	1.93904263352191	42.9760808060809	2.24094293154219e-06
267239	36060	158.790936667251	3.07587378602578	52.0009552639914	1.62791980999052e-06
222455	38542	310.983791309141	0.43787607903126	36.3985064296238	3.83003478073467e-06
241049	8752	192.463087367652	0.642804898643904	30.8184603405956	2.18750598332451e-06
300709	13178	203.399884544291	1.29714604454993	35.6055259174925	1.85315357257545e-06
407322	14109	149.22005865372	0.85185974162917	33.7751375384279	1.00368278291706e-06
285266	16752	159.356988714279	0.56470466486924	30.4053862203394	1.53048204001936e-06
204455	13211	138.845649907945	0.590410281018787	30.7023844515725	1.86055142130877e-06
199796	22065	239.327698769793	0.34624097580796	34.3298214641206	3.28180907223715e-06
268053	7123	181.365647015166	0.579634614397446	32.6969957054793	1.85370872030231e-06
249367	47083	111.175751887656	0.813981764640332	31.5656302533218	1.22145713371084e-06
277124	27320	180.179499646418	0.263765825987712	23.7442261846621	1.78130535350495e-06
204118	35983	155.313376707684	0.735583254426252	30.1593033268305	2.08465740683819e-06
266552	27045	220.320463445228	0.421386533808342	33.5373174659045	2.26454015752693e-06
251870	34566	239.702823588371	0.157326883103285	26.7632512000449	2.60737707795956e-06
289911	17636	218.244070842946	0.313602360941634	28.3232507585958	2.06245696511533e-06
207740	9848	111.175751887656	0.813981764640332	31.5656302533218	1.46621305989252e-06
403108	15394	169.178719473343	1.71263017833171	36.9019688779805	1.14982421838033e-06
370161	29180	196.192918336487	1.04862727889449	35.1786503471738	1.45211095917047e-06
204946	31516	178.750079237164	0.575111783376604	35.527989914622	2.38953794894939e-06
303659	7582	285.325803935987	0.43162655752479	35.1264714460629	2.57431701787687e-06
204262	11991	148.177629762431	2.21279209084422	39.1183746066306	1.98747740126978e-06
321962	24146	246.095054517332	0.442641836250659	35.514256778389	2.09413851968519e-06
291512	22313	348.113836977585	0.350512757934986	41.0399610550554	3.27168878010036e-06
276576	10485	173.463685842309	1.78555004381607	38.5176889145819	1.71830880087367e-06
219139	34852	127.904287400567	1.37487478621839	33.7211742458924	1.59908873001626e-06
312153	18118	241.144622384335	1.65737938297025	44.2239860415502	2.11649479041767e-06
291373	11668	282.369236697462	3.10981973849411	64.740196667134	2.65506531873693e-06
200352	15393	107.015579356213	1.0359840593927	30.7756213638918	1.4633912718576e-06
516004	29520	173.845261475043	0.869543041701591	37.4705341887634	9.23032355568673e-07
235279	36141	249.71401807969	0.414139690513575	31.7485879987273	2.90781580480568e-06
249969	13224	277.453098653743	0.758870155244825	43.6289651695613	3.04095898196848e-06
254679	35893	331.131624353632	1.84532169717581	60.4844666442158	3.56217014255584e-06
366547	15441	207.58870426795	0.592710292272125	32.8952166737487	1.55160504949318e-06
308121	9967	212.005361705103	0.420237689896214	28.8662395325361	1.88509256886496e-06
262642	45142	150.483059198521	2.88030047322589	45.9958830668197	1.56975028353634e-06
414890	12069	215.083187450833	1.11296907066362	35.145208100898	1.42030178291743e-06
230495	9983	263.560748218372	0.803030710807034	41.2093959854664	3.1327544705706e-06
303233	9520	227.197160653919	0.349384428111102	30.6296160417107	2.05273823889319e-06
244747	16261	241.646437879855	0.135389791808236	26.03825443316	2.70501797892221e-06
225148	16274	270.579907261163	2.85033077950055	57.0760017832846	3.29256673127963e-06
283446	41935	236.46547952578	1.45269717883736	49.0184242581858	2.28562276002397e-06
356652	4251	179.350192230871	2.08662670515312	42.0750597134097	1.37773064408336e-06
353031	33698	226.966636512493	0.573977386998259	37.3946846373684	1.76139319607652e-06
363026	11786	166.777852504122	0.384558723887723	26.9238054764015	1.25865812172947e-06
236818	14932	210.769825694581	1.16101817529161	42.8890443279304	2.43837705430089e-06
437589	8316	260.855310132213	0.880717847392464	43.9979021980077	1.63320394834881e-06
239446	21257	136.170203154231	0.845181700196979	27.5996694549498	1.55805087467579e-06
251220	22090	267.706899499696	1.75219331693404	51.9001157250372	2.91952694957862e-06
336210	19837	194.817261919684	1.84536818949655	43.401386566365	1.58753732211305e-06
298315	19587	266.385755019456	0.463216208659322	37.6630154667964	2.4464877272503e-06
314118	25367	263.623603958914	0.252838103227799	31.6882055402496	2.29931570047722e-06
246236	16796	157.013939981656	0.911117466130898	29.9058633048595	1.7470035983038e-06
273594	37725	154.693473476272	1.2272789922575	33.7789262263397	1.54907540206083e-06
202250	7716	173.814808398689	2.13757246068501	43.689120829382	2.35453623988606e-06
321814	15013	177.051115893994	0.673576791477387	32.4689233590554	1.50730406506399e-06
257322	20639	165.477904593524	3.03078766148589	44.4812383292756	1.76185527150433e-06
288607	17032	210.246305470394	0.560717577749465	33.307450491893	1.99585344520872e-06
267288	5649	173.346597218208	0.778607291643354	31.599672418345	1.77681820418228e-06
219416	24505	214.560417719462	0.492589886822602	33.319802653309	2.67909706163287e-06
201242	18911	268.670697590728	0.465242905870074	34.4447646100592	3.65770615968981e-06
325103	19413	118.482212497246	1.24241655497173	31.1179302326953	9.98479870571228e-07
222633	35122	234.490474579506	0.745818611984054	40.0402846414128	2.88564434015716e-06
235862	16879	208.043710084726	1.05263588468839	45.1815674340103	2.41659431089117e-06
186408	41807	215.745168381145	0.31632995577613	31.4030495586509	3.17090818580226e-06
245689	18871	223.203702395433	0.606186345347423	39.4669960384671	2.4889880819418e-06
360465	12681	324.771615672846	1.21464393659546	47.7436668267497	2.46843729188342e-06
268319	11017	184.077810824365	1.17329476849882	39.8895945772437	1.87956413590473e-06
247075	19510	287.768835943423	1.1803202424072	53.8037894043094	3.19096537370437e-06
391145	23930	172.328988222902	1.55140129995539	38.1680305775453	1.20705675468003e-06
230746	48297	162.886902820106	0.554669051464009	30.105299989532	1.93401180162765e-06
222503	22935	173.848200639008	0.238129505587833	26.6616927936743	2.14062929536623e-06
289938	10816	238.344605969884	3.37806576054443	57.8519084187974	2.25220192063626e-06
178308	48951	247.957881358246	0.427148696241024	33.6616140129552	3.80990567588369e-06
212384	14876	158.050485315178	1.82915857312877	40.7181524899729	2.03883074177321e-06
178115	20719	278.253394346917	0.365283349894263	32.5295297884896	4.28003293773058e-06
302628	6388	285.574715622342	0.311897531889793	35.1053427358199	2.58534068611332e-06
261839	47732	232.919313134712	0.700372376896467	36.1799510243103	2.43712779409738e-06
273385	7205	166.329696231082	1.05176411984309	35.7806768302798	1.6668719860028e-06
222503	13782	236.152718985305	2.30336389818475	47.1117769818509	2.9077978752856e-06
259426	20434	323.160554397154	1.15914853876265	48.94135936207	3.41280897793595e-06
211543	9688	234.765693100104	0.570725027407777	34.8510043123592	3.0404867082641e-06
328449	30325	210.037275677233	0.556534036571829	31.9465580072593	1.75200591536747e-06
279624	11414	700.220135040509	1.33904182715853	60.4688958866492	6.8613193347139e-06
285046	11172	247.957881358246	0.427148696241024	33.6616140129552	2.38325274255898e-06
298589	28313	227.112395760569	0.652260726378693	33.4621364025563	2.08388702132288e-06
211404	21960	199.232216250074	1.53526508848548	43.9422166580651	2.58198372952436e-06
296173	18557	207.307613222278	2.08372781757527	47.0111790794006	1.91768346075665e-06
304887	11732	163.988924898402	1.20696301553932	37.746076930937	1.47361063524862e-06
360842	20762	166.421738577013	0.731566622478521	38.2983435948004	1.26357233554892e-06
232594	11063	241.737360342532	0.325088238855816	33.2623059428941	2.84742572003038e-06
284407	8879	227.24946460899	0.141243325671084	29.5024949118221	2.1891207772711e-06
303855	25527	238.889254114763	0.116845643946582	27.5459682443663	2.1539586551603e-06
195607	25013	296.676868354538	0.487513098574231	47.5284928863245	4.15533870443102e-06
