largest_clade_D_1	largest_clade_D_2	largest_clade_D_3	largest_clade_R_1	largest_clade_R_2	largest_clade_R_3	n_singletons_D	n_singletons_R	D_coals_pre	R_coals_pre	D_coals_peri	R_coals_peri	R_max_coals_in_single_clade
20	3	2	154	2	2	33	1	24	120	0	35	35
24	3	2	68	16	6	31	42	27	64	0	39	33
26	2	2	127	11	2	30	19	27	72	0	64	59
34	2	1	98	2	2	26	53	32	73	2	28	26
39	3	2	117	4	2	18	34	40	73	1	44	43
17	2	2	77	8	3	35	67	19	44	0	43	38
24	5	3	132	15	6	28	8	28	124	2	24	24
26	2	1	120	2	2	34	35	25	70	0	49	49
35	2	1	71	11	4	25	59	31	52	4	35	25
18	2	2	111	11	7	38	16	19	107	1	30	23
38	3	1	107	6	4	21	35	36	88	3	30	30
26	2	1	101	3	2	34	41	23	74	3	32	31
39	2	2	92	6	2	19	45	38	52	2	48	34
31	3	1	79	15	5	28	34	31	38	0	65	43
26	3	2	117	6	4	31	25	28	75	0	51	44
21	3	1	117	8	5	38	25	22	98	0	30	28
39	2	1	101	3	2	21	49	38	71	1	33	31
34	2	2	92	10	3	22	52	35	56	1	43	37
29	2	2	123	6	2	29	24	29	86	1	43	41
31	3	2	94	6	6	24	39	33	66	1	47	45
31	2	1	148	1	1	29	13	31	104	0	42	42
32	2	1	139	2	1	28	20	31	107	0	30	30
44	2	1	110	9	3	16	33	42	80	2	38	30
16	3	3	98	8	6	31	39	22	76	1	35	33
25	2	2	130	7	1	33	24	24	91	1	43	41
34	2	1	109	4	3	26	35	33	57	1	58	52
19	1	1	143	2	1	43	16	18	107	0	34	34
42	1	1	113	3	2	20	35	40	72	1	42	38
20	2	2	131	5	2	36	23	20	79	0	54	53
17	6	3	99	4	3	29	41	24	66	2	44	42
20	1	1	100	2	2	42	53	19	66	0	36	36
28	4	2	79	16	5	26	36	31	38	1	67	45
23	4	3	111	10	7	25	22	30	87	1	41	39
32	4	3	99	10	4	21	38	37	71	0	39	34
20	5	5	103	25	5	24	19	31	87	1	48	42
19	2	2	108	14	4	39	25	19	75	0	51	45
24	4	2	152	4	2	26	3	29	117	0	37	37
27	5	3	145	5	1	23	11	33	115	1	33	32
26	2	2	84	4	3	32	56	26	36	1	55	48
20	4	2	79	16	4	34	48	22	40	2	61	49
33	3	2	124	3	2	22	28	35	100	1	28	28
22	4	3	120	3	3	30	23	27	74	1	54	49
17	5	2	103	28	4	32	21	24	82	0	51	40
15	2	2	115	3	2	41	41	17	77	0	37	35
23	2	1	67	13	3	37	63	23	34	0	49	35
27	1	1	145	4	1	35	12	25	126	1	21	21
18	4	4	128	6	2	36	21	22	90	1	45	42
20	3	3	87	10	4	32	41	25	64	0	44	35
39	3	1	108	6	2	20	37	39	86	1	29	26
35	1	1	87	9	5	27	41	34	49	0	55	41
33	2	2	82	11	6	25	43	33	57	1	49	35
30	2	1	142	3	1	30	16	29	101	1	40	40
28	3	2	120	3	2	27	28	31	90	0	34	33
30	3	1	139	2	1	29	20	31	99	0	39	39
32	4	3	100	5	5	17	40	37	60	2	53	49
23	4	3	102	6	4	30	39	27	74	1	40	39
42	3	1	126	23	2	17	10	43	108	0	40	36
28	2	2	159	1	1	28	2	28	123	2	34	34
25	2	2	140	8	1	31	13	27	109	0	35	32
31	3	1	92	8	3	28	50	31	62	1	38	33
40	3	3	94	13	8	12	32	43	71	2	45	42
40	2	1	110	2	2	20	45	39	73	1	37	35
29	2	2	157	1	1	27	4	29	128	1	28	28
42	2	1	88	15	6	18	39	41	64	1	45	33
22	2	1	124	6	3	38	28	22	81	0	49	48
31	1	1	72	19	3	31	54	29	37	0	54	35
30	3	3	143	6	2	26	10	31	117	2	30	27
14	4	3	70	28	4	33	44	18	72	4	34	32
28	2	2	94	2	2	26	57	30	54	0	39	38
26	1	1	85	5	2	36	47	24	30	1	64	50
31	4	2	107	4	3	23	43	35	64	0	46	45
15	2	2	112	4	2	43	41	16	64	0	50	48
23	2	2	87	2	2	31	62	25	38	1	52	47
35	3	1	83	35	5	24	28	34	78	1	48	40
27	3	2	143	3	3	26	10	31	115	0	31	31
26	5	2	101	8	4	27	40	31	71	0	41	33
29	3	2	79	11	8	26	35	28	55	3	55	36
18	3	3	117	4	1	36	40	20	87	1	32	32
28	1	1	100	3	3	34	45	27	52	0	49	43
36	3	1	101	5	4	23	34	36	83	1	32	26
24	4	2	104	3	2	28	40	26	81	2	31	28
32	2	2	111	3	3	26	42	33	81	0	33	33
38	1	1	85	3	3	24	51	36	42	1	50	40
11	4	4	113	29	2	34	15	19	84	2	57	49
17	3	3	106	9	2	37	42	20	83	1	31	30
36	3	2	93	7	3	21	33	37	63	1	45	35
31	1	1	132	3	3	31	20	29	97	1	40	40
30	2	2	97	5	4	26	46	31	53	0	47	42
27	3	2	110	4	3	30	33	28	60	1	59	53
35	2	1	141	2	2	25	16	33	105	2	35	35
37	2	1	139	2	1	23	20	36	101	0	36	36
40	1	1	85	3	2	22	63	35	49	3	37	34
23	5	2	135	5	2	32	19	27	103	0	35	34
27	3	1	72	19	6	32	55	26	61	2	30	21
41	3	1	101	11	5	18	24	41	57	1	62	44
30	2	2	76	15	3	28	59	31	36	0	52	36
13	4	2	92	16	2	41	49	17	60	0	46	46
17	2	1	100	3	2	43	50	16	79	1	26	24
24	2	2	144	3	2	34	10	25	111	0	36	36
30	4	2	100	9	9	22	36	34	62	1	52	42
36	1	1	112	2	2	26	45	34	64	1	43	42
20	5	2	131	5	2	35	21	24	95	0	39	37
19	3	3	105	5	4	35	31	22	65	0	52	47
17	3	2	117	3	2	40	29	19	78	0	45	40
26	2	2	104	6	3	30	32	25	60	2	57	53
18	2	1	133	2	1	42	26	18	81	0	51	51
34	5	3	105	15	3	18	32	39	80	1	38	30
20	5	2	145	2	1	35	14	23	103	1	41	41
15	3	3	118	18	3	31	18	23	107	0	30	27
22	3	1	121	9	5	37	24	22	96	1	37	37
24	3	1	101	9	4	35	43	25	62	0	47	42
31	1	1	122	3	2	31	32	30	71	0	51	47
19	2	2	92	5	3	39	51	20	49	0	51	48
26	2	2	102	10	4	30	36	26	87	1	29	21
40	1	1	90	21	2	22	46	38	49	0	59	42
21	2	1	124	4	1	39	33	21	96	0	30	30
25	2	1	68	15	4	35	48	25	28	0	61	41
25	2	1	66	11	4	35	50	24	28	1	62	44
21	2	1	95	8	3	39	50	20	48	1	57	51
25	2	1	108	2	2	35	49	25	65	0	43	41
26	2	2	114	2	2	32	37	25	83	1	31	29
24	2	2	85	4	3	34	50	24	38	1	60	53
35	2	2	94	16	4	23	42	36	53	0	57	45
33	3	2	131	2	2	22	22	34	99	1	32	30
33	4	2	91	12	2	23	50	35	63	1	35	30
40	3	2	103	11	6	17	28	39	76	3	47	40
25	1	1	62	4	4	37	62	22	22	2	55	37
37	2	1	116	6	2	23	37	37	88	0	31	29
20	2	1	156	1	1	40	5	19	126	1	29	29
33	4	1	119	2	2	25	36	34	90	1	30	30
22	2	2	85	6	6	36	40	23	48	0	55	39
36	1	1	86	17	9	26	38	34	54	1	59	44
15	5	2	71	14	3	38	46	18	37	2	64	40
12	2	2	134	3	2	42	20	15	91	0	45	45
21	2	1	101	7	2	39	49	21	76	0	30	29
35	2	2	137	6	3	23	12	33	94	0	49	47
36	2	1	94	4	2	24	51	36	59	0	42	39
10	3	2	135	7	3	41	14	15	105	0	38	37
32	2	1	120	4	2	28	29	29	56	2	66	62
26	4	1	68	7	5	32	48	27	39	1	55	36
25	4	2	80	6	6	27	62	28	58	2	34	30
13	3	3	123	10	3	38	19	18	100	1	34	30
37	2	1	108	2	2	23	49	36	80	1	28	28
24	3	3	101	4	4	30	39	28	69	0	42	40
43	1	1	92	8	3	19	41	40	54	1	47	39
16	3	3	125	9	3	33	22	22	78	0	55	52
38	2	2	99	4	3	20	40	37	57	1	50	42
27	2	1	140	4	2	33	13	27	101	0	43	43
26	1	1	143	3	1	36	15	24	103	0	39	36
31	1	1	156	2	1	31	3	29	127	1	27	27
47	1	1	134	6	4	15	17	43	101	3	40	40
33	2	2	126	3	3	25	27	34	82	0	48	47
32	3	1	118	3	2	27	34	30	58	2	60	56
32	2	2	148	2	1	24	11	33	115	0	32	32
34	2	2	105	9	2	24	43	35	64	0	43	40
28	3	2	56	28	6	29	47	27	56	3	42	30
13	2	2	129	3	2	45	25	14	90	0	42	41
15	2	2	108	4	3	43	44	16	74	0	36	35
32	1	1	80	7	3	30	60	29	67	2	23	20
32	2	1	88	5	4	28	50	29	49	3	47	40
27	3	2	151	2	1	28	8	28	76	1	72	37
31	2	2	122	4	3	25	28	31	100	2	26	25
33	1	1	139	2	1	29	20	28	80	4	59	59
23	3	1	99	4	2	36	48	23	75	1	28	26
26	2	2	73	4	4	32	62	26	38	1	46	37
28	3	2	103	8	6	29	36	30	52	0	61	51
32	5	3	97	15	5	20	26	37	63	1	58	48
38	1	1	138	3	2	24	18	36	106	1	34	34
20	4	2	112	8	7	36	27	22	91	0	38	33
36	3	1	88	15	3	23	43	37	55	0	52	44
37	2	1	108	8	3	23	36	35	91	1	26	23
18	3	2	121	5	2	37	27	20	96	0	30	30
23	2	1	102	9	7	37	32	22	69	1	50	46
15	3	3	120	7	2	37	28	20	86	0	42	40
24	3	2	139	2	2	33	18	26	85	0	54	54
29	2	1	116	3	1	31	42	29	60	0	52	52
28	3	2	87	3	3	29	54	30	48	0	44	37
13	3	2	117	9	5	42	17	16	85	0	50	48
21	2	2	84	13	3	37	44	22	50	0	47	38
30	1	1	134	6	1	32	21	29	113	0	25	24
22	5	3	111	7	2	27	35	28	63	1	56	53
33	5	2	133	4	2	20	18	37	95	1	43	42
31	3	1	74	6	4	28	55	30	45	1	46	37
32	1	1	80	11	5	30	46	29	57	2	42	26
42	2	1	123	3	3	18	26	41	70	1	52	46
32	2	2	70	7	5	26	53	32	57	1	37	27
20	2	2	147	1	1	34	14	22	116	1	29	29
36	2	1	80	7	6	24	41	35	42	1	57	41
18	3	2	73	15	4	35	48	21	78	1	25	23
25	2	1	92	2	2	35	61	24	53	1	39	37
38	1	1	89	3	3	24	50	35	46	2	54	44
25	2	2	136	3	2	31	20	26	98	0	39	39
13	4	3	125	7	3	42	20	16	98	1	37	37
21	1	1	147	1	1	41	14	20	115	0	29	29
16	2	2	115	3	2	36	41	19	93	1	23	23
16	3	3	73	20	6	34	38	22	70	0	41	36
21	1	1	80	7	5	41	59	19	26	1	59	51
15	2	2	93	4	3	43	53	15	55	1	41	38
18	1	1	149	4	3	44	5	17	110	0	43	43
29	4	2	128	13	2	27	16	29	105	3	33	32
32	1	1	106	2	2	30	51	31	69	0	37	37
31	2	1	97	5	3	29	41	29	61	2	40	35
22	2	1	110	2	2	38	47	22	68	0	41	40
39	1	1	120	2	2	23	35	38	75	0	45	45
32	4	3	130	17	4	21	4	37	112	0	39	35
13	3	2	105	10	7	36	26	19	75	0	52	46
28	4	2	87	14	8	26	34	32	60	0	54	40
39	2	2	89	5	2	19	59	38	59	1	34	32
36	4	2	88	11	6	20	47	36	66	1	38	30
29	3	3	77	26	4	27	45	31	43	1	63	47
35	1	1	94	5	3	27	43	32	60	2	44	36
29	3	2	131	4	3	24	23	30	109	1	23	23
21	3	2	109	7	6	34	27	24	71	0	54	51
39	3	1	104	21	3	20	31	40	51	0	67	46
20	2	2	122	4	3	38	27	21	81	0	46	45
29	2	2	141	4	2	25	14	31	116	1	26	26
23	4	2	82	10	4	31	43	24	36	1	59	35
15	2	1	112	3	2	45	34	15	84	0	35	35
34	2	1	89	7	7	26	40	34	63	0	48	40
41	2	2	132	9	1	17	20	41	97	1	41	40
21	1	1	138	4	2	41	17	19	94	0	46	46
19	2	2	117	7	4	39	26	20	88	0	41	40
24	2	2	101	4	2	34	46	25	78	0	30	29
18	2	2	142	2	2	40	13	18	95	1	49	49
20	4	3	83	10	6	28	38	26	74	1	37	29
38	1	1	90	7	4	24	39	36	63	0	46	31
39	4	2	126	14	2	17	19	38	108	3	29	29
21	1	1	94	2	2	41	63	20	48	0	45	45
21	1	1	124	1	1	41	37	20	84	0	37	37
41	2	1	117	5	3	19	34	39	66	1	54	52
29	2	2	71	9	4	29	52	29	44	1	45	32
46	1	1	99	7	4	16	31	43	71	2	46	34
33	2	1	150	1	1	27	11	33	116	0	32	32
32	2	1	139	2	1	28	20	31	107	0	30	30
37	2	1	117	2	2	23	36	36	79	1	38	37
26	1	1	124	3	3	36	27	25	86	0	43	40
14	3	2	97	13	4	43	32	15	78	1	41	39
38	3	2	76	25	5	19	36	39	64	1	48	32
40	3	2	133	12	1	17	16	42	94	0	42	36
32	5	2	106	6	5	23	35	35	84	1	34	32
15	2	2	94	12	2	41	45	16	78	0	30	26
35	2	1	90	4	3	25	55	35	61	0	37	33
30	2	1	149	2	1	30	10	28	125	2	22	22
27	2	2	100	7	6	27	30	27	70	3	48	48
30	2	2	126	6	3	26	20	28	95	2	38	36
34	2	1	153	1	1	26	8	33	115	1	36	36
25	4	2	130	8	2	29	21	29	102	0	33	33
18	5	3	151	3	1	34	7	23	111	1	40	40
29	2	2	132	2	2	29	23	30	80	0	54	52
40	1	1	100	5	3	22	45	38	62	0	47	41
35	1	1	133	13	2	27	13	33	90	0	52	48
37	1	1	94	3	3	25	53	35	39	1	57	50
29	1	1	70	9	6	33	55	26	41	2	48	32
31	2	1	68	5	4	29	57	29	39	2	46	31
41	4	3	136	16	3	14	6	41	111	2	39	37
23	4	3	115	4	3	29	27	26	71	3	50	48
33	1	1	111	2	2	29	42	32	82	0	31	30
37	2	2	90	6	6	21	38	36	49	1	55	44
26	2	2	78	11	5	32	49	27	59	0	39	27
41	2	1	97	17	4	19	33	39	67	0	49	32
20	3	2	134	2	2	37	23	20	95	1	39	38
32	2	1	110	8	3	28	36	30	94	2	24	22
32	2	1	89	13	4	28	41	32	73	0	35	26
17	5	3	118	4	2	35	33	20	82	2	41	40
27	2	2	116	6	6	31	21	28	71	0	56	49
31	5	2	86	28	5	22	34	34	74	2	43	38
22	3	1	106	3	2	37	44	22	57	1	52	51
35	3	2	88	5	5	20	36	36	79	2	32	27
25	2	2	79	12	9	33	55	25	59	0	43	35
31	2	1	90	8	3	29	40	31	70	0	37	25
47	2	1	100	16	3	13	33	45	60	2	51	41
38	4	2	118	27	1	16	16	40	89	1	54	54
36	2	2	82	13	4	22	45	36	48	1	49	37
27	2	2	60	16	6	29	46	28	26	1	61	34
35	3	2	86	12	6	22	49	37	63	0	42	34
29	2	1	82	8	2	31	57	29	53	0	40	33
30	3	3	82	8	6	22	50	33	51	2	41	38
28	1	1	94	4	3	34	53	27	68	0	29	27
43	2	1	109	8	7	17	26	41	91	2	36	29
34	1	1	101	6	2	28	46	32	76	1	32	30
33	2	2	146	3	2	25	10	32	102	1	44	44
30	2	1	80	3	2	30	60	28	38	1	51	45
15	2	2	131	3	2	43	25	16	85	0	48	48
32	2	1	80	7	3	28	63	31	58	1	28	24
14	2	2	131	2	1	40	28	16	90	1	41	41
31	4	2	110	9	3	25	31	32	86	2	31	31
38	3	2	88	16	4	17	36	38	54	0	54	37
37	1	1	99	3	3	25	50	35	67	0	38	33
33	2	1	123	2	2	27	30	32	71	1	51	50
33	3	2	114	4	4	24	33	33	75	2	46	44
31	2	1	73	6	6	29	43	29	29	2	69	45
25	2	1	85	2	2	35	60	25	44	0	46	41
35	2	2	92	7	6	23	31	33	41	1	66	50
31	2	2	94	4	3	27	49	31	79	1	24	23
42	2	1	120	5	4	18	30	40	71	2	48	47
29	3	3	104	6	4	22	41	35	78	0	33	33
17	2	2	106	9	4	41	34	17	83	0	36	35
25	2	2	81	7	3	33	58	24	66	1	25	22
25	4	3	114	12	3	26	20	29	84	2	48	47
36	2	1	81	14	4	24	41	35	39	1	58	39
38	1	1	130	2	2	24	27	36	97	1	34	34
44	1	1	112	4	2	18	41	41	67	2	44	42
30	3	1	85	5	4	29	47	29	59	2	38	27
26	2	1	109	3	2	34	45	25	61	1	48	45
33	2	1	86	2	2	27	59	32	56	1	35	30
14	3	2	81	8	7	41	55	15	63	2	34	31
41	1	1	157	3	1	21	1	39	118	1	37	37
15	2	1	118	1	1	45	43	14	63	0	51	42
19	1	1	112	2	2	43	41	17	67	1	47	47
12	4	2	125	3	3	42	26	15	93	1	36	34
38	3	2	113	4	3	19	37	36	91	3	27	26
39	3	2	91	5	5	18	40	39	61	2	48	39
21	4	3	143	1	1	32	18	25	101	1	41	41
17	1	1	137	2	2	45	20	16	91	0	45	44
24	2	2	143	7	1	32	11	25	114	0	32	32
23	1	1	102	7	2	39	50	22	81	0	25	24
19	3	2	75	14	5	36	56	21	45	1	51	38
36	2	1	159	1	1	24	2	35	118	1	40	40
23	2	2	108	8	3	35	33	23	51	1	66	56
30	1	1	87	4	3	32	59	29	52	0	40	36
28	1	1	83	10	3	34	54	27	33	0	61	47
24	1	1	78	6	4	38	49	23	43	0	50	36
26	1	1	100	10	3	36	37	24	50	0	60	48
30	3	1	90	7	3	29	42	29	76	1	30	28
25	1	1	67	33	3	37	50	23	50	1	53	34
19	2	2	88	5	3	35	56	21	49	1	46	41
17	2	2	130	2	1	39	29	19	82	0	47	47
28	3	2	112	4	3	27	36	29	69	0	45	39
12	5	2	119	9	5	43	24	14	92	1	39	37
44	1	1	114	6	6	18	25	39	82	3	44	41
28	3	2	101	3	3	29	46	30	70	0	36	33
21	2	2	141	3	2	31	13	24	107	1	35	35
34	2	1	106	3	2	26	46	33	75	0	31	29
42	2	1	123	3	3	18	26	41	70	1	52	46
35	2	2	109	2	2	23	42	36	71	0	39	36
26	2	2	140	5	1	32	16	26	95	0	47	47
22	3	2	128	4	2	33	27	25	89	0	40	38
29	4	4	131	20	3	23	7	33	97	1	53	33
36	2	1	92	7	6	24	31	36	50	0	57	40
17	2	1	143	2	1	43	16	17	107	0	36	36
18	3	1	96	3	2	41	54	19	58	0	42	40
32	3	2	100	6	4	19	41	34	54	0	52	34
21	2	2	134	1	1	37	27	21	102	0	31	31
28	2	1	125	5	3	32	21	28	100	0	31	28
26	2	2	71	10	4	28	51	27	33	1	57	38
34	3	1	89	12	9	25	40	33	58	1	51	36
26	3	3	65	14	5	24	52	30	30	2	57	35
34	3	2	96	10	3	23	36	34	73	1	38	30
19	2	2	69	17	6	39	38	20	43	0	60	40
23	5	2	141	2	1	32	18	25	85	2	54	54
19	3	2	87	9	8	34	49	22	61	0	44	38
35	2	1	144	5	2	25	10	34	117	1	28	26
20	2	1	97	3	3	40	40	20	76	0	32	27
23	2	1	110	2	2	37	39	22	56	1	54	50
32	3	2	142	2	2	25	15	34	110	0	32	32
9	3	2	111	3	2	44	39	12	73	1	41	40
18	2	2	82	9	3	40	54	19	56	0	40	33
26	4	1	68	7	5	32	48	27	39	1	55	36
17	2	2	84	5	3	39	59	18	55	0	38	37
29	3	2	80	27	4	22	38	34	69	0	43	40
16	3	2	100	8	3	39	40	19	75	0	38	37
36	2	2	119	3	3	22	24	37	65	0	52	49
32	2	2	92	5	3	26	55	31	57	2	40	38
32	2	1	81	5	4	28	46	32	47	0	47	33
16	3	3	112	3	2	34	34	21	89	1	29	28
15	3	3	83	12	4	41	55	17	51	1	49	48
35	2	1	87	23	3	25	43	34	56	1	52	32
35	2	1	125	2	2	25	32	33	83	0	39	39
20	4	2	102	5	5	32	37	24	74	1	41	40
28	3	2	112	4	3	27	36	29	69	0	45	39
21	4	2	101	19	7	29	21	25	92	2	38	27
24	2	2	75	12	7	34	35	25	48	0	61	42
21	2	2	78	2	2	37	59	19	55	2	30	26
14	3	2	129	11	4	35	17	20	94	0	47	45
19	3	2	87	9	8	34	49	22	61	0	44	38
23	3	3	84	6	3	27	62	28	45	1	45	43
32	4	2	134	17	1	24	10	35	105	0	43	40
31	3	2	137	14	1	26	10	32	92	1	56	54
22	6	3	117	4	2	31	28	26	82	1	41	39
30	3	1	78	7	4	29	51	29	32	1	61	47
34	2	1	102	4	2	26	45	33	74	1	33	32
16	2	1	110	4	3	44	37	16	66	0	49	48
28	2	2	119	7	2	30	31	29	75	0	47	45
30	4	1	83	17	4	28	40	32	43	0	64	47
12	4	4	114	13	3	40	29	18	85	0	41	39
29	1	1	123	2	1	33	36	28	80	0	42	42
24	3	3	94	6	4	27	47	30	69	0	36	34
26	2	1	131	4	1	34	26	24	79	2	54	53
29	2	1	82	5	4	31	51	28	53	1	41	36
23	3	2	151	2	1	30	8	24	114	1	34	34
19	3	2	147	2	2	38	8	21	113	0	34	34
42	1	1	113	11	3	20	26	41	80	0	45	42
30	4	3	89	7	6	20	40	36	61	1	44	32
30	2	2	118	2	2	28	35	31	64	0	54	54
14	1	1	124	2	1	48	35	13	77	0	47	47
37	1	1	149	1	1	25	12	34	113	1	35	35
22	3	2	75	17	7	33	28	25	46	0	67	37
24	1	1	143	2	2	38	14	23	108	0	36	36
28	2	2	110	4	3	30	38	28	84	1	32	30
26	2	1	70	4	4	34	58	25	24	1	57	41
19	3	2	105	6	5	34	37	21	56	2	61	52
38	3	1	98	7	6	21	31	38	83	1	38	31
24	2	2	85	3	3	32	58	25	40	1	54	46
34	3	2	96	5	4	23	48	34	57	0	43	40
22	4	4	77	11	5	28	37	28	44	1	56	40
31	4	4	76	15	4	21	45	36	52	1	49	35
22	2	2	148	1	1	34	13	24	101	0	46	46
31	3	1	113	5	3	28	30	29	90	3	32	31
31	2	1	144	3	2	29	12	30	88	1	58	58
35	2	1	131	3	2	25	23	32	106	3	26	26
17	2	2	102	16	4	39	33	18	81	1	40	33
18	6	2	133	11	3	34	14	23	100	1	43	41
39	2	1	98	6	4	21	41	37	50	1	52	44
46	1	1	107	15	4	16	25	43	76	1	49	39
14	2	1	115	12	4	46	28	13	84	0	45	40
36	3	2	141	10	2	21	6	38	114	0	35	33
33	3	1	139	6	1	26	16	33	115	1	28	28
29	2	2	158	1	1	27	3	29	109	2	47	47
42	1	1	105	3	3	20	42	38	68	3	40	39
25	2	1	81	17	4	35	48	25	56	0	44	33
20	4	3	118	14	6	29	17	27	93	0	46	39
39	2	2	89	4	4	19	52	39	53	1	42	36
23	3	1	152	4	1	36	5	23	126	1	27	26
20	3	2	104	17	6	37	27	22	79	0	50	46
35	3	2	100	10	2	22	39	36	63	1	48	39
31	1	1	75	9	5	31	48	30	34	0	60	43
36	2	1	90	7	4	24	43	31	57	2	46	37
25	1	1	92	5	2	37	52	24	70	0	30	25
33	1	1	76	3	2	29	64	31	31	1	45	36
17	3	2	126	4	4	36	19	21	104	0	31	31
26	3	1	77	16	6	33	49	27	42	0	55	41
21	2	2	134	1	1	37	27	21	102	0	31	31
37	2	1	139	2	1	23	20	36	101	0	36	36
26	2	2	73	3	3	32	68	25	46	1	35	33
34	2	2	122	16	2	24	15	35	95	0	45	36
39	2	2	93	15	2	17	47	39	60	1	45	33
32	2	2	78	9	5	26	56	32	47	1	46	32
41	3	2	129	5	2	16	23	41	96	2	36	33
31	2	2	117	18	2	21	24	32	108	1	24	20
14	2	2	127	10	2	42	20	16	85	0	50	46
25	3	2	93	5	5	30	39	25	38	2	68	57
32	2	1	97	5	5	28	36	31	56	1	55	45
28	5	2	79	7	4	23	53	32	48	2	47	40
23	3	3	125	2	2	33	32	25	82	0	42	41
29	4	2	102	7	5	23	31	32	86	2	32	28
44	1	1	132	3	2	18	16	41	90	2	48	46
37	2	1	142	5	3	23	11	36	99	1	47	47
38	1	1	141	3	1	24	17	36	97	1	44	43
16	3	2	138	3	3	35	15	20	101	0	40	40
36	1	1	129	7	2	26	17	34	74	1	62	57
19	1	1	151	1	1	43	10	18	96	0	52	52
27	3	1	100	4	4	32	48	27	68	1	33	30
26	2	1	120	3	2	34	34	24	93	1	28	27
25	1	1	148	3	1	37	10	24	90	0	58	57
32	4	1	107	10	2	26	38	32	72	1	43	38
21	1	1	147	1	1	41	14	20	115	0	29	29
29	3	2	77	19	9	22	37	32	44	1	64	37
28	2	2	82	6	2	28	69	29	55	1	28	25
23	3	2	134	4	1	30	23	27	98	0	35	35
20	3	2	152	2	2	35	5	23	109	0	44	43
36	3	2	126	4	2	21	27	38	90	0	37	37
20	4	2	87	4	4	34	41	22	49	2	54	50
24	3	1	83	3	2	35	59	25	47	0	40	36
21	1	1	92	3	2	41	54	19	44	1	52	48
21	2	2	113	11	5	33	30	23	102	1	23	22
17	3	2	100	16	3	38	30	18	72	0	49	48
28	2	2	102	12	7	26	29	29	52	1	68	54
38	1	1	109	7	3	24	38	37	67	0	49	44
25	2	2	75	3	3	31	62	24	52	3	28	24
30	4	2	84	9	4	26	40	32	45	1	54	45
33	2	2	99	6	3	25	39	34	77	0	33	29
20	2	2	104	2	2	38	47	20	74	0	32	31
37	2	1	140	1	1	23	21	36	91	0	48	48
37	4	1	116	8	2	21	29	39	82	0	39	36
39	3	1	88	14	4	20	46	38	42	2	54	39
29	2	2	122	16	7	29	16	29	95	0	46	39
26	4	2	143	2	2	26	12	31	96	0	49	49
20	5	3	77	23	5	34	44	24	47	1	58	38
29	3	2	151	1	1	28	10	30	119	1	30	30
27	2	2	102	3	2	31	46	27	68	1	39	37
28	2	1	82	3	2	32	70	28	46	0	37	36
44	2	1	101	19	3	16	26	41	92	3	31	25
23	2	2	76	7	5	31	39	25	47	0	53	36
28	2	2	60	5	4	28	65	27	46	3	30	28
26	1	1	113	4	2	36	40	24	91	1	25	24
20	4	4	144	4	3	27	8	26	100	1	48	48
28	3	1	136	4	2	31	19	29	106	0	33	32
23	4	1	118	4	2	35	27	22	93	3	30	28
37	2	1	93	6	4	23	44	37	64	0	43	34
38	1	1	92	5	4	24	44	36	39	1	58	48
26	3	2	116	6	3	29	21	28	99	0	31	28
33	1	1	95	7	4	29	50	32	45	0	56	50
18	2	2	97	7	5	40	36	19	85	0	32	32
29	4	1	88	7	6	29	48	30	52	1	49	40
35	2	2	104	9	7	19	31	37	76	1	47	42
33	2	1	150	4	1	27	7	32	93	0	55	54
36	2	1	96	4	3	24	37	35	45	1	59	47
27	2	1	87	8	6	33	29	27	53	0	58	44
27	3	1	73	5	4	32	63	26	58	2	28	24
34	3	2	83	5	4	23	55	34	38	1	56	45
39	2	1	110	8	4	21	30	39	55	0	58	48
23	1	1	89	2	2	39	62	22	46	0	45	42
32	2	2	138	3	3	26	17	32	105	1	34	34
31	2	2	113	3	2	25	37	33	71	0	44	40
36	1	1	76	4	4	26	55	34	35	1	50	39
42	1	1	125	2	2	20	32	38	98	3	26	26
31	2	2	105	2	2	27	46	32	77	0	29	28
32	4	3	84	8	5	23	39	35	49	1	55	40
15	3	3	79	15	4	34	43	20	64	1	42	36
36	2	1	80	7	6	24	41	35	42	1	57	41
24	4	1	79	6	4	34	58	25	31	1	55	46
35	2	1	117	6	4	25	30	33	89	2	35	35
34	2	2	93	15	10	20	27	36	50	1	68	43
33	2	2	82	11	6	25	43	33	57	1	49	35
25	3	2	81	7	4	30	50	27	41	1	54	45
30	4	1	92	4	3	28	52	32	61	0	38	37
30	2	1	67	11	4	30	63	27	40	2	43	30
20	2	1	86	6	2	40	57	19	52	1	43	37
26	1	1	129	1	1	36	32	25	95	0	32	32
29	2	2	68	5	3	29	64	28	48	2	34	28
33	2	1	107	3	3	27	44	30	89	2	21	21
29	3	2	71	6	5	28	56	29	60	2	29	26
45	1	1	119	11	5	17	17	42	73	2	55	43
22	2	2	77	17	9	34	49	22	44	1	56	41
19	3	2	100	2	2	34	55	23	56	0	45	44
32	1	1	130	2	1	30	29	31	81	0	46	46
30	3	2	84	11	3	25	54	31	33	2	57	46
23	3	3	66	11	6	29	55	23	22	4	63	40
16	2	1	101	4	2	44	52	16	58	0	45	43
13	2	1	128	12	2	47	19	12	83	0	54	50
13	2	2	98	20	6	39	26	17	87	0	37	29
27	2	1	68	10	4	33	55	27	33	0	50	35
16	2	1	123	6	3	44	23	16	86	0	46	44
31	4	2	85	17	4	23	38	35	52	0	58	40
38	2	2	108	2	2	20	39	38	56	1	54	49
11	2	2	129	17	2	41	13	13	110	0	33	29
42	2	2	117	14	3	16	23	41	84	2	47	41
23	2	2	75	7	4	35	50	24	44	0	47	38
11	2	2	115	18	3	45	25	13	88	0	44	43
21	2	2	58	16	7	37	65	20	36	1	46	41
31	1	1	145	4	2	31	8	30	112	0	36	34
40	1	1	107	6	4	22	40	37	53	2	58	52
25	3	2	109	8	3	30	39	27	90	1	28	27
22	2	2	147	1	1	36	14	23	92	0	52	52
44	2	1	117	7	6	16	22	43	90	1	41	40
15	3	3	86	16	5	37	36	19	66	0	45	39
32	1	1	102	7	4	30	36	31	86	0	31	23
26	3	1	98	6	2	33	51	24	74	2	27	26
13	3	3	112	4	4	39	32	17	85	1	35	33
41	2	2	99	9	7	15	19	40	72	1	53	38
27	2	2	148	5	1	31	8	26	112	2	39	39
17	3	1	102	3	3	42	51	16	83	2	23	23
30	4	2	87	14	5	24	40	33	49	1	63	53
39	2	2	107	6	3	17	37	38	75	2	40	39
18	2	1	128	2	1	42	31	18	84	0	44	44
35	3	3	120	5	3	19	23	38	89	1	42	41
32	3	1	118	3	2	27	34	30	58	2	60	56
32	2	2	148	2	1	24	11	33	115	0	32	32
34	4	2	135	11	3	22	10	36	109	1	38	35
13	4	3	125	7	3	42	20	16	98	1	37	37
21	1	1	147	1	1	41	14	20	115	0	29	29
25	3	2	97	6	6	28	46	28	53	1	53	50
23	2	2	144	2	1	33	15	23	109	1	34	27
32	1	1	88	6	4	30	51	31	69	0	30	27
12	3	2	96	24	7	43	21	13	89	2	41	38
15	2	2	93	16	2	43	38	14	63	2	49	39
33	2	1	86	5	3	27	53	32	60	1	35	30
22	2	2	63	7	6	32	39	23	37	1	62	37
27	2	2	120	3	2	29	36	29	69	0	52	51
16	2	1	88	7	2	44	60	16	49	0	45	41
39	1	1	138	2	2	23	19	36	105	1	31	31
30	3	2	152	4	1	25	5	30	115	2	38	37
25	2	2	94	3	3	31	52	27	65	0	34	29
39	2	1	158	1	1	21	3	37	115	1	40	37
30	2	2	117	3	2	26	35	31	72	0	48	47
21	2	2	104	7	3	37	41	22	71	0	42	40
17	4	2	82	11	3	35	58	22	47	0	45	41
25	2	2	138	10	2	31	11	26	101	0	45	41
28	2	1	74	11	6	32	51	27	51	1	47	37
19	2	1	114	4	1	41	43	19	80	0	35	33
13	3	2	91	7	4	42	45	15	67	1	40	35
18	1	1	94	4	4	44	49	16	70	0	35	35
17	3	2	125	2	2	38	32	18	74	1	52	52
11	3	1	102	18	3	48	29	10	91	1	32	30
13	3	2	91	7	4	42	45	15	67	1	40	35
26	3	1	91	6	3	33	45	26	47	0	56	49
21	3	2	127	8	8	34	16	23	94	1	47	43
38	3	2	90	5	4	19	43	39	45	1	49	38
27	2	2	144	3	1	31	14	27	106	1	38	38
38	2	1	130	3	2	22	22	37	79	0	52	50
28	3	1	90	7	4	31	53	28	61	1	36	30
42	1	1	113	11	3	20	26	41	80	0	45	42
34	2	1	89	7	7	26	40	34	63	0	48	40
19	2	1	129	3	3	41	20	18	108	1	25	25
38	1	1	96	4	2	24	55	36	64	1	36	34
22	4	2	77	8	8	34	62	23	42	2	47	39
15	2	2	130	3	2	43	26	14	75	1	57	56
18	4	2	125	3	2	32	31	23	97	1	28	28
40	3	2	138	5	3	15	12	41	111	2	34	34
46	2	1	115	11	4	14	27	45	83	1	44	37
19	4	2	132	2	2	31	25	23	83	1	47	28
17	3	3	82	17	5	33	39	23	70	0	38	31
21	3	2	61	19	4	34	53	23	35	1	55	33
15	3	2	92	11	9	38	43	18	80	1	31	30
21	2	1	103	8	3	39	41	21	56	0	58	56
22	2	2	85	5	4	32	52	25	55	0	42	37
28	1	1	79	8	5	34	50	25	50	1	45	33
27	3	2	68	8	7	30	48	27	39	1	51	35
15	3	2	96	8	6	36	33	19	59	0	56	45
37	2	2	98	6	5	21	37	38	58	0	54	43
30	2	1	82	4	4	30	55	29	41	1	53	42
27	3	1	100	4	4	32	48	27	68	1	33	30
36	1	1	112	2	2	26	41	35	60	0	50	47
24	2	2	138	8	2	32	11	25	102	1	44	42
22	2	1	134	2	1	38	25	22	87	0	45	45
41	1	1	115	4	2	21	40	39	90	1	28	28
41	2	1	109	4	3	19	34	40	59	1	54	42
15	3	2	114	2	2	40	41	18	70	0	45	44
41	1	1	134	16	1	21	11	39	113	1	35	34
23	2	2	75	8	4	35	54	23	58	1	37	32
31	3	2	76	9	4	26	51	31	64	2	33	21
23	3	3	142	4	2	31	13	25	89	1	55	47
29	1	1	103	5	3	33	42	27	72	1	37	35
20	4	2	62	11	3	30	56	23	38	2	43	31
40	2	1	102	10	2	20	43	40	63	0	47	43
36	2	2	152	3	2	20	4	35	92	3	61	59
25	1	1	108	4	2	37	41	23	83	1	29	27
31	2	2	74	27	4	21	29	32	51	1	63	32
28	1	1	94	4	3	34	53	27	68	0	29	27
43	2	1	109	8	7	17	26	41	91	2	36	29
25	3	2	121	2	2	30	32	28	94	0	29	27
16	4	3	118	20	3	35	18	22	91	0	48	41
25	2	2	54	16	3	33	73	23	18	2	56	37
41	2	2	143	2	1	17	16	39	99	2	44	44
30	3	1	139	2	1	29	20	31	99	0	39	39
27	3	3	85	22	5	27	31	30	62	0	57	42
11	4	3	107	5	3	35	38	18	80	2	34	33
26	2	2	127	11	2	30	19	27	72	0	64	59
34	2	1	98	2	2	26	53	32	73	2	28	26
28	1	1	112	3	3	34	35	27	61	0	57	53
34	5	2	88	13	3	21	47	37	49	1	55	47
25	2	2	135	10	1	31	16	27	118	0	25	25
41	3	1	98	21	3	18	39	41	81	0	37	33
25	2	1	130	10	1	35	21	22	95	3	40	39
19	3	2	129	5	2	34	23	22	73	1	60	60
24	2	2	116	2	2	34	37	25	66	0	52	52
35	2	2	93	10	3	23	49	36	72	0	34	32
25	3	3	116	27	2	29	16	28	80	1	60	43
28	2	1	92	2	2	32	65	26	65	1	25	24
26	2	2	99	5	4	30	45	26	62	0	43	36
21	2	2	65	7	5	37	68	20	46	2	34	28
37	2	2	106	11	4	21	25	38	59	0	62	47
20	4	3	151	3	1	35	7	24	110	0	41	40
27	2	2	153	1	1	29	8	27	103	1	47	47
34	4	2	136	4	2	20	17	37	101	0	39	38
28	1	1	101	4	3	34	49	27	69	0	35	31
14	3	3	83	23	7	40	39	17	55	1	58	47
32	3	3	131	5	3	21	18	34	110	2	26	25
18	3	3	82	7	5	32	56	23	61	1	35	32
29	2	2	79	12	9	29	39	30	51	0	54	40
20	3	2	111	7	4	37	28	21	85	0	38	34
25	2	1	98	2	2	35	57	24	65	0	32	32
22	3	2	104	3	3	35	45	24	77	0	29	28
36	3	1	101	5	4	23	34	36	83	1	32	26
18	2	2	86	4	3	40	53	17	39	1	58	50
21	2	2	144	2	1	37	15	21	94	1	50	50
16	4	3	131	13	3	37	14	21	105	0	38	35
14	1	1	89	8	2	48	60	13	49	0	46	43
21	3	2	113	8	5	34	31	24	88	0	36	32
19	1	1	90	6	4	43	48	18	47	0	55	49
40	2	2	114	5	3	18	31	41	75	0	46	41
26	2	1	131	4	1	34	26	24	79	2	54	53
29	2	1	82	5	4	31	51	28	53	1	41	36
24	1	1	119	2	1	38	40	23	66	0	52	52
27	5	2	104	13	4	24	29	33	69	0	52	45
37	3	1	119	3	3	22	27	34	69	3	52	52
32	2	2	115	10	5	26	22	33	62	0	68	55
42	1	1	96	8	3	20	40	38	55	3	51	42
23	2	1	98	4	3	37	47	23	76	0	31	29
26	4	2	95	8	3	30	37	28	69	1	43	39
15	3	2	98	6	3	36	38	19	85	1	27	25
14	4	3	94	21	2	35	40	19	62	2	54	48
43	3	1	109	6	4	16	26	42	78	2	46	37
33	2	1	94	14	6	27	37	31	56	2	62	49
26	3	3	150	2	2	26	7	31	101	0	47	47
34	1	1	86	4	2	28	55	32	44	1	48	40
19	1	1	90	6	4	43	48	18	47	0	55	49
28	2	2	121	10	2	30	26	29	94	0	36	34
22	2	2	70	8	6	32	61	23	46	2	41	32
27	2	2	87	6	3	29	48	28	38	0	59	47
25	2	1	98	6	3	35	42	24	49	1	60	51
16	4	2	117	13	5	36	22	21	100	0	32	29
29	4	2	135	3	2	23	19	33	96	1	42	41
25	4	2	145	2	1	31	14	28	107	0	36	36
30	2	2	72	5	4	28	59	29	32	2	54	41
29	2	2	77	10	2	29	56	29	58	1	35	24
20	3	2	113	19	4	37	20	22	88	0	46	41
18	2	1	136	5	4	42	16	18	88	0	53	52
30	2	1	88	6	5	30	48	29	52	0	50	41
43	2	1	130	10	2	17	17	43	93	0	44	40
22	3	2	155	4	1	33	2	25	109	0	46	46
30	2	2	141	3	3	28	14	31	111	0	33	33
19	2	2	64	8	6	37	52	16	28	3	57	36
26	4	3	101	9	3	29	40	30	53	0	57	45
14	2	2	104	4	3	42	34	16	67	0	49	40
27	2	2	86	7	4	31	59	26	71	1	25	23
31	3	2	117	4	3	24	26	34	89	0	34	32
21	4	3	72	6	3	30	52	24	23	3	58	40
30	4	2	97	30	4	26	25	32	56	1	69	45
37	4	2	135	4	3	17	17	35	94	1	42	37
36	5	2	92	13	3	19	37	39	50	1	60	44
35	1	1	105	13	2	27	39	33	81	1	35	28
23	4	3	126	9	2	32	18	26	70	1	66	59
43	2	1	106	12	4	17	26	41	59	1	62	51
31	2	2	77	5	4	25	46	29	51	2	40	25
40	2	2	106	6	4	18	40	39	83	2	29	25
34	4	3	140	16	1	21	5	38	116	0	36	34
40	1	1	91	5	3	22	50	37	64	2	35	31
14	4	3	117	11	6	37	17	19	95	1	40	34
17	4	2	71	6	5	39	67	17	41	3	41	38
30	1	1	140	3	1	32	18	25	68	2	68	26
23	2	2	144	3	3	33	11	25	91	0	56	55
20	2	1	79	8	3	40	52	20	61	0	32	29
41	1	1	104	5	3	21	40	39	67	1	44	40
26	3	2	110	5	4	27	33	27	63	2	56	54
14	3	2	81	8	7	41	55	15	63	2	34	31
34	2	1	116	16	3	26	21	33	66	0	69	56
17	2	2	112	7	2	37	34	20	95	0	25	25
41	2	1	85	9	8	19	40	38	60	2	49	40
21	3	2	130	3	3	34	25	23	91	1	41	41
38	2	1	102	5	4	22	38	38	65	0	47	38
23	1	1	142	2	1	39	17	20	110	1	28	28
40	1	1	102	10	3	22	42	39	53	0	51	45
31	4	2	85	17	4	23	38	35	52	0	58	40
38	2	2	108	2	2	20	39	38	56	1	54	49
28	3	1	132	5	2	31	22	28	84	1	51	51
36	3	3	97	16	4	18	42	40	71	0	42	37
36	3	1	115	4	3	23	30	35	69	1	49	28
31	2	1	112	5	3	29	36	30	90	1	29	26
28	1	1	101	4	3	34	49	27	69	0	35	31
17	3	2	138	2	2	38	19	19	88	1	50	50
37	2	2	92	6	2	19	59	38	68	1	29	29
36	1	1	111	3	2	26	39	34	57	1	53	51
22	4	3	77	25	4	27	39	28	66	1	46	26
14	3	2	88	9	4	37	49	18	64	1	34	29
35	3	2	89	15	4	20	35	38	45	0	65	45
42	4	1	102	7	4	16	31	42	64	2	48	41
38	2	2	78	6	4	18	47	38	50	2	44	34
14	3	3	103	10	2	38	46	19	70	0	42	40
29	3	1	68	7	6	30	59	27	54	3	34	25
23	4	3	81	7	3	29	43	27	62	1	39	33
27	2	1	87	5	3	33	50	26	57	1	38	29
28	2	1	69	7	3	32	67	27	32	1	47	36
21	2	2	61	5	4	35	53	21	34	2	48	30
16	4	3	70	17	4	37	45	18	66	1	33	30
19	3	1	87	5	3	40	45	20	55	0	46	40
32	1	1	118	4	3	30	25	28	66	3	60	57
21	3	2	99	6	5	32	41	25	80	0	32	30
40	2	1	106	4	4	20	37	39	65	1	47	42
14	2	2	144	1	1	42	17	16	104	0	39	39
28	2	2	125	5	2	30	27	26	85	2	43	43
33	2	1	84	7	5	27	50	33	51	0	47	38
18	3	2	140	2	1	39	19	19	97	0	41	41
36	2	1	89	6	4	24	41	35	48	0	58	43
32	2	2	131	4	2	24	22	32	92	1	40	40
13	4	2	92	16	2	41	49	17	60	0	46	46
28	2	1	64	15	5	32	48	27	37	1	59	28
13	2	1	115	3	2	47	39	13	78	0	40	40
25	2	1	83	3	3	35	62	24	53	1	32	30
14	4	1	117	19	2	44	23	16	98	0	37	37
26	3	1	72	9	5	33	44	26	32	1	63	46
28	2	2	87	7	5	28	30	28	40	1	70	48
35	2	2	146	1	1	23	15	36	104	0	39	39
18	2	1	105	2	2	42	52	16	57	2	47	47
33	1	1	85	4	2	29	64	30	47	0	40	36
32	3	2	122	3	2	23	28	34	92	0	33	32
18	2	2	90	5	5	40	47	19	66	0	39	33
16	2	1	86	2	2	44	61	14	55	1	37	33
21	2	2	103	4	4	35	43	23	61	0	49	45
27	3	2	102	6	4	24	34	32	57	0	56	48
34	3	2	95	4	2	23	48	35	54	1	47	42
14	2	2	133	6	3	44	15	14	101	1	38	38
28	2	2	110	9	2	30	34	29	90	0	28	27
39	2	1	98	14	6	21	34	38	62	0	54	44
16	2	2	119	10	2	40	30	17	105	1	23	22
41	2	1	114	7	4	19	30	39	68	2	55	52
29	2	2	96	5	5	25	40	31	79	1	31	28
20	2	2	130	5	2	38	24	21	88	0	44	40
26	3	3	113	23	2	28	19	30	102	0	32	22
23	2	1	84	20	4	37	44	22	73	1	34	29
32	5	2	84	24	4	23	32	35	44	1	65	43
39	1	1	114	3	2	23	38	38	79	0	36	32
39	1	1	144	3	2	23	12	36	113	2	32	32
29	3	1	84	5	3	30	43	28	68	1	31	24
18	3	2	88	5	3	37	54	18	56	3	39	36
36	2	1	93	8	2	24	48	35	68	1	33	28
34	2	2	87	5	4	22	43	35	57	1	46	33
18	3	3	132	6	1	34	23	22	107	0	29	29
41	3	2	91	13	5	16	30	40	70	2	47	29
28	1	1	139	2	1	34	20	27	100	0	38	38
28	5	2	84	11	5	27	40	31	48	1	57	36
42	1	1	104	7	4	20	32	38	80	1	38	27
20	3	1	59	10	4	39	57	19	25	2	54	34
23	2	2	103	7	2	33	41	25	81	0	31	29
11	5	4	101	13	4	36	37	19	80	2	37	35
30	2	1	104	9	5	30	37	29	84	0	34	29
23	2	2	63	11	3	33	62	22	36	2	46	32
45	1	1	101	10	4	17	24	43	57	1	60	41
30	1	1	70	4	3	32	51	28	32	1	59	44
16	3	3	112	3	2	34	34	21	89	1	29	28
18	3	3	89	7	5	36	49	21	70	1	30	27
28	2	1	82	3	2	32	60	28	48	0	40	35
29	2	1	116	8	4	31	22	28	99	1	31	28
27	4	2	141	5	2	23	13	33	102	0	42	41
32	3	2	81	8	3	25	59	33	41	1	52	48
25	4	2	138	2	1	29	21	28	90	1	48	48
26	4	2	120	7	2	26	32	30	91	1	34	34
21	2	1	130	7	4	39	16	21	108	0	33	32
38	2	2	68	16	5	20	46	37	50	2	48	36
26	2	2	99	5	3	32	43	26	77	1	29	26
23	1	1	148	1	1	39	13	22	117	0	30	30
30	4	2	88	19	7	26	28	32	78	1	43	31
18	3	2	103	7	4	37	41	21	61	0	51	48
38	4	1	149	8	1	20	4	36	108	4	46	46
18	3	3	81	14	4	32	43	23	76	1	30	24
11	2	2	141	2	1	47	18	11	99	1	41	41
34	3	2	78	11	8	23	40	34	38	2	65	43
29	2	2	77	10	2	29	56	29	58	1	35	24
20	3	2	113	19	4	37	20	22	88	0	46	41
32	5	2	84	24	4	23	32	35	44	1	65	43
39	1	1	114	3	2	23	38	38	79	0	36	32
25	1	1	88	8	5	37	43	24	66	0	40	39
25	4	3	154	3	1	28	4	29	110	1	45	45
31	4	2	94	8	4	23	39	34	59	1	47	42
25	1	1	67	9	3	37	61	21	45	3	42	30
32	3	1	118	3	2	27	34	30	58	2	60	56
32	2	2	148	2	1	24	11	33	115	0	32	32
30	1	1	82	4	2	32	63	27	36	2	50	44
19	3	1	137	3	1	40	21	19	86	1	49	49
16	1	1	100	5	4	46	48	15	69	0	39	38
27	1	1	68	19	5	35	49	26	33	0	61	36
41	2	1	106	13	4	19	26	40	77	1	45	37
21	6	2	84	31	3	33	39	24	60	2	55	40
15	2	2	108	6	4	41	37	17	88	0	30	29
31	6	3	136	9	2	22	12	36	102	1	42	41
33	3	2	79	13	6	22	46	35	43	1	55	45
19	3	2	103	5	4	38	45	21	82	0	29	28
15	3	3	135	5	3	31	16	23	97	0	42	41
45	1	1	107	8	3	17	33	43	70	1	48	38
43	2	1	109	7	4	17	36	38	87	5	31	29
23	4	2	86	8	8	31	49	26	54	1	47	41
31	3	2	99	8	3	24	31	33	65	0	50	35
19	2	1	122	7	1	41	32	17	79	0	46	46
20	2	1	129	7	5	40	17	19	110	1	30	28
16	2	1	83	10	4	44	58	15	51	1	46	39
19	3	3	83	16	6	29	32	24	62	0	55	47
17	3	1	113	7	2	42	39	17	93	1	25	25
27	2	2	83	16	5	31	38	26	27	1	75	50
27	2	2	116	6	6	31	21	28	71	0	56	49
31	5	2	86	28	5	22	34	34	74	2	43	38
22	3	1	106	3	2	37	44	22	57	1	52	51
29	1	1	120	2	2	33	37	28	94	0	27	27
28	2	1	79	4	2	32	68	27	33	1	51	44
29	2	2	79	12	9	29	39	30	51	0	54	40
31	2	1	97	5	3	29	41	29	61	2	40	35
18	4	2	62	18	3	34	64	21	40	1	47	34
34	2	2	145	1	1	24	16	35	104	0	40	40
36	2	2	86	8	6	22	40	36	43	1	61	44
40	3	1	85	9	3	19	50	40	46	1	49	40
21	3	3	131	2	2	33	26	24	82	0	49	48
39	3	2	105	3	3	18	37	38	58	3	52	45
37	1	1	139	3	1	25	19	35	94	1	46	46
19	3	2	116	4	4	38	24	20	73	0	51	48
13	2	1	118	2	1	47	41	13	76	0	40	40
18	3	1	134	1	1	41	27	17	84	0	47	38
31	3	2	83	9	4	26	51	33	44	0	52	42
21	4	2	110	10	4	33	27	25	98	0	27	25
28	2	2	76	3	2	30	62	27	43	2	40	35
33	2	2	88	8	4	21	54	36	59	0	38	34
30	2	2	129	13	3	28	14	30	90	1	52	50
30	3	2	140	2	2	27	13	32	105	0	37	37
22	5	1	145	9	1	35	7	25	96	0	53	52
18	3	3	105	8	2	36	38	21	90	1	26	22
30	1	1	92	3	2	32	62	28	54	1	41	38
36	1	1	112	2	2	26	41	35	60	0	50	47
23	4	1	103	5	2	35	41	22	47	1	60	53
15	5	3	102	10	6	32	26	22	72	1	52	41
47	1	1	109	7	2	15	41	44	69	2	43	38
37	1	1	99	8	3	25	41	35	65	1	44	35
19	2	2	135	2	1	39	24	20	92	0	43	43
31	2	2	86	5	3	25	51	33	54	0	43	37
30	4	3	132	8	4	25	17	34	94	0	46	46
32	5	2	106	6	5	23	35	35	84	1	34	32
17	3	3	135	6	2	33	16	22	99	0	41	40
15	3	2	133	5	1	40	23	16	85	0	51	51
40	3	2	90	7	5	17	45	39	52	2	45	36
25	2	2	138	10	2	31	11	26	101	0	45	41
28	2	1	74	11	6	32	51	27	51	1	47	37
29	2	1	144	2	1	31	15	28	69	0	73	46
16	3	2	137	2	1	39	22	19	97	0	40	40
26	2	1	144	2	1	34	15	25	114	1	29	29
38	3	2	90	5	4	19	43	39	45	1	49	38
26	4	2	111	9	3	30	34	28	59	0	58	54
22	2	2	140	2	2	34	15	23	88	1	54	53
36	3	1	109	7	5	23	26	36	57	0	65	45
30	2	2	80	9	4	26	46	32	53	0	44	29
27	5	3	145	5	1	23	11	33	115	1	33	32
26	2	2	84	4	3	32	56	26	36	1	55	48
20	4	2	79	16	4	34	48	22	40	2	61	49
19	3	2	100	2	2	34	55	23	56	0	45	44
33	4	3	102	16	4	22	35	36	68	0	49	43
16	3	2	109	4	3	39	38	17	86	1	29	26
27	1	1	86	11	5	35	43	24	59	2	47	39
22	2	2	143	2	1	36	16	22	97	0	43	43
16	2	2	72	25	2	42	58	17	45	0	47	38
29	2	1	96	11	4	31	40	28	38	1	70	60
14	2	2	123	5	5	44	23	15	98	0	34	31
16	3	2	119	11	9	39	22	18	100	1	36	34
30	2	2	97	5	4	26	46	31	53	0	47	42
19	1	1	108	3	2	43	44	18	66	0	45	45
23	2	1	104	14	5	37	23	23	72	0	55	42
31	4	1	93	6	4	27	39	31	61	0	44	35
36	1	1	100	8	5	26	42	35	46	0	60	49
34	2	2	90	3	3	24	50	32	60	3	39	34
37	2	2	133	1	1	21	28	35	82	3	50	50
30	3	2	106	6	4	25	38	30	79	2	37	33
29	2	2	83	4	4	29	51	29	68	1	29	27
18	4	3	103	7	5	33	31	22	67	1	52	47
20	3	2	80	14	4	37	57	21	72	1	25	22
45	1	1	122	3	2	17	34	42	78	2	43	42
38	2	1	96	6	3	22	44	35	54	1	51	31
11	3	2	84	15	4	44	46	12	57	2	50	46
10	3	3	115	8	2	40	34	15	90	1	28	28
32	2	2	92	3	2	26	54	32	72	1	27	24
25	2	1	105	3	3	35	41	25	76	0	31	30
26	2	2	85	24	4	32	29	25	53	1	62	34
36	1	1	97	3	3	26	46	34	60	0	43	36
32	1	1	109	6	6	30	31	31	86	0	36	35
35	2	1	133	1	1	25	28	34	103	1	29	29
39	2	2	107	6	3	17	37	38	75	2	40	39
31	4	2	80	17	2	23	46	34	65	1	35	25
31	4	2	107	4	3	23	43	35	64	0	46	45
20	1	1	106	10	2	42	37	19	70	0	47	45
38	2	1	93	7	7	22	37	37	69	1	46	30
35	1	1	159	1	1	27	2	32	120	2	38	38
27	3	2	74	15	4	30	51	29	37	0	59	39
32	3	3	125	11	4	22	18	35	87	1	52	47
32	3	2	133	11	3	25	12	33	95	1	50	48
25	4	2	138	2	1	29	21	28	90	1	48	48
26	4	2	120	7	2	26	32	30	91	1	34	34
14	2	2	119	3	3	40	30	17	77	0	45	44
33	2	2	129	7	4	25	13	34	87	0	53	50
39	2	1	98	4	3	21	44	38	70	1	37	30
15	4	3	129	4	3	37	17	20	92	0	45	44
12	3	2	122	3	2	39	32	16	74	1	51	49
34	3	2	132	3	2	23	22	32	101	3	31	31
33	2	2	73	7	4	21	54	34	53	2	36	28
30	1	1	105	7	6	32	31	29	92	0	30	28
14	3	2	115	7	5	39	21	18	80	0	48	43
13	4	2	92	16	2	41	49	17	60	0	46	46
36	3	2	93	7	2	21	45	37	54	1	50	37
30	2	1	91	8	4	30	43	30	41	0	58	48
32	2	2	115	24	1	26	22	33	76	0	61	46
40	1	1	135	2	2	22	20	37	102	2	30	30
17	3	2	131	6	2	38	22	19	92	0	43	42
36	2	2	81	10	5	20	31	36	56	1	55	31
25	2	1	85	10	7	35	47	22	77	2	27	25
18	2	1	126	2	1	42	33	17	79	1	45	45
39	2	1	82	18	3	21	52	38	36	1	61	44
23	4	2	97	6	5	33	48	26	62	0	42	39
44	1	1	105	8	4	18	38	40	53	3	58	51
35	3	2	95	16	2	22	38	35	76	1	37	31
19	2	2	97	7	4	39	39	20	61	0	50	44
32	3	3	115	9	5	20	23	37	99	0	32	32
40	2	2	109	5	4	12	33	41	79	1	41	34
25	2	1	83	3	3	35	62	24	53	1	32	30
14	4	1	117	19	2	44	23	16	98	0	37	37
32	1	1	91	4	3	30	47	29	32	2	57	49
21	3	2	95	18	3	34	40	24	52	0	61	50
33	2	1	125	3	3	27	22	33	73	0	57	52
23	2	1	134	11	1	37	16	23	77	0	64	61
45	2	1	107	6	5	15	29	42	71	3	51	50
23	2	1	126	4	2	37	29	22	52	0	72	51
26	5	2	90	15	3	29	42	29	65	1	40	31
29	4	4	83	16	3	21	47	35	59	1	42	35
27	1	1	79	5	3	35	56	26	39	0	50	40
40	2	1	119	3	2	20	31	39	75	1	45	43
23	3	2	115	4	2	34	34	25	75	0	46	43
26	3	1	96	12	3	33	39	27	83	0	30	26
27	3	2	105	5	3	26	40	31	73	0	38	34
42	1	1	101	5	4	20	41	39	76	2	30	27
29	3	2	107	2	1	28	52	30	67	1	36	36
37	1	1	99	8	3	25	41	35	65	1	44	35
25	2	1	65	18	4	35	54	24	63	1	31	21
31	2	2	84	4	2	27	63	30	47	1	40	36
37	1	1	98	5	3	25	39	35	57	1	49	39
38	2	2	102	8	5	20	33	37	62	2	54	48
36	1	1	98	11	7	26	34	32	49	3	64	44
29	2	2	128	4	1	27	29	30	104	1	24	24
13	5	2	130	7	2	42	22	16	96	1	38	37
